2 0.691288 0.410148 0.138667 0.234378 0.892256
0 0.231023 0.850715 0.052914 0.25597 0.847919
0 0.916199 0.519695 0.0381401 0.195018 0.836144
0 0.241758 0.362094 0.0433418 0.206232 0.835609
0 0.597642 0.212662 0.0396139 0.163083 0.768572
0 0.289623 0.317104 0.0338255 0.176852 0.723089
0 0.496241 0.280611 0.0284814 0.17152 0.721736
0 0.595496 0.930634 0.0427343 0.138733 0.72045
0 0.733928 0.646847 0.0535984 0.225975 0.700314
0 0.0717139 0.649778 0.0396564 0.286722 0.614018
0 0.263932 0.231827 0.0293522 0.156294 0.60768
0 0.199091 0.173334 0.0350066 0.166505 0.534838
3 0.837059 0.60891 0.127483 0.154525 0.498495
0 0.16411 0.189022 0.0287707 0.160208 0.488663
0 0.0669317 0.707713 0.0354179 0.199577 0.407332
0 0.45224 0.296143 0.0292498 0.155897 0.399657
0 0.340742 0.769962 0.0256881 0.142719 0.396042
0 0.651795 0.231284 0.0265526 0.121461 0.36757
0 0.788082 0.0985028 0.0286362 0.0676839 0.365519
0 0.0715071 0.608653 0.0390572 0.200618 0.338865
0 0.425369 0.285419 0.0335308 0.162204 0.304018
