2 0.69141 0.410645 0.139169 0.2337 0.865134
0 0.916413 0.520896 0.0380119 0.194378 0.852663
0 0.238269 0.325952 0.0375229 0.19193 0.825783
0 0.234276 0.755549 0.0472383 0.236078 0.807584
0 0.0709842 0.622295 0.0383911 0.227257 0.804379
0 0.553974 0.919611 0.0343735 0.159367 0.748879
0 0.461531 0.266644 0.0367031 0.173045 0.725338
0 0.734072 0.649174 0.0531541 0.22255 0.71467
0 0.533012 0.202173 0.0431095 0.159493 0.683195
0 0.125778 0.650509 0.0305834 0.192311 0.679015
0 0.291427 0.350681 0.0315193 0.190928 0.65028
0 0.410792 0.322622 0.0333178 0.180383 0.603573
0 0.610182 0.218868 0.0305788 0.141851 0.566355
3 0.836554 0.609325 0.128312 0.157184 0.553983
0 0.325448 0.333349 0.0308683 0.16724 0.537312
0 0.163619 0.19193 0.0260864 0.150746 0.529749
0 0.198132 0.175755 0.0322876 0.160993 0.529612
0 0.340198 0.769938 0.0268956 0.145853 0.440523
0 0.427534 0.208369 0.0292275 0.141792 0.39213
0 0.433323 0.336043 0.0258865 0.161332 0.380929
0 0.243189 0.106595 0.0341232 0.155894 0.360315
1 0.723268 0.196506 0.0565407 0.0818343 0.313356
0 0.37698 0.289189 0.0390106 0.185705 0.286853
0 0.674905 0.211354 0.0458183 0.168631 0.284332
0 0.272141 0.270985 0.0279037 0.160845 0.253729
