2 0.691597 0.409062 0.139023 0.238038 0.906872
0 0.219789 0.469964 0.0424838 0.220375 0.836
0 0.917362 0.520514 0.0387753 0.193734 0.803959
0 0.0730519 0.622906 0.0421158 0.225407 0.772999
0 0.959513 0.298662 0.0313934 0.174678 0.705189
0 0.427731 0.217702 0.0328892 0.161635 0.698674
0 0.292431 0.234367 0.0302831 0.170489 0.66673
0 0.615072 0.950611 0.0278172 0.0987786 0.612809
0 0.736959 0.643004 0.0612234 0.230044 0.584026
0 0.0135682 0.888982 0.0271363 0.221507 0.577885
0 0.553867 0.216709 0.0302521 0.161556 0.557731
0 0.855359 0.310599 0.0361383 0.16329 0.555148
0 0.476118 0.206211 0.0333048 0.161177 0.537023
3 0.836049 0.60749 0.12988 0.158024 0.527005
0 0.197796 0.175326 0.0300006 0.162129 0.48768
0 0.727683 0.635369 0.0425006 0.21224 0.477962
0 0.122541 0.442866 0.0305573 0.170501 0.427198
0 0.269728 0.21887 0.0282349 0.151056 0.36553
0 0.143164 0.434291 0.027609 0.187736 0.353953
0 0.78773 0.0992252 0.0275602 0.0674885 0.331427
0 0.162524 0.192801 0.0277379 0.146188 0.307042
0 0.753291 0.295687 0.0314363 0.151764 0.299972
0 0.553582 0.241434 0.0270864 0.116784 0.272537
0 0.488339 0.205608 0.0308294 0.15464 0.269129
