2 0.691428 0.411587 0.139378 0.23608 0.858788
0 0.915986 0.521442 0.0377888 0.192453 0.851894
0 0.243274 0.52788 0.0372421 0.207603 0.789158
0 0.209848 0.91546 0.0538241 0.169079 0.763037
0 0.287135 0.534452 0.0358045 0.193986 0.75195
0 0.5331 0.152642 0.0326478 0.163666 0.742386
0 0.50313 0.919374 0.0390627 0.161251 0.742352
0 0.198352 0.652208 0.0606151 0.221952 0.733683
0 0.136179 0.43028 0.0305146 0.168713 0.709004
0 0.500331 0.121113 0.0310833 0.158861 0.703285
0 0.903688 0.11729 0.0274256 0.144525 0.68353
0 0.561213 0.148878 0.0290133 0.142343 0.682036
0 0.813945 0.667513 0.0438311 0.223164 0.64135
0 0.482787 0.499212 0.0334187 0.179543 0.585964
0 0.427729 0.192409 0.0351151 0.210408 0.543756
0 0.453633 0.493471 0.0341581 0.1853 0.503924
0 0.768524 0.064845 0.0294885 0.123222 0.464785
0 0.223596 0.821703 0.0461302 0.134197 0.447235
0 0.228605 0.418623 0.0450959 0.119763 0.431806
0 0.833313 0.0484497 0.0211433 0.0931396 0.403418
0 0.254651 0.198454 0.0352803 0.174412 0.375559
1 0.859916 0.629396 0.0715061 0.109973 0.350355
0 0.484659 0.400156 0.0292327 0.102963 0.323438
0 0.232038 0.119964 0.0300748 0.152889 0.322504
3 0.701365 0.196147 0.0995031 0.105122 0.319416
0 0.15859 0.196801 0.0311572 0.15848 0.293079
1 0.665046 0.201055 0.0323177 0.0960719 0.292768
0 0.695095 0.08635 0.0410301 0.168777 0.292287
