2 0.691302 0.411651 0.138924 0.23543 0.863797
0 0.915683 0.522125 0.0383932 0.194401 0.824114
0 0.298385 0.49403 0.0363757 0.187717 0.811709
0 0.509528 0.925143 0.0393127 0.145898 0.736359
0 0.259058 0.492682 0.0328268 0.206449 0.733569
0 0.885015 0.102862 0.0282673 0.139855 0.707039
0 0.179378 0.881663 0.0500649 0.226519 0.690296
0 0.221133 0.507403 0.0428647 0.209228 0.680888
0 0.503187 0.144761 0.0303977 0.15786 0.662989
0 0.480872 0.462434 0.0396057 0.172372 0.657569
0 0.143286 0.654454 0.0370914 0.232351 0.641702
0 0.543907 0.171584 0.0313955 0.165524 0.639447
0 0.780768 0.65244 0.0475632 0.22073 0.599403
0 0.137352 0.462276 0.0309807 0.168887 0.589267
0 0.579486 0.159483 0.0277395 0.152021 0.568934
0 0.773902 0.0888348 0.0290667 0.131913 0.501501
0 0.446508 0.457075 0.0347717 0.185593 0.466569
0 0.254418 0.21793 0.0349751 0.177785 0.428156
0 0.426719 0.403109 0.0273855 0.156458 0.423821
0 0.162078 0.195807 0.0261396 0.156017 0.35837
3 0.701393 0.198618 0.0998266 0.100279 0.353682
0 0.195403 0.183643 0.0286798 0.155995 0.339199
0 0.187407 0.764588 0.044637 0.139795 0.31676
0 0.427242 0.218804 0.0352207 0.158438 0.315387
