2 0.691294 0.410237 0.138732 0.236872 0.860124
0 0.156036 0.715358 0.0501111 0.233725 0.840387
0 0.250379 0.284549 0.0385756 0.177405 0.82804
0 0.20276 0.733151 0.0418881 0.21227 0.792446
0 0.914271 0.519106 0.0407702 0.193033 0.770133
0 0.483103 0.661681 0.0418673 0.225033 0.760353
0 0.553542 0.926449 0.0439012 0.147102 0.752072
0 0.537835 0.0829572 0.0294123 0.145116 0.728221
0 0.427839 0.642516 0.0373816 0.22419 0.727976
0 0.523852 0.661111 0.0398742 0.19784 0.711788
0 0.502799 0.0715005 0.029272 0.143001 0.650879
0 0.926474 0.220756 0.0338627 0.156181 0.648817
0 0.885266 0.420051 0.032828 0.16433 0.624005
0 0.464201 0.0633272 0.0275541 0.126654 0.538216
0 0.426505 0.216285 0.0305609 0.158489 0.535476
0 0.902369 0.17823 0.0322033 0.162381 0.473387
0 0.983075 0.456708 0.0333359 0.189033 0.432144
0 0.161893 0.193565 0.0310194 0.149599 0.429606
3 0.836154 0.605733 0.125116 0.15269 0.425997
3 0.701259 0.194572 0.10005 0.0986155 0.400739
0 0.250444 0.125026 0.0333966 0.161539 0.38856
58 0.345968 0.306357 0.0486857 0.111246 0.327949
0 0.197985 0.185936 0.0340286 0.15061 0.318011
0 0.833432 0.681307 0.030311 0.215919 0.305457
1 0.870922 0.632617 0.0552181 0.101092 0.30441
0 0.234625 0.181572 0.020156 0.139472 0.300693
0 0.746124 0.61017 0.0634352 0.224715 0.285585
0 0.337434 0.778843 0.0317628 0.145626 0.281694
0 0.0690587 0.42158 0.0328411 0.149042 0.275066
58 0.809799 0.282057 0.0537285 0.0824744 0.252521
