0 0.635559 0.719251 0.0446788 0.230433 0.847309
0 0.195461 0.893997 0.0486439 0.212006 0.833491
2 0.691135 0.408298 0.139166 0.233033 0.822877
0 0.915508 0.51823 0.0391544 0.191097 0.81938
0 0.497487 0.371283 0.0332655 0.193432 0.791127
0 0.886694 0.214501 0.0330887 0.147987 0.774579
0 0.849379 0.656011 0.0518059 0.216179 0.752348
0 0.928991 0.733006 0.0492134 0.225228 0.736656
0 0.453439 0.371798 0.0327307 0.179821 0.729324
0 0.636983 0.197486 0.0315567 0.1535 0.709169
0 0.491312 0.937578 0.0324812 0.124844 0.690602
0 0.17746 0.521776 0.0375975 0.174437 0.683694
0 0.219877 0.518809 0.0376459 0.20431 0.61656
0 0.225756 0.343952 0.0368713 0.184599 0.610769
0 0.950851 0.258616 0.0278708 0.149018 0.60695
0 0.276864 0.331496 0.0320957 0.167324 0.598207
0 0.17743 0.34337 0.0325621 0.171028 0.38009
3 0.706204 0.195939 0.0899509 0.101187 0.317741
0 0.434827 0.207586 0.0308734 0.162768 0.314287
