2 0.691174 0.410582 0.139095 0.233927 0.878094
0 0.916103 0.521056 0.0379646 0.194431 0.837184
0 0.237871 0.705575 0.047388 0.240312 0.805227
0 0.237488 0.300923 0.0378939 0.194318 0.789784
0 0.528613 0.92636 0.0341488 0.147281 0.763805
0 0.137414 0.60959 0.0350332 0.189378 0.733391
0 0.733812 0.644623 0.0524626 0.230543 0.727872
0 0.0438902 0.688121 0.0580132 0.226185 0.684581
0 0.62839 0.219478 0.0392427 0.167231 0.67033
0 0.0685232 0.620937 0.0387504 0.229173 0.663889
0 0.47402 0.247082 0.0402159 0.174888 0.66107
0 0.409538 0.348004 0.0319638 0.178776 0.622024
3 0.836902 0.610686 0.128481 0.153362 0.605884
0 0.289556 0.370771 0.033654 0.201491 0.602051
0 0.572981 0.206276 0.0309997 0.147543 0.56183
0 0.198198 0.177837 0.0309462 0.160546 0.535368
0 0.433524 0.362347 0.0292297 0.161699 0.500111
0 0.165009 0.192959 0.0272572 0.15648 0.484557
3 0.710787 0.193627 0.0823368 0.09175 0.466472
0 0.427966 0.214769 0.0315393 0.151856 0.458175
0 0.330074 0.360421 0.0289951 0.179736 0.446197
0 0.787789 0.131826 0.0293391 0.130991 0.353408
0 0.788233 0.108716 0.0280207 0.0840172 0.302818
0 0.65613 0.213318 0.0281317 0.161028 0.300274
