0 0.441017 0.674344 0.0469868 0.234048 0.844203
0 0.13601 0.797571 0.048363 0.249965 0.835904
2 0.691447 0.41089 0.139436 0.238186 0.827847
0 0.176455 0.82082 0.0429017 0.237642 0.816648
0 0.500958 0.726939 0.0428665 0.233301 0.791131
0 0.552188 0.934214 0.042938 0.131573 0.757739
0 0.919422 0.248844 0.0327242 0.153434 0.731748
0 0.913693 0.520728 0.0428928 0.192658 0.709851
0 0.544512 0.738517 0.0396886 0.210539 0.672449
0 0.534622 0.0638298 0.0262404 0.126285 0.632178
0 0.82674 0.667856 0.040551 0.206364 0.62303
0 0.200777 0.176115 0.0390937 0.170827 0.565438
0 0.258167 0.233065 0.0289763 0.173155 0.556856
0 0.859984 0.638252 0.0338902 0.184119 0.554545
0 0.862277 0.386651 0.0292856 0.174036 0.543302
0 0.228058 0.234342 0.029079 0.167324 0.531763
0 0.960087 0.241054 0.0367718 0.168926 0.512786
3 0.701145 0.196343 0.101165 0.102523 0.494089
0 0.498842 0.0610679 0.0274439 0.120779 0.469297
0 0.434163 0.213308 0.025259 0.15794 0.426214
0 0.250984 0.091343 0.0338955 0.149346 0.414208
0 0.864175 0.10602 0.0297066 0.16142 0.399806
0 0.939207 0.417832 0.0335897 0.185457 0.371701
0 0.896734 0.110342 0.030291 0.15529 0.352841
0 0.795233 0.0583797 0.0295198 0.116316 0.346476
3 0.799787 0.613585 0.0499596 0.119987 0.328231
0 0.46865 0.0600052 0.0287063 0.11551 0.326359
0 0.696472 0.0855865 0.0431484 0.165915 0.291471
0 0.169171 0.21096 0.0365459 0.224008 0.282042
1 0.702486 0.198706 0.0991034 0.098341 0.279838
0 0.861246 0.620441 0.0286102 0.142982 0.26218
58 0.810199 0.28079 0.0530844 0.0767664 0.258931
