0 0.915932 0.519457 0.0446735 0.195083 0.83278
2 0.691072 0.408312 0.138888 0.234724 0.828449
0 0.595699 0.770975 0.0388189 0.22987 0.810053
0 0.176306 0.515338 0.0408862 0.198343 0.798555
0 0.634535 0.745437 0.0433853 0.232228 0.790908
0 0.466531 0.9413 0.0441147 0.1174 0.785393
0 0.269191 0.637712 0.0504458 0.230076 0.774852
0 0.846291 0.658362 0.0517242 0.212741 0.699581
0 0.255665 0.252323 0.0337172 0.190334 0.533691
0 0.225528 0.265981 0.0247233 0.134453 0.512079
0 0.422636 0.202736 0.0290764 0.155097 0.497586
0 0.845976 0.163631 0.027919 0.157517 0.482331
0 0.269967 0.633841 0.0355887 0.221374 0.416711
3 0.804531 0.607025 0.0613005 0.122979 0.373365
3 0.700188 0.191147 0.101363 0.10708 0.365672
0 0.468643 0.0355618 0.0261134 0.0655923 0.365633
0 0.846008 0.129985 0.0281628 0.0932289 0.343684
0 0.188826 0.261886 0.0290629 0.1574 0.343183
0 0.303236 0.191075 0.0319807 0.154742 0.335541
0 0.246623 0.108984 0.0308734 0.122858 0.317255
58 0.34516 0.305928 0.047353 0.108055 0.301078
0 0.79248 0.0669709 0.0302365 0.106952 0.279254
0 0.16357 0.19372 0.0279902 0.152201 0.269762
1 0.699567 0.194686 0.0969297 0.109381 0.265058
3 0.8015 0.616258 0.0523279 0.0995394 0.255072
0 0.400774 0.105281 0.0235945 0.131736 0.250319
0 0.202687 0.18763 0.0288864 0.157985 0.250248
