0 0.192268 0.832282 0.0483604 0.24819 0.891417
0 0.672557 0.838022 0.0454021 0.25233 0.844368
2 0.691237 0.409099 0.138849 0.234108 0.820771
0 0.914373 0.518738 0.0368313 0.192192 0.802988
0 0.9303 0.734878 0.0485479 0.228775 0.768282
0 0.222658 0.458102 0.0393052 0.191464 0.767191
0 0.504262 0.427426 0.0338409 0.189762 0.756017
0 0.463094 0.436997 0.0313677 0.182752 0.731275
0 0.497771 0.934311 0.0370644 0.131379 0.717695
0 0.608159 0.137574 0.0294762 0.152514 0.71502
0 0.847686 0.657193 0.0502092 0.21265 0.702275
0 0.187004 0.468047 0.0332316 0.178662 0.699006
0 0.864299 0.16242 0.0283226 0.148766 0.690784
0 0.926122 0.196346 0.0275578 0.161234 0.650833
0 0.43314 0.207795 0.0355784 0.162829 0.507332
0 0.264767 0.283505 0.0311049 0.169238 0.433536
0 0.694391 0.0872073 0.0440648 0.170347 0.367817
0 0.136301 0.196532 0.0289104 0.148967 0.317215
0 0.337038 0.783429 0.0307957 0.135683 0.312064
0 0.161265 0.191185 0.0261608 0.151571 0.307865
1 0.703039 0.196491 0.0963152 0.100154 0.295444
0 0.782763 0.197558 0.0289822 0.141326 0.287993
1 0.667187 0.199321 0.0354481 0.0950948 0.280725
3 0.804395 0.60695 0.0621263 0.125898 0.275495
3 0.701301 0.193873 0.101194 0.10023 0.256506
