2 0.691446 0.409586 0.139307 0.235755 0.816426
0 0.424766 0.669762 0.0486807 0.228904 0.794374
0 0.887052 0.355052 0.0442842 0.179135 0.784628
0 0.913905 0.518502 0.0383789 0.192644 0.771358
0 0.148956 0.904071 0.0466575 0.191859 0.744317
0 0.949612 0.298047 0.0299892 0.159004 0.693173
0 0.552988 0.934817 0.0461679 0.130365 0.686449
0 0.579555 0.84164 0.0469921 0.230952 0.659019
0 0.215898 0.292136 0.0291431 0.171778 0.654569
0 0.425019 0.186633 0.0374426 0.221319 0.643119
0 0.113019 0.369668 0.0341279 0.182509 0.619343
0 0.790796 0.0624625 0.0291842 0.1244 0.613505
0 0.542436 0.810035 0.0409476 0.187252 0.605569
0 0.130478 0.866093 0.0459834 0.208466 0.509144
3 0.700657 0.195382 0.102402 0.102944 0.502397
0 0.254039 0.174166 0.0285662 0.165938 0.495373
0 0.467736 0.0518492 0.0262506 0.0930259 0.468106
0 0.163593 0.182272 0.0307542 0.176898 0.448054
0 0.848232 0.658467 0.0323359 0.212234 0.434176
0 0.695342 0.0861768 0.0424296 0.169653 0.36743
0 0.878299 0.0724261 0.0262371 0.14212 0.338999
0 0.497457 0.0451538 0.0195988 0.0807436 0.338107
0 0.375805 0.2575 0.0385734 0.135953 0.293342
58 0.811237 0.311304 0.0545723 0.140418 0.292618
0 0.0864596 0.367299 0.0255583 0.15607 0.283955
0 0.202742 0.159956 0.0291439 0.157845 0.281011
58 0.344673 0.303823 0.047166 0.104043 0.277061
3 0.839489 0.608684 0.127427 0.130094 0.273398
0 0.842736 0.655262 0.0448755 0.220219 0.252984
