0 0.256044 0.607576 0.0443892 0.219951 0.833429
2 0.691266 0.410813 0.138775 0.236601 0.820451
0 0.91674 0.519227 0.0420246 0.197298 0.792231
0 0.858804 0.240963 0.0369755 0.16789 0.779491
0 0.483259 0.931454 0.0351534 0.136852 0.740659
0 0.189825 0.400662 0.0350687 0.190425 0.701811
0 0.732582 0.935306 0.0464908 0.127638 0.677927
0 0.787639 0.0664421 0.0322092 0.132884 0.652061
0 0.435928 0.213807 0.0290458 0.163921 0.63375
0 0.603654 0.956149 0.0378735 0.0877025 0.613868
0 0.776648 0.92139 0.0483501 0.154127 0.580897
0 0.640626 0.960356 0.0391367 0.0787787 0.574648
0 0.844875 0.659675 0.0546989 0.212085 0.548324
0 0.258629 0.177164 0.0286743 0.157377 0.505601
0 0.202925 0.174569 0.0339705 0.170502 0.491898
3 0.700681 0.192716 0.101566 0.110448 0.37329
0 0.162127 0.194317 0.0320048 0.152639 0.366738
0 0.128836 0.305585 0.0289471 0.155543 0.321794
0 0.376113 0.263667 0.0393571 0.130634 0.317613
0 0.85437 0.656078 0.0372288 0.217381 0.315335
0 0.234016 0.178496 0.0227788 0.147418 0.308828
3 0.841971 0.599441 0.127477 0.15311 0.291309
1 0.702436 0.196685 0.0981995 0.1005 0.284324
0 0.40296 0.121891 0.0266402 0.161661 0.257415
58 0.810887 0.311313 0.0532909 0.139594 0.253052
