0 0.441748 0.67365 0.0471228 0.229835 0.833347
2 0.691263 0.411183 0.139322 0.235977 0.824089
0 0.136011 0.800907 0.049486 0.25493 0.816741
0 0.17625 0.825229 0.0409987 0.232897 0.801073
0 0.919554 0.25081 0.0345299 0.156355 0.774235
0 0.552445 0.934531 0.0427581 0.130939 0.771403
0 0.499999 0.730974 0.0451677 0.231375 0.761361
0 0.915654 0.520156 0.0393524 0.193768 0.75981
0 0.826714 0.667322 0.0449757 0.207179 0.654825
0 0.861589 0.385362 0.029368 0.17223 0.642583
0 0.547874 0.738372 0.0414284 0.210209 0.637363
0 0.534813 0.0624515 0.0265954 0.123057 0.615206
0 0.87062 0.645939 0.0508129 0.203434 0.598644
3 0.701106 0.196277 0.101045 0.103086 0.520329
0 0.200175 0.175681 0.0411702 0.174164 0.506595
0 0.937126 0.417607 0.0318947 0.177734 0.499231
0 0.258273 0.231124 0.0281486 0.173057 0.488316
0 0.962701 0.239621 0.036228 0.171003 0.450526
0 0.433923 0.212909 0.0267823 0.158216 0.430124
0 0.2273 0.23758 0.0282571 0.166943 0.418574
0 0.862022 0.105982 0.0290539 0.159942 0.416422
0 0.499748 0.0602757 0.0262487 0.119628 0.386116
0 0.469459 0.0595642 0.029911 0.115203 0.378467
0 0.25037 0.0927913 0.0344971 0.147553 0.3545
0 0.896196 0.108434 0.0312544 0.154425 0.342284
0 0.696061 0.0862169 0.0427172 0.166901 0.332806
0 0.794533 0.0579185 0.0287604 0.115837 0.289554
58 0.34564 0.305315 0.0484746 0.10512 0.277833
3 0.799239 0.607488 0.0497785 0.118828 0.268072
