2 0.691506 0.408382 0.138742 0.236869 0.906084
0 0.916574 0.520209 0.0384506 0.194799 0.822723
0 0.223226 0.453955 0.0485184 0.214925 0.814638
0 0.0166771 0.869322 0.0333542 0.227275 0.7818
0 0.0725728 0.623505 0.043177 0.226411 0.778143
0 0.428057 0.217461 0.0322763 0.165211 0.670718
0 0.626443 0.953449 0.0333879 0.0931012 0.668031
0 0.284131 0.240155 0.0303331 0.174704 0.643601
0 0.973471 0.316464 0.0408936 0.173236 0.627295
0 0.843582 0.300563 0.0302448 0.162159 0.625922
0 0.736387 0.642251 0.0609793 0.229557 0.624434
0 0.548226 0.220618 0.0360891 0.157109 0.569452
0 0.727226 0.635118 0.0421696 0.212738 0.547422
0 0.525936 0.267419 0.0331369 0.162299 0.542616
3 0.836611 0.608223 0.129346 0.156735 0.501908
0 0.491373 0.219539 0.0287346 0.151471 0.482213
0 0.468195 0.213755 0.0279574 0.164814 0.473353
0 0.19957 0.176654 0.0315997 0.159697 0.450431
58 0.345804 0.309968 0.0482413 0.113779 0.315727
0 0.161672 0.190016 0.0269693 0.151448 0.2981
0 0.787702 0.0990735 0.0275908 0.0665757 0.295684
0 0.73797 0.326685 0.0337162 0.102921 0.289807
0 0.740794 0.29458 0.0383265 0.169316 0.275202
0 0.117079 0.432059 0.0307046 0.161475 0.260353
