2 0.691382 0.409177 0.139037 0.235914 0.845131
0 0.915812 0.518631 0.0379742 0.193493 0.843629
0 0.563015 0.620026 0.0459311 0.226873 0.840538
0 0.522427 0.632769 0.0376882 0.209905 0.823188
0 0.163806 0.618271 0.0406787 0.2057 0.788524
0 0.846812 0.658394 0.0514555 0.212894 0.737937
0 0.470872 0.933397 0.0347891 0.133206 0.719788
0 0.783392 0.106273 0.031435 0.130647 0.675424
0 0.427738 0.206865 0.0345182 0.165163 0.590052
0 0.864358 0.0708501 0.0237015 0.137906 0.580001
0 0.24282 0.328329 0.0331656 0.17193 0.577666
0 0.752504 0.10775 0.0295574 0.147718 0.517479
0 0.260354 0.178652 0.0338317 0.193985 0.460697
0 0.213206 0.32585 0.0283092 0.152481 0.444708
0 0.16559 0.248727 0.0310306 0.163 0.421229
0 0.694687 0.0840576 0.0429532 0.16334 0.379838
0 0.567293 0.0392641 0.026355 0.0736542 0.338275
0 0.305462 0.188205 0.0303023 0.152562 0.324388
3 0.701915 0.195138 0.100544 0.108242 0.320845
0 0.191454 0.248485 0.0249883 0.159641 0.291695
1 0.703029 0.198049 0.0958635 0.100511 0.291357
1 0.722463 0.197566 0.0578888 0.0926687 0.281707
3 0.809482 0.608524 0.0698101 0.136726 0.277649
0 0.375889 0.261253 0.0392489 0.126805 0.260172
58 0.345381 0.306443 0.046915 0.108637 0.25273
0 0.235187 0.187986 0.0295022 0.159921 0.251878
