2 0.691319 0.410306 0.138837 0.235374 0.815075
0 0.15085 0.932632 0.0429638 0.134735 0.81067
0 0.179353 0.899922 0.0546883 0.195057 0.80029
0 0.880174 0.322532 0.0362087 0.173629 0.795077
0 0.566705 0.877191 0.0442749 0.234058 0.777463
0 0.392042 0.65513 0.0461945 0.232235 0.704917
0 0.91389 0.52205 0.0388973 0.196115 0.68955
0 0.213913 0.310979 0.0336823 0.175661 0.681847
0 0.974794 0.317629 0.0382122 0.164005 0.664731
0 0.609188 0.882346 0.042294 0.221895 0.65025
0 0.541793 0.929063 0.0340952 0.14029 0.638148
0 0.787188 0.0673707 0.0301744 0.131146 0.625
3 0.700848 0.193363 0.102433 0.108005 0.618119
0 0.43809 0.177368 0.035804 0.233244 0.557852
0 0.845369 0.657941 0.0568188 0.215352 0.551462
0 0.260858 0.154701 0.0272486 0.168265 0.462338
0 0.202391 0.165908 0.0307824 0.154729 0.454371
0 0.163434 0.180878 0.0308661 0.182586 0.439005
0 0.87226 0.0603893 0.0263966 0.120779 0.434033
0 0.694968 0.0874847 0.0426598 0.171724 0.381034
0 0.0943936 0.337339 0.0328063 0.179455 0.342938
58 0.809964 0.309895 0.0537632 0.139739 0.304779
3 0.840675 0.599881 0.127238 0.15498 0.301539
0 0.375997 0.260677 0.0385205 0.124631 0.279998
0 0.232235 0.131457 0.022537 0.143806 0.273862
