0 0.239618 0.376389 0.0419899 0.199919 0.885535
0 0.227458 0.879673 0.054273 0.240653 0.866046
2 0.691473 0.409329 0.138517 0.237127 0.864881
0 0.91633 0.519849 0.0375046 0.193702 0.837516
0 0.036641 0.732262 0.0360588 0.205932 0.796774
0 0.0717499 0.621355 0.0384156 0.227272 0.793809
0 0.285463 0.301805 0.0440662 0.18842 0.78148
0 0.50988 0.270649 0.0294708 0.166524 0.715893
0 0.617072 0.934987 0.0340887 0.130025 0.712625
0 0.733401 0.64544 0.0530306 0.224867 0.709661
0 0.263637 0.215026 0.02801 0.158905 0.482587
0 0.460159 0.277962 0.0266918 0.153992 0.479309
3 0.837053 0.609109 0.127966 0.15287 0.478615
0 0.624299 0.220036 0.0331217 0.154446 0.475885
0 0.19919 0.173678 0.0331956 0.166165 0.471322
0 0.435306 0.267283 0.0270037 0.161922 0.453177
0 0.788224 0.0998161 0.0279834 0.0677022 0.440589
0 0.167538 0.190239 0.0305621 0.161139 0.393229
0 0.375518 0.251785 0.0354836 0.161469 0.303136
0 0.340601 0.769757 0.0251667 0.140321 0.271779
0 0.145372 0.17497 0.0249955 0.161063 0.26683
