2 0.691496 0.408554 0.13842 0.236887 0.905713
0 0.916129 0.520306 0.0380526 0.194041 0.8397
0 0.228389 0.435471 0.0434801 0.208973 0.833152
0 0.0722592 0.62309 0.0424982 0.226553 0.800493
0 0.0198596 0.841333 0.0397192 0.235171 0.745249
0 0.222191 0.94697 0.0517107 0.10606 0.688937
0 0.646094 0.955794 0.0411041 0.0884113 0.676419
0 0.980939 0.339684 0.0361597 0.184973 0.675634
0 0.734533 0.641889 0.0573816 0.229551 0.654557
0 0.545818 0.236485 0.0324233 0.167354 0.649254
0 0.276911 0.253452 0.0379534 0.173502 0.623164
0 0.427524 0.217688 0.0319265 0.163968 0.587599
0 0.462977 0.223362 0.0269312 0.165192 0.532247
0 0.727531 0.634985 0.043034 0.212772 0.515909
0 0.484772 0.260739 0.0294649 0.163311 0.490307
0 0.198941 0.173527 0.0348341 0.164472 0.462837
0 0.730578 0.271249 0.0342619 0.132256 0.447796
0 0.78823 0.0997755 0.0279563 0.0684927 0.425258
0 0.789094 0.294134 0.0314923 0.171487 0.392156
0 0.161197 0.183687 0.0276284 0.166854 0.370393
3 0.836628 0.607763 0.128505 0.155903 0.365495
