2 0.691263 0.410609 0.138668 0.23402 0.880831
0 0.916012 0.520989 0.0381165 0.196033 0.84144
0 0.286909 0.384511 0.0396128 0.198857 0.796568
0 0.239725 0.293582 0.039002 0.191045 0.771883
0 0.057985 0.708691 0.0543159 0.232483 0.72027
0 0.135043 0.602299 0.0331281 0.196299 0.719016
0 0.232073 0.681189 0.0484963 0.228043 0.717686
0 0.733575 0.643614 0.052668 0.230991 0.710338
0 0.524871 0.925617 0.0325827 0.146415 0.702332
0 0.328402 0.372361 0.0313848 0.166699 0.645528
0 0.621507 0.216152 0.0331782 0.167275 0.633046
0 0.409933 0.361154 0.0330688 0.185457 0.565426
0 0.477936 0.231006 0.0335329 0.174133 0.4986
0 0.428567 0.221028 0.033075 0.164874 0.457725
3 0.836887 0.611019 0.127863 0.152326 0.452007
0 0.06746 0.590832 0.0352567 0.163121 0.43678
0 0.197934 0.177619 0.0317401 0.159864 0.402091
0 0.650013 0.212889 0.0308033 0.14965 0.383446
0 0.0687792 0.615409 0.036817 0.219223 0.363301
0 0.78888 0.101324 0.0293916 0.0683901 0.360368
0 0.164544 0.19538 0.0270406 0.15197 0.357826
0 0.562002 0.178455 0.0287586 0.0980914 0.349655
3 0.709692 0.196001 0.0837841 0.0892632 0.331764
0 0.290013 0.20362 0.0322291 0.148032 0.302718
0 0.436831 0.370015 0.0277953 0.177124 0.253452
