0 0.649911 0.776669 0.0478893 0.249138 0.876247
0 0.196454 0.871622 0.0506734 0.242381 0.862936
2 0.691244 0.407966 0.138876 0.233478 0.814359
0 0.457141 0.404666 0.0320759 0.193378 0.809152
0 0.914359 0.518064 0.0377441 0.192995 0.79642
0 0.929409 0.736564 0.0493664 0.232294 0.757855
0 0.222528 0.492704 0.0403441 0.209201 0.756667
0 0.849134 0.657208 0.0503185 0.212428 0.736424
0 0.499472 0.391261 0.0325157 0.186859 0.732317
0 0.498978 0.931075 0.0369699 0.13785 0.725468
0 0.274556 0.311069 0.0323837 0.170126 0.710108
0 0.940981 0.232236 0.0300903 0.154697 0.703096
0 0.184986 0.488828 0.0310844 0.177644 0.696208
0 0.875504 0.192125 0.0299105 0.146019 0.679839
0 0.623343 0.169871 0.0330187 0.153698 0.657636
0 0.178124 0.492867 0.0426461 0.177873 0.556394
0 0.231547 0.320357 0.0347551 0.176079 0.554489
0 0.434832 0.208388 0.0287588 0.161923 0.454374
0 0.185404 0.325591 0.0308258 0.163557 0.429562
0 0.783291 0.217966 0.0331276 0.140569 0.382006
1 0.703035 0.198054 0.096015 0.100257 0.332837
0 0.255664 0.144716 0.0359052 0.156287 0.32426
58 0.345505 0.305373 0.0486949 0.107316 0.319869
3 0.803253 0.607442 0.0589437 0.123583 0.256128
