2 0.691445 0.411301 0.138858 0.235809 0.861224
0 0.915762 0.521769 0.0380219 0.1938 0.843076
0 0.505718 0.922625 0.0325407 0.154412 0.766853
0 0.539314 0.16322 0.0306011 0.16617 0.735683
0 0.186944 0.893717 0.0491643 0.212566 0.712335
0 0.294916 0.510204 0.0336683 0.187356 0.687917
0 0.156075 0.654077 0.0463718 0.230262 0.68115
0 0.25519 0.499535 0.0337802 0.209427 0.677592
0 0.502515 0.135052 0.0305292 0.162839 0.667582
0 0.450605 0.470244 0.0426671 0.200208 0.662284
0 0.891933 0.107123 0.0296804 0.141086 0.653557
0 0.791595 0.655686 0.052894 0.225702 0.64168
0 0.573236 0.155617 0.0292748 0.150484 0.638485
0 0.219919 0.490985 0.0375919 0.203923 0.633318
0 0.482722 0.479309 0.0342298 0.180377 0.599341
0 0.137943 0.452625 0.0302469 0.175907 0.593294
0 0.770784 0.0804588 0.0268076 0.126833 0.494098
3 0.701965 0.198493 0.09841 0.10016 0.336538
1 0.85864 0.627985 0.0831162 0.113761 0.330145
0 0.429169 0.21857 0.0304197 0.155417 0.324855
1 0.665311 0.205551 0.0326067 0.0914023 0.29915
0 0.202567 0.840579 0.0443928 0.250522 0.292218
0 0.256242 0.211209 0.0334199 0.175208 0.286997
0 0.160743 0.197883 0.0289715 0.155711 0.267114
0 0.201651 0.785786 0.04441 0.138229 0.259697
