2 0.691375 0.411409 0.138531 0.238585 0.831393
0 0.166433 0.697005 0.0467983 0.232335 0.826446
0 0.916371 0.519546 0.0371843 0.192559 0.798565
0 0.416361 0.637555 0.0402381 0.231419 0.791828
0 0.252073 0.300121 0.0381088 0.181433 0.777445
0 0.543569 0.928139 0.0444259 0.142408 0.776399
0 0.478824 0.634188 0.0397159 0.204356 0.753683
0 0.212106 0.715159 0.042242 0.217285 0.749033
0 0.538654 0.0907246 0.0289474 0.144414 0.731467
0 0.520551 0.649139 0.042045 0.203103 0.728518
0 0.895468 0.160182 0.03349 0.158152 0.668253
0 0.70961 0.573219 0.0421609 0.171193 0.629318
0 0.504475 0.0778456 0.0293812 0.155199 0.581752
0 0.840057 0.685049 0.0370693 0.213697 0.57461
0 0.428296 0.215046 0.0309649 0.160277 0.571223
0 0.927203 0.211341 0.0277134 0.149824 0.536702
0 0.98303 0.463477 0.0331667 0.173623 0.526006
0 0.160882 0.194284 0.0317177 0.148184 0.478003
3 0.835841 0.601123 0.127118 0.163219 0.466048
3 0.701035 0.196059 0.100452 0.0976352 0.444364
0 0.454994 0.0640059 0.0291988 0.128012 0.419476
0 0.928273 0.182192 0.033992 0.212617 0.410925
0 0.896851 0.410882 0.0328857 0.113208 0.409463
0 0.196221 0.177057 0.0347959 0.166379 0.371321
1 0.871052 0.625822 0.0571445 0.114286 0.348049
58 0.80984 0.288049 0.0535137 0.0940392 0.327855
0 0.252097 0.13299 0.0335211 0.159145 0.295831
0 0.695682 0.0852776 0.0406622 0.165519 0.276774
0 0.0694865 0.423533 0.0338081 0.141749 0.265694
58 0.345802 0.307943 0.0477227 0.112641 0.250132
