2 0.691381 0.41031 0.139445 0.237797 0.831267
0 0.865001 0.264779 0.0345711 0.170245 0.828889
0 0.915566 0.518145 0.0402437 0.197268 0.816321
0 0.290028 0.61083 0.0627877 0.218783 0.799568
0 0.195101 0.372487 0.0372203 0.188098 0.759136
0 0.788358 0.0670674 0.031787 0.128701 0.758446
0 0.60592 0.930072 0.0521907 0.139855 0.721975
0 0.509465 0.930387 0.0303005 0.139226 0.710953
0 0.194237 0.962731 0.0515195 0.0745388 0.670972
0 0.812084 0.953553 0.0473286 0.0917701 0.612276
0 0.768437 0.958199 0.0424339 0.0836021 0.55507
0 0.436206 0.212419 0.0274811 0.161728 0.552372
0 0.649161 0.938195 0.0442196 0.120152 0.493246
0 0.844907 0.65871 0.0552961 0.211532 0.488717
0 0.202757 0.174747 0.0366807 0.172849 0.485272
0 0.118638 0.315778 0.0308821 0.172154 0.455302
0 0.250343 0.16441 0.025748 0.146689 0.424615
3 0.701061 0.193469 0.101251 0.104043 0.42258
58 0.810116 0.311777 0.0537831 0.144268 0.402183
0 0.161895 0.198367 0.0322272 0.157415 0.393595
3 0.840766 0.598022 0.127181 0.149329 0.373675
0 0.69536 0.0824913 0.0411936 0.161831 0.335155
0 0.855364 0.656374 0.0369354 0.212146 0.282989
1 0.70286 0.196399 0.0982016 0.0992649 0.272892
