0 0.19124 0.840758 0.0457623 0.243832 0.84096
2 0.69114 0.40862 0.138885 0.233428 0.825384
0 0.665067 0.809805 0.0478512 0.243909 0.814362
0 0.499957 0.418046 0.0394747 0.201439 0.813052
0 0.914576 0.518533 0.0382099 0.192472 0.811696
0 0.461153 0.427698 0.0341854 0.189895 0.752481
0 0.929397 0.735071 0.0488825 0.229344 0.730776
0 0.849423 0.656985 0.0466835 0.212225 0.70514
0 0.500936 0.931151 0.0379877 0.137698 0.70198
0 0.86983 0.174668 0.0277893 0.145378 0.690075
0 0.930403 0.211953 0.0282257 0.156823 0.679102
0 0.223586 0.473739 0.0380669 0.200712 0.631592
0 0.184948 0.46945 0.0324838 0.173815 0.606484
0 0.266705 0.294813 0.0325909 0.160866 0.593573
0 0.614721 0.149952 0.0299023 0.149222 0.58428
0 0.236158 0.310485 0.0320802 0.176775 0.553405
0 0.432472 0.208212 0.0336405 0.163697 0.52449
1 0.701834 0.197354 0.0986492 0.101263 0.352873
0 0.781704 0.200875 0.029143 0.140774 0.343565
0 0.694771 0.086602 0.0441128 0.169925 0.322056
0 0.189247 0.307666 0.0261505 0.149216 0.301295
3 0.701382 0.195741 0.100055 0.0998815 0.292519
0 0.336939 0.782689 0.0310114 0.136589 0.262758
0 0.162247 0.194017 0.0289794 0.153555 0.261229
