0 0.914498 0.518661 0.0410227 0.193908 0.8429
2 0.691211 0.408328 0.139024 0.236869 0.823083
0 0.474106 0.941424 0.0436415 0.117151 0.805181
0 0.176914 0.534761 0.0410479 0.206062 0.802196
0 0.625174 0.739498 0.0484852 0.239432 0.788523
0 0.288076 0.637705 0.0368761 0.224874 0.780868
0 0.585345 0.747334 0.0398472 0.230794 0.762906
0 0.848267 0.658859 0.0486559 0.215921 0.694774
0 0.25273 0.25995 0.0362457 0.181415 0.676785
0 0.223326 0.269379 0.0265324 0.156741 0.546914
0 0.792716 0.0663986 0.0300018 0.122643 0.468986
0 0.252247 0.110902 0.0324995 0.132705 0.435036
0 0.424437 0.203285 0.0300095 0.154991 0.388994
3 0.700474 0.19102 0.102036 0.106559 0.344192
0 0.185631 0.258813 0.0274864 0.159678 0.340191
58 0.345132 0.30573 0.0475361 0.106936 0.331424
1 0.697823 0.194826 0.0916588 0.107028 0.327925
0 0.458003 0.034011 0.0323156 0.0655982 0.303457
3 0.807627 0.606359 0.0665991 0.124957 0.300878
0 0.301649 0.191414 0.0369939 0.157825 0.261071
0 0.201012 0.188296 0.0308707 0.152633 0.259933
0 0.693999 0.0866317 0.041703 0.169165 0.257503
