2 0.691313 0.409389 0.139105 0.2363 0.824663
0 0.870679 0.2848 0.0350666 0.170171 0.821281
0 0.913473 0.51952 0.0432716 0.195583 0.809118
0 0.190586 0.940543 0.0503533 0.118542 0.80489
0 0.531956 0.937893 0.032184 0.124215 0.70011
0 0.204589 0.352844 0.0339418 0.184216 0.683452
0 0.327574 0.616269 0.0515372 0.216918 0.659274
0 0.595731 0.914351 0.0423415 0.171299 0.658528
0 0.786993 0.0672539 0.0307106 0.129003 0.627147
0 0.150769 0.972076 0.0419197 0.0558471 0.609494
0 0.637958 0.920089 0.0369291 0.159823 0.519616
0 0.106654 0.325202 0.0303833 0.164346 0.502508
0 0.435332 0.212989 0.0294391 0.161099 0.500741
3 0.700793 0.194622 0.101935 0.104319 0.468976
0 0.844878 0.659204 0.057188 0.211957 0.467625
0 0.202857 0.178642 0.0298631 0.180808 0.403459
0 0.142895 0.325987 0.0276702 0.1614 0.362676
0 0.695263 0.0853921 0.0432934 0.167555 0.351693
3 0.840911 0.599059 0.124852 0.151887 0.316825
0 0.16161 0.188419 0.0334879 0.16574 0.302143
58 0.809419 0.310712 0.053619 0.140016 0.298129
0 0.855858 0.657062 0.0379692 0.213391 0.294138
58 0.34596 0.303936 0.0494189 0.103672 0.282768
