0 0.162277 0.647677 0.0412364 0.226896 0.847343
2 0.691365 0.408586 0.138875 0.236446 0.844329
0 0.915484 0.518678 0.0380245 0.194099 0.83121
0 0.558088 0.595958 0.0437248 0.21329 0.830524
0 0.514083 0.619 0.035301 0.210892 0.828616
0 0.469546 0.936944 0.0400892 0.126112 0.73124
0 0.847195 0.658128 0.0511829 0.213163 0.717963
0 0.24266 0.335792 0.0327607 0.176832 0.66754
0 0.429769 0.208748 0.0349119 0.16589 0.641242
0 0.784263 0.11254 0.0283457 0.139291 0.635716
0 0.210511 0.340019 0.0284073 0.155744 0.634973
0 0.870592 0.0820019 0.0301462 0.149281 0.587891
0 0.749867 0.105387 0.0308788 0.146125 0.532719
0 0.695096 0.0847629 0.0423412 0.165367 0.45195
0 0.57158 0.0446156 0.0262463 0.0861515 0.441385
0 0.172979 0.248883 0.0290617 0.162429 0.423192
0 0.20457 0.337998 0.0390924 0.166531 0.41873
0 0.263226 0.166373 0.0332724 0.133317 0.407473
0 0.304301 0.187644 0.0272046 0.152676 0.349484
3 0.701971 0.193906 0.102234 0.108561 0.326609
58 0.345433 0.307236 0.0474447 0.108985 0.319804
0 0.336849 0.784187 0.0319402 0.13645 0.285151
1 0.703646 0.196727 0.0955179 0.100599 0.280572
0 0.191929 0.241586 0.0237979 0.146523 0.278905
58 0.809416 0.285393 0.053125 0.0905512 0.264947
58 0.810551 0.309152 0.0532879 0.139501 0.261933
3 0.809247 0.609367 0.0694778 0.132598 0.25156
