2 0.691392 0.409856 0.139032 0.236647 0.825126
0 0.864487 0.27616 0.0409304 0.169255 0.800224
0 0.915304 0.518662 0.03976 0.196581 0.792632
0 0.197983 0.365013 0.034736 0.182846 0.779167
0 0.788113 0.0662171 0.0313444 0.130167 0.754561
0 0.192916 0.954602 0.0504166 0.0907957 0.745126
0 0.599642 0.92591 0.0415865 0.14818 0.731329
0 0.307231 0.611035 0.0345981 0.222898 0.699084
0 0.520059 0.936112 0.0309185 0.127776 0.672775
0 0.435967 0.213845 0.0278234 0.162599 0.525077
0 0.823176 0.961658 0.0447952 0.0766846 0.49677
0 0.643117 0.930952 0.0408403 0.136361 0.490304
58 0.809631 0.300114 0.0541794 0.119028 0.479925
0 0.202959 0.176629 0.0313725 0.165385 0.448549
0 0.840333 0.659685 0.0655132 0.212072 0.435933
0 0.162817 0.196066 0.0317186 0.151897 0.429462
3 0.701059 0.194069 0.100734 0.100493 0.416814
3 0.84115 0.59672 0.124705 0.151188 0.396691
0 0.112137 0.314517 0.0301233 0.152302 0.368957
0 0.14356 0.323781 0.0386048 0.153188 0.309485
0 0.246264 0.152234 0.0282495 0.167908 0.289575
0 0.853224 0.657215 0.0410305 0.213188 0.288717
0 0.147452 0.982949 0.0230252 0.0340855 0.284871
