2 0.691451 0.408441 0.138974 0.237455 0.904488
0 0.916903 0.520086 0.038261 0.194824 0.818062
0 0.220192 0.464231 0.042175 0.223276 0.817491
0 0.0728325 0.623134 0.042562 0.225698 0.762031
0 0.0147501 0.880497 0.0295001 0.228211 0.728547
0 0.620112 0.951716 0.0337225 0.0965686 0.708313
0 0.287816 0.234399 0.0278291 0.171074 0.688965
0 0.427598 0.217976 0.0331992 0.16123 0.6717
0 0.848739 0.307577 0.034938 0.16432 0.664417
0 0.734501 0.64325 0.0569696 0.23069 0.628195
0 0.53695 0.266525 0.0543533 0.169881 0.593315
0 0.966737 0.30659 0.0325977 0.171205 0.58881
0 0.491935 0.214029 0.0267307 0.160532 0.539711
0 0.471467 0.211392 0.0278016 0.16847 0.529971
0 0.123433 0.435416 0.0382072 0.181558 0.476328
0 0.198956 0.175992 0.0301748 0.160111 0.44265
3 0.836748 0.607787 0.129547 0.157033 0.441183
0 0.547566 0.216073 0.0364395 0.152378 0.429652
0 0.727893 0.635619 0.0425276 0.216053 0.367772
58 0.346169 0.311116 0.0494 0.118969 0.336259
0 0.787934 0.0991755 0.0273258 0.0670145 0.321743
0 0.266446 0.21919 0.0267199 0.147307 0.31985
0 0.226743 0.142737 0.0265919 0.151858 0.31771
0 0.162144 0.192888 0.0278339 0.148451 0.296007
