0 0.634826 0.714191 0.0438423 0.22784 0.869795
0 0.195712 0.896831 0.0489839 0.206338 0.83478
0 0.915825 0.518227 0.0395468 0.191191 0.834449
2 0.691191 0.408215 0.139137 0.232561 0.827517
0 0.497938 0.366967 0.0338799 0.191648 0.791546
0 0.849349 0.655727 0.0518749 0.215654 0.762391
0 0.92858 0.73396 0.0471891 0.224714 0.743284
0 0.453818 0.369304 0.0326265 0.177871 0.727601
0 0.886939 0.218606 0.0335215 0.15167 0.708171
0 0.177929 0.525378 0.0363766 0.176601 0.703634
0 0.637623 0.198344 0.0318604 0.153501 0.679559
0 0.490966 0.937991 0.0324835 0.124017 0.663613
0 0.952704 0.261208 0.0290047 0.160847 0.646074
0 0.219219 0.520704 0.0365842 0.203175 0.586446
0 0.224894 0.347476 0.0383241 0.191531 0.575221
0 0.276976 0.332115 0.0320663 0.167139 0.566935
0 0.175695 0.343982 0.0315498 0.165728 0.353597
1 0.706897 0.195958 0.0879066 0.100168 0.266755
0 0.783491 0.235262 0.0323196 0.136883 0.264046
0 0.134646 0.194084 0.028573 0.159432 0.262975
0 0.435344 0.207225 0.030041 0.162105 0.259488
