2 0.691683 0.408392 0.139187 0.238054 0.899132
0 0.217867 0.479242 0.0419917 0.220384 0.80233
0 0.917849 0.520162 0.0384321 0.193417 0.794023
0 0.0733558 0.622532 0.0410189 0.225517 0.756623
0 0.295794 0.226877 0.0279618 0.16925 0.738519
0 0.605236 0.951859 0.035878 0.0962826 0.673598
0 0.427669 0.216957 0.0332649 0.16136 0.670343
0 0.95335 0.28173 0.032765 0.17777 0.66269
0 0.739387 0.644039 0.0665757 0.231399 0.601109
0 0.481457 0.202195 0.0426756 0.161137 0.566764
0 0.86252 0.324201 0.0341667 0.173091 0.565261
0 0.272794 0.208003 0.0312795 0.162007 0.557572
3 0.836285 0.607422 0.129 0.159805 0.533913
0 0.572043 0.276227 0.0562572 0.161986 0.526111
0 0.727639 0.635907 0.0432392 0.213706 0.476398
0 0.131835 0.454288 0.0391653 0.173844 0.453218
0 0.149866 0.43622 0.0245691 0.156252 0.400093
0 0.0115453 0.898363 0.0230647 0.19799 0.39612
0 0.557153 0.202618 0.0368746 0.149343 0.388055
0 0.197299 0.174742 0.0307964 0.16354 0.374606
58 0.811759 0.311188 0.0525097 0.149569 0.295072
0 0.787811 0.0994316 0.0279087 0.0681922 0.283928
58 0.347737 0.311882 0.0522315 0.12101 0.280814
0 0.761588 0.298254 0.0294284 0.155275 0.266827
