0 0.283024 0.398499 0.0378159 0.193546 0.856184
0 0.916061 0.521181 0.0380266 0.195513 0.847224
2 0.691165 0.410216 0.138829 0.234208 0.84562
0 0.230276 0.650968 0.044136 0.225847 0.777681
0 0.242078 0.281445 0.0381867 0.193232 0.730996
0 0.512371 0.919878 0.0327089 0.157408 0.728918
0 0.486802 0.218846 0.0331671 0.169183 0.718756
0 0.0818168 0.734275 0.0526333 0.235244 0.716615
0 0.605365 0.210958 0.029723 0.167527 0.676634
0 0.73416 0.643735 0.0528824 0.229658 0.650999
0 0.328533 0.391913 0.0319619 0.174157 0.649774
0 0.12944 0.573203 0.0342619 0.184063 0.627837
3 0.8369 0.613804 0.127902 0.150109 0.545427
0 0.411672 0.378261 0.0352759 0.182232 0.531109
0 0.0696035 0.589749 0.0354353 0.16601 0.526047
0 0.038046 0.673322 0.0366897 0.213294 0.511043
0 0.637021 0.203886 0.0284023 0.153463 0.483059
0 0.441113 0.385596 0.0348834 0.175368 0.452639
0 0.428334 0.222325 0.031599 0.162266 0.362085
0 0.16357 0.191976 0.0260496 0.155004 0.360719
0 0.540401 0.193072 0.0300444 0.134111 0.331822
0 0.791089 0.10053 0.0280773 0.0707022 0.316659
0 0.457401 0.180415 0.0312567 0.146956 0.25493
