0 0.864758 0.264102 0.0342251 0.170159 0.843618
2 0.691501 0.410438 0.139319 0.238109 0.8365
0 0.289508 0.610328 0.0625246 0.218743 0.813776
0 0.915751 0.517986 0.0406078 0.197488 0.806672
0 0.605694 0.932286 0.0516946 0.135427 0.761791
0 0.194476 0.372723 0.036798 0.187028 0.74366
0 0.787582 0.0670588 0.0303143 0.129221 0.736146
0 0.508873 0.930292 0.0301229 0.139416 0.719781
0 0.194455 0.96369 0.0517282 0.0726203 0.658412
0 0.810456 0.952031 0.0499501 0.0949162 0.61273
0 0.435866 0.212508 0.0280149 0.162042 0.589564
0 0.202178 0.175455 0.0366505 0.171087 0.508832
0 0.767232 0.957496 0.0396951 0.0850081 0.498106
0 0.846341 0.658828 0.0518612 0.211466 0.480257
0 0.251474 0.166476 0.025634 0.142307 0.461109
0 0.161872 0.198131 0.0326903 0.157591 0.437906
58 0.81019 0.311611 0.053727 0.144208 0.430145
0 0.118741 0.316081 0.0306554 0.168631 0.416755
0 0.695348 0.082584 0.0414931 0.161853 0.39009
0 0.6501 0.940051 0.0420584 0.113967 0.371075
3 0.701363 0.194577 0.100546 0.102064 0.345219
0 0.855647 0.658866 0.0344618 0.208197 0.33786
3 0.840503 0.598203 0.128187 0.147681 0.335984
1 0.702928 0.197315 0.0979834 0.0988157 0.329645
0 0.306973 0.186581 0.0293725 0.146896 0.276412
2 0.0587494 0.334698 0.0618145 0.144374 0.256242
0 0.135024 0.19198 0.0249437 0.130827 0.252597
