2 0.691303 0.410382 0.139107 0.236859 0.820973
0 0.211918 0.604551 0.055265 0.230065 0.818838
0 0.916749 0.518277 0.0434814 0.193898 0.817201
0 0.858346 0.220003 0.036396 0.168541 0.790664
0 0.679936 0.89645 0.0459477 0.203636 0.789128
0 0.726479 0.881295 0.0485098 0.232008 0.783835
0 0.451538 0.925803 0.0402156 0.14541 0.780017
0 0.178826 0.43732 0.0345261 0.195464 0.689905
0 0.787749 0.0666224 0.0313885 0.129112 0.642847
0 0.266804 0.198645 0.0312176 0.167208 0.593581
0 0.569046 0.044259 0.0250448 0.0837332 0.566103
0 0.142179 0.286301 0.0309469 0.161773 0.508848
0 0.845181 0.659927 0.0546062 0.21141 0.451768
0 0.43235 0.210806 0.0286352 0.157688 0.406067
3 0.701183 0.192051 0.101013 0.111108 0.405173
0 0.233653 0.203745 0.0227847 0.147792 0.381833
0 0.853349 0.657619 0.039645 0.212567 0.302821
58 0.34641 0.306034 0.0505063 0.106017 0.296378
1 0.702537 0.195602 0.0981512 0.101742 0.293339
3 0.840475 0.60021 0.12662 0.155164 0.278341
0 0.167908 0.28041 0.0295054 0.155834 0.265739
0 0.375669 0.260663 0.0383321 0.118994 0.251961
