2 0.691366 0.409517 0.138615 0.236454 0.878896
0 0.238051 0.331942 0.0384521 0.201389 0.836675
0 0.916327 0.520483 0.037948 0.194238 0.83347
0 0.0711927 0.621309 0.0391818 0.228346 0.800591
0 0.557031 0.920763 0.0328291 0.156824 0.763774
0 0.233228 0.771112 0.0491385 0.242391 0.760109
0 0.53524 0.20161 0.0441677 0.159264 0.733582
0 0.734422 0.64814 0.0542508 0.224848 0.72535
0 0.291374 0.345365 0.0295811 0.184329 0.70001
0 0.462935 0.270406 0.0364876 0.174196 0.691968
0 0.324475 0.331758 0.0303898 0.163318 0.607789
0 0.120898 0.661323 0.03135 0.19221 0.603974
0 0.163482 0.191312 0.0265262 0.152424 0.536758
0 0.614173 0.216951 0.0278989 0.139381 0.525035
0 0.68337 0.22476 0.0507273 0.14872 0.518761
3 0.836695 0.60867 0.128384 0.155643 0.514723
0 0.198212 0.174743 0.0318407 0.161646 0.500536
0 0.340282 0.771187 0.0273693 0.149212 0.469403
0 0.41062 0.319628 0.0319736 0.169208 0.446704
0 0.270801 0.265452 0.0302207 0.15661 0.372933
0 0.376424 0.286806 0.0390084 0.188654 0.322046
58 0.809293 0.292829 0.0533501 0.102399 0.320743
0 0.417279 0.31994 0.0421918 0.173461 0.319466
1 0.72399 0.196342 0.0549425 0.0824736 0.293023
0 0.788796 0.100035 0.0276804 0.0676954 0.266805
0 0.427239 0.211208 0.0305408 0.149097 0.261431
3 0.724012 0.19499 0.0565693 0.0817477 0.260531
0 0.429851 0.323157 0.034916 0.173952 0.258671
