0 0.915893 0.518629 0.0376221 0.193886 0.833518
0 0.171363 0.567582 0.0413062 0.208064 0.819374
2 0.691232 0.408572 0.13933 0.234759 0.819221
0 0.591469 0.678228 0.0420265 0.231762 0.796098
0 0.477467 0.941777 0.0399503 0.116445 0.766299
0 0.555429 0.697978 0.0378365 0.219712 0.764587
0 0.84659 0.658378 0.0489805 0.212516 0.711529
0 0.326291 0.651964 0.0389002 0.223646 0.672332
0 0.246529 0.291781 0.0314098 0.172231 0.643846
0 0.220479 0.291112 0.0265644 0.15058 0.537716
0 0.261166 0.155932 0.034228 0.173748 0.460492
0 0.159738 0.253969 0.0256248 0.160198 0.411441
0 0.760205 0.133332 0.0290186 0.142153 0.386693
0 0.299114 0.193552 0.0290313 0.151141 0.37333
3 0.704783 0.191409 0.0968406 0.0960182 0.295768
0 0.188666 0.253667 0.0293692 0.158426 0.29447
1 0.704328 0.195143 0.0952865 0.0996366 0.276632
0 0.200471 0.175978 0.0262204 0.151507 0.261041
0 0.133749 0.186813 0.0306139 0.171893 0.258147
58 0.345295 0.306627 0.047371 0.108317 0.255514
