0 0.614604 0.651877 0.0433807 0.226182 0.838194
0 0.915785 0.51796 0.0427303 0.190334 0.83398
2 0.691387 0.410448 0.138799 0.233372 0.81648
0 0.503231 0.327244 0.0316257 0.184733 0.802289
0 0.848706 0.657977 0.0511738 0.213486 0.772422
0 0.45761 0.327899 0.0302933 0.180065 0.748113
0 0.216639 0.933219 0.0494209 0.131723 0.745076
0 0.172543 0.568349 0.0363772 0.188357 0.727795
0 0.902688 0.257923 0.0356955 0.158392 0.724869
0 0.209558 0.377076 0.0387797 0.178582 0.688399
0 0.485497 0.937347 0.0324108 0.125305 0.68379
0 0.274208 0.367708 0.032789 0.170271 0.679738
0 0.976981 0.306459 0.0344761 0.169477 0.672081
0 0.216619 0.56781 0.0417176 0.207363 0.667564
0 0.907872 0.734785 0.0421505 0.216926 0.656738
0 0.320806 0.614188 0.038636 0.223973 0.578275
0 0.168734 0.379189 0.0318634 0.17549 0.57671
0 0.783172 0.258529 0.0331944 0.134856 0.539003
0 0.669184 0.213713 0.0382011 0.168692 0.517564
0 0.135563 0.205273 0.0291912 0.145819 0.389417
0 0.161874 0.191507 0.0273645 0.152545 0.380118
