2 0.691355 0.409333 0.13898 0.237307 0.833836
0 0.659827 0.874828 0.0466322 0.238998 0.822619
0 0.917871 0.517717 0.0433502 0.195967 0.817044
0 0.4569 0.931608 0.041293 0.133399 0.807289
0 0.17235 0.449783 0.0368017 0.193911 0.768312
0 0.217896 0.612562 0.0324661 0.226875 0.761326
0 0.706345 0.851607 0.0469614 0.240796 0.730216
0 0.266416 0.214147 0.029633 0.165413 0.63188
0 0.787347 0.0679919 0.0315138 0.134169 0.610774
0 0.148061 0.272462 0.0292643 0.181708 0.592512
0 0.850891 0.210041 0.0357138 0.170658 0.587661
0 0.4294 0.208212 0.0253656 0.159039 0.450619
0 0.845098 0.659801 0.0560617 0.210685 0.426148
0 0.171898 0.27769 0.0295616 0.162557 0.381579
3 0.701003 0.189263 0.101182 0.111862 0.379012
0 0.546569 0.0395482 0.0248447 0.0741404 0.371097
3 0.839495 0.600563 0.127806 0.152231 0.353421
58 0.345854 0.307264 0.0489363 0.110206 0.325603
0 0.234969 0.215104 0.0235173 0.147182 0.324714
1 0.702839 0.193998 0.0966332 0.104162 0.270159
