0 0.62902 0.699417 0.0455495 0.239456 0.854603
2 0.691335 0.409131 0.13908 0.232171 0.850959
0 0.203208 0.909767 0.0487317 0.180465 0.818996
0 0.915413 0.519634 0.0392788 0.194849 0.80873
0 0.500977 0.352178 0.0317523 0.187197 0.769636
0 0.892232 0.226272 0.0294046 0.144389 0.757469
0 0.963249 0.27046 0.0326996 0.167371 0.752443
0 0.849008 0.656039 0.052412 0.215269 0.726417
0 0.488754 0.939499 0.0338037 0.121002 0.725957
0 0.455215 0.359976 0.0312757 0.187959 0.701844
0 0.275629 0.348715 0.0356408 0.174055 0.671959
0 0.930567 0.737293 0.0454765 0.232289 0.638448
0 0.331284 0.620256 0.0447347 0.219745 0.586216
0 0.182441 0.532644 0.0306487 0.178536 0.561458
0 0.219744 0.535564 0.0416878 0.211735 0.550457
0 0.649816 0.211205 0.0309108 0.153906 0.506615
0 0.782421 0.241176 0.0312698 0.144227 0.477446
0 0.174411 0.356949 0.0338949 0.174824 0.464371
0 0.175878 0.534163 0.0412425 0.179515 0.429216
3 0.710805 0.194948 0.0813939 0.095206 0.319744
0 0.134647 0.200587 0.0295356 0.147239 0.27376
0 0.227229 0.335469 0.048114 0.139522 0.271653
0 0.213823 0.531104 0.0342842 0.196893 0.260372
