0 0.239508 0.38417 0.0424856 0.208587 0.895666
2 0.691478 0.409522 0.138413 0.236895 0.877117
0 0.228907 0.881598 0.0525581 0.236805 0.862845
0 0.916264 0.519712 0.0382141 0.194078 0.837271
0 0.0335995 0.738689 0.0352751 0.200394 0.830968
0 0.071737 0.622163 0.0398502 0.229022 0.788428
0 0.285708 0.296487 0.0413758 0.186362 0.732344
0 0.733218 0.645801 0.0526918 0.224929 0.710399
0 0.620501 0.936023 0.0370258 0.127955 0.706299
0 0.514315 0.268426 0.0326256 0.170282 0.685202
0 0.629112 0.223136 0.0404295 0.152052 0.615229
0 0.265067 0.219125 0.0285486 0.173505 0.560325
0 0.763379 0.255911 0.0278572 0.153217 0.526276
0 0.741017 0.259559 0.0303947 0.165894 0.485563
0 0.199171 0.173164 0.0339982 0.16737 0.45892
3 0.836811 0.609632 0.128244 0.153577 0.453748
0 0.788174 0.099786 0.0278414 0.0680512 0.419683
0 0.376 0.252782 0.036603 0.162084 0.401708
0 0.463255 0.278854 0.0293171 0.146807 0.397642
0 0.167283 0.187619 0.0296672 0.164943 0.363405
0 0.437651 0.264948 0.0304392 0.163343 0.348935
0 0.239942 0.0764092 0.0281853 0.140828 0.330863
0 0.42718 0.2328 0.0337044 0.189106 0.264382
58 0.810038 0.30959 0.0542362 0.137076 0.25798
