2 0.691121 0.409483 0.138434 0.235991 0.887449
0 0.239249 0.347519 0.0409444 0.200924 0.852115
0 0.225926 0.811881 0.0528072 0.251053 0.844541
0 0.916181 0.520069 0.0383249 0.194555 0.837307
0 0.56625 0.209844 0.0451735 0.16124 0.8291
0 0.57561 0.927418 0.0391684 0.145165 0.778337
0 0.476199 0.273102 0.0268795 0.161647 0.751404
0 0.0711153 0.619864 0.0370192 0.227823 0.74428
0 0.734195 0.64752 0.0536798 0.224278 0.728173
0 0.291715 0.330527 0.0290169 0.187597 0.721071
0 0.316015 0.315497 0.0280424 0.160474 0.659039
0 0.441251 0.308128 0.0304052 0.158561 0.609366
0 0.198257 0.175428 0.0324147 0.164017 0.563043
0 0.632489 0.225581 0.0293599 0.153125 0.546716
0 0.416136 0.304007 0.0275949 0.155431 0.54095
0 0.0995485 0.681619 0.0487585 0.189779 0.530662
0 0.706223 0.234319 0.0429623 0.137852 0.510888
0 0.162751 0.190806 0.0277548 0.153566 0.495453
0 0.340249 0.770602 0.0260661 0.142967 0.484165
3 0.836857 0.609122 0.1279 0.154766 0.479493
0 0.788551 0.0984095 0.0276522 0.0690398 0.387901
0 0.426949 0.195679 0.0318735 0.120156 0.321417
0 0.373851 0.286502 0.035949 0.186506 0.305114
58 0.809214 0.289076 0.0538933 0.0952984 0.261108
