2 0.691319 0.408091 0.139247 0.233714 0.835682
0 0.915961 0.518769 0.0373686 0.193329 0.835146
0 0.583887 0.657763 0.0425152 0.224028 0.81824
0 0.546301 0.681061 0.0382357 0.224434 0.810548
0 0.168401 0.593336 0.0407903 0.216883 0.788109
0 0.244738 0.30318 0.0333096 0.182351 0.739954
0 0.846276 0.657995 0.0506321 0.213114 0.733774
0 0.475456 0.937291 0.0306582 0.125419 0.719884
0 0.219891 0.305274 0.0282485 0.159669 0.584643
0 0.160731 0.252311 0.026772 0.164701 0.532941
0 0.418405 0.205984 0.0252921 0.147747 0.474558
0 0.191932 0.254374 0.0266966 0.149625 0.454412
0 0.850847 0.0569377 0.0213017 0.110497 0.45359
0 0.78668 0.0926032 0.0307367 0.137204 0.447922
0 0.263188 0.155935 0.031962 0.157382 0.421464
3 0.700718 0.192739 0.102611 0.107884 0.383298
0 0.694845 0.0844048 0.04201 0.165625 0.340067
58 0.345657 0.309494 0.0479662 0.116009 0.332185
0 0.233276 0.163154 0.0288183 0.157587 0.327221
3 0.809019 0.607794 0.0684002 0.137169 0.280347
0 0.761227 0.125612 0.0269443 0.139178 0.270497
0 0.200272 0.16815 0.0256388 0.132091 0.269835
