2 0.691306 0.409184 0.139083 0.237733 0.827295
0 0.643103 0.851208 0.0455618 0.242782 0.818911
0 0.465215 0.932932 0.0432091 0.134135 0.804667
0 0.917815 0.518155 0.0433979 0.19515 0.802036
0 0.173492 0.469152 0.0358123 0.201688 0.738558
0 0.689987 0.839318 0.0484585 0.242994 0.715168
0 0.222413 0.613137 0.0386504 0.22096 0.6974
0 0.263361 0.22567 0.0339332 0.168663 0.694327
0 0.849486 0.659189 0.0468533 0.215673 0.643973
0 0.786305 0.0666561 0.0318819 0.132992 0.634353
0 0.851169 0.195744 0.0326902 0.1654 0.59213
0 0.424897 0.207651 0.0255001 0.161723 0.489428
3 0.701332 0.189437 0.101825 0.113348 0.430531
0 0.148417 0.269034 0.0273797 0.173507 0.423726
0 0.233259 0.232876 0.0240284 0.141247 0.397842
58 0.345291 0.305068 0.0476007 0.106841 0.314355
1 0.702638 0.19168 0.0977375 0.109612 0.290591
0 0.305057 0.175129 0.0309951 0.178147 0.269822
