2 0.69138 0.410931 0.138836 0.235353 0.863017
0 0.915902 0.521711 0.0383619 0.194521 0.842436
0 0.505858 0.922791 0.0329117 0.154418 0.776877
0 0.188838 0.893782 0.0518116 0.212435 0.732672
0 0.255031 0.500155 0.0334233 0.207375 0.710274
0 0.538998 0.16086 0.0299162 0.163504 0.704219
0 0.792682 0.655021 0.0520811 0.23005 0.697933
0 0.502396 0.134606 0.02965 0.162324 0.687926
0 0.572981 0.156 0.0285041 0.151964 0.677459
0 0.451859 0.47181 0.0393882 0.196805 0.674821
0 0.220301 0.489139 0.0364093 0.203423 0.662875
0 0.294948 0.511254 0.0334987 0.192232 0.661303
0 0.157197 0.653991 0.0467048 0.229901 0.638024
0 0.137939 0.452049 0.0306176 0.175438 0.616451
0 0.481677 0.479157 0.031897 0.179464 0.613245
0 0.892485 0.107375 0.0292566 0.13924 0.609408
0 0.769934 0.0798568 0.0272518 0.129015 0.493308
1 0.858518 0.626407 0.0841118 0.117531 0.414104
0 0.429455 0.219235 0.0310116 0.157067 0.347133
3 0.701656 0.197564 0.0992455 0.100673 0.346061
0 0.448707 0.476084 0.0290433 0.184935 0.343714
0 0.25654 0.211841 0.034125 0.175579 0.301053
0 0.164526 0.650299 0.0313609 0.223182 0.266656
0 0.203229 0.786076 0.0449649 0.13999 0.261941
0 0.204675 0.839124 0.0466013 0.245545 0.252942
