0 0.660103 0.798932 0.0459173 0.237763 0.843644
0 0.190852 0.850827 0.0453116 0.241873 0.830139
0 0.500193 0.413495 0.03873 0.20013 0.830124
2 0.691235 0.408804 0.139075 0.234414 0.825107
0 0.91455 0.518042 0.038493 0.192341 0.81534
0 0.459573 0.417298 0.0338451 0.188429 0.811482
0 0.871522 0.178268 0.0296658 0.15135 0.796749
0 0.848241 0.657003 0.0506029 0.213185 0.753242
0 0.61562 0.154953 0.028525 0.158966 0.750799
0 0.184218 0.477874 0.0327256 0.182474 0.750175
0 0.928926 0.733991 0.048266 0.229155 0.721406
0 0.501347 0.930472 0.0387311 0.139056 0.703908
0 0.221962 0.478193 0.0402057 0.195754 0.657813
0 0.235948 0.313378 0.0319235 0.178146 0.621718
0 0.270118 0.296894 0.0315189 0.161842 0.614926
0 0.932131 0.213212 0.0274292 0.151933 0.56052
0 0.434578 0.207922 0.0293728 0.161342 0.450757
0 0.188651 0.315434 0.0278324 0.148886 0.357621
0 0.162946 0.194136 0.0295801 0.155617 0.318254
1 0.701796 0.1987 0.0986635 0.0978462 0.282893
0 0.694522 0.0880422 0.0441245 0.17143 0.266772
0 0.337012 0.782768 0.0315364 0.138796 0.259502
