2 0.691269 0.410292 0.13893 0.233356 0.87131
0 0.916105 0.520905 0.0379417 0.19629 0.849122
0 0.24202 0.285985 0.039854 0.189064 0.777044
0 0.229161 0.663001 0.0438594 0.223967 0.761122
0 0.069625 0.717506 0.0529625 0.221736 0.76111
0 0.51858 0.922186 0.0311216 0.151387 0.760558
0 0.284958 0.395145 0.0413173 0.193616 0.73828
0 0.611763 0.212177 0.0300901 0.167126 0.721524
0 0.131829 0.581183 0.0312163 0.184714 0.719968
0 0.48285 0.227432 0.0328444 0.170225 0.648806
0 0.329551 0.378817 0.029215 0.15451 0.642037
0 0.734145 0.643137 0.0533909 0.229888 0.636432
3 0.836796 0.612971 0.127669 0.150029 0.549591
0 0.0667029 0.570093 0.0319778 0.131766 0.533348
0 0.41079 0.36492 0.0321194 0.183169 0.526638
0 0.429395 0.218302 0.0330641 0.16016 0.489701
0 0.0192319 0.675715 0.0378796 0.21538 0.488734
0 0.439042 0.373682 0.030299 0.170466 0.471358
0 0.642886 0.20473 0.0314019 0.153547 0.465515
0 0.729323 0.634826 0.0368027 0.212913 0.4328
0 0.197359 0.177753 0.0328125 0.159087 0.41777
0 0.164058 0.192456 0.0272682 0.157362 0.407356
0 0.790079 0.101927 0.0300243 0.0705802 0.349226
0 0.549908 0.192734 0.0309607 0.131934 0.344765
0 0.28608 0.195291 0.0316512 0.149768 0.333828
