0 0.171366 0.556459 0.0379504 0.205643 0.841248
0 0.566421 0.718138 0.0397799 0.228566 0.836952
0 0.915912 0.51841 0.0379494 0.193784 0.831665
2 0.69143 0.408606 0.138971 0.236512 0.829531
0 0.478319 0.943585 0.0468111 0.11283 0.774994
0 0.604092 0.701868 0.0445881 0.236331 0.739491
0 0.847527 0.656611 0.0495625 0.215369 0.710594
0 0.311055 0.642051 0.0341012 0.226504 0.707141
0 0.248638 0.279388 0.0329483 0.170944 0.539956
0 0.220845 0.28662 0.0262672 0.153178 0.425185
0 0.159169 0.254171 0.0280994 0.164564 0.406497
58 0.34623 0.305711 0.0494693 0.106409 0.366629
1 0.69872 0.192295 0.0929193 0.112608 0.323076
0 0.182747 0.255053 0.0275911 0.158964 0.321311
0 0.299226 0.193269 0.030065 0.147688 0.319554
3 0.701386 0.190303 0.100929 0.108428 0.263019
