2 0.691349 0.409895 0.139346 0.236527 0.826932
0 0.153973 0.920555 0.0516342 0.15889 0.808596
0 0.884923 0.335165 0.0365772 0.176912 0.735989
0 0.403114 0.657635 0.0395853 0.229304 0.72057
0 0.212419 0.305675 0.033425 0.174799 0.719864
0 0.78877 0.0674808 0.0317356 0.130321 0.692226
0 0.916252 0.521254 0.037167 0.193637 0.670344
0 0.165582 0.891959 0.049178 0.216082 0.652737
0 0.598705 0.868883 0.0464569 0.229958 0.564076
0 0.966286 0.310379 0.0342346 0.162954 0.561821
3 0.700631 0.194191 0.102339 0.106115 0.558358
0 0.259277 0.162571 0.0298345 0.160356 0.528348
0 0.431493 0.210585 0.034395 0.178373 0.516812
0 0.556499 0.865948 0.0476578 0.250702 0.512912
0 0.433475 0.181939 0.0367281 0.230256 0.510582
0 0.541819 0.93016 0.0534976 0.139681 0.485192
0 0.16191 0.177848 0.0326454 0.189074 0.473754
0 0.17295 0.889417 0.0291372 0.221167 0.471724
0 0.85029 0.655991 0.0501636 0.218283 0.46625
3 0.839341 0.600309 0.128612 0.160217 0.456917
0 0.876314 0.0643962 0.0266832 0.127668 0.450388
0 0.695431 0.0850331 0.042598 0.166691 0.41639
0 0.835383 0.0649479 0.0289494 0.125031 0.405807
58 0.811122 0.311599 0.0537842 0.143871 0.351235
0 0.20241 0.163725 0.0301274 0.1458 0.329978
0 0.121122 0.350172 0.0322604 0.17302 0.311062
58 0.345238 0.305519 0.0482503 0.107949 0.310526
0 0.375957 0.261549 0.0388029 0.124956 0.309687
0 0.548482 0.871841 0.0473421 0.251172 0.255288
