2 0.691053 0.410857 0.139053 0.234967 0.85996
0 0.915859 0.520214 0.0383335 0.195146 0.840921
0 0.510768 0.923248 0.0454248 0.145864 0.79227
0 0.313473 0.461391 0.0336404 0.188496 0.784652
0 0.271481 0.454118 0.0360939 0.198402 0.783077
0 0.219439 0.558657 0.0489872 0.220747 0.740457
0 0.862121 0.0835062 0.0284477 0.142169 0.73526
0 0.10921 0.636429 0.0407852 0.228536 0.701768
0 0.150859 0.831698 0.046016 0.246212 0.698739
0 0.755749 0.639195 0.042601 0.232769 0.692865
0 0.564477 0.181129 0.0294631 0.162308 0.624539
0 0.435982 0.426484 0.0381304 0.188312 0.621131
0 0.601792 0.169203 0.0306799 0.154997 0.601928
0 0.506235 0.170217 0.0355927 0.168777 0.584306
0 0.133744 0.500702 0.0346775 0.179428 0.577398
3 0.701012 0.194714 0.101814 0.104319 0.498704
0 0.781148 0.106963 0.0264299 0.132294 0.498577
0 0.473371 0.429326 0.0324413 0.175516 0.480799
3 0.838358 0.616034 0.123718 0.14539 0.4579
0 0.141228 0.697955 0.0375124 0.11219 0.427053
0 0.25559 0.239895 0.0359703 0.184745 0.405067
0 0.165006 0.195612 0.0288053 0.14876 0.336322
0 0.428799 0.216196 0.0306845 0.160936 0.309762
1 0.693098 0.197897 0.0860567 0.110364 0.282558
