2 0.691161 0.407872 0.138522 0.236327 0.893336
0 0.230727 0.423417 0.0433194 0.21571 0.827634
0 0.916133 0.519353 0.0377672 0.193497 0.824119
0 0.229565 0.930434 0.0558571 0.137991 0.774228
0 0.0725622 0.621793 0.040523 0.225549 0.769406
0 0.0222946 0.805238 0.0383109 0.211671 0.764991
0 0.643943 0.951005 0.0450655 0.0979906 0.761942
0 0.779043 0.281689 0.0319349 0.172649 0.744422
0 0.276564 0.262278 0.0374703 0.181676 0.726179
0 0.73526 0.641762 0.0584213 0.229876 0.614263
0 0.538049 0.248728 0.032323 0.158548 0.568382
3 0.836723 0.608506 0.129316 0.154695 0.539597
0 0.729374 0.63469 0.0434759 0.216924 0.507313
0 0.482127 0.243636 0.0296885 0.146997 0.479973
0 0.717211 0.262476 0.037188 0.135322 0.479408
0 0.199812 0.172458 0.0340612 0.168604 0.474842
0 0.427544 0.221282 0.0329935 0.172028 0.456651
0 0.162544 0.184238 0.0285693 0.169652 0.442398
0 0.788371 0.0995201 0.028529 0.0692266 0.406799
0 0.987967 0.362205 0.0234779 0.177357 0.393461
0 0.451979 0.244005 0.0272661 0.179998 0.339205
58 0.810399 0.310467 0.0516615 0.138847 0.323571
58 0.344861 0.307616 0.046323 0.111698 0.268099
