0 0.915359 0.518244 0.0385674 0.194339 0.850084
2 0.691306 0.40862 0.138651 0.235259 0.839787
0 0.509203 0.604668 0.0353762 0.206787 0.837589
0 0.158766 0.653549 0.0412181 0.224295 0.809825
0 0.556089 0.588926 0.0376789 0.218167 0.788417
0 0.470749 0.936831 0.0411057 0.126337 0.752542
0 0.84663 0.659158 0.0514767 0.21238 0.681701
0 0.4324 0.208267 0.0364984 0.16451 0.675802
0 0.242644 0.341934 0.0324205 0.182586 0.621661
0 0.208271 0.339658 0.0245704 0.156201 0.598476
0 0.747468 0.100711 0.0317429 0.139202 0.511487
0 0.174569 0.247939 0.0267228 0.164249 0.495542
0 0.570632 0.0464705 0.0275698 0.0891422 0.483797
0 0.262091 0.191932 0.0313645 0.187702 0.473657
0 0.871801 0.0863428 0.0275959 0.143345 0.450273
0 0.202391 0.33999 0.0351907 0.162 0.437295
3 0.701798 0.192827 0.0999504 0.107744 0.399182
0 0.695441 0.0847332 0.042572 0.164835 0.381386
58 0.809422 0.296206 0.053368 0.112496 0.317444
0 0.781067 0.118693 0.0285423 0.140454 0.311499
58 0.34502 0.307046 0.0466349 0.108889 0.302188
0 0.19408 0.235529 0.0258647 0.140467 0.294027
0 0.232541 0.201854 0.0275954 0.164634 0.272548
0 0.337045 0.785614 0.0330517 0.13117 0.265281
0 0.82559 0.0642856 0.0215733 0.121436 0.263317
0 0.304335 0.18778 0.0282662 0.155309 0.255913
