2 0.691029 0.410255 0.13893 0.234515 0.844047
0 0.915904 0.520281 0.0380207 0.194848 0.828363
0 0.138415 0.799726 0.0458268 0.236711 0.759929
0 0.506449 0.919817 0.0376595 0.154175 0.755758
0 0.316533 0.44761 0.0325253 0.180059 0.745147
0 0.272208 0.450744 0.0365919 0.206947 0.738822
0 0.746086 0.642208 0.0437565 0.238261 0.737532
0 0.610781 0.177455 0.031115 0.153233 0.721209
0 0.571275 0.188795 0.0288474 0.166001 0.695581
3 0.837586 0.615157 0.126749 0.148741 0.693417
0 0.856968 0.0747004 0.0260881 0.136775 0.673159
0 0.0935208 0.636581 0.047036 0.219066 0.651993
0 0.129996 0.515324 0.0330467 0.187386 0.648892
0 0.504799 0.182914 0.0344131 0.169167 0.646923
0 0.223895 0.576558 0.043888 0.218323 0.634846
0 0.253818 0.248553 0.0382169 0.190677 0.558888
0 0.432548 0.41672 0.0353374 0.183345 0.537506
0 0.465638 0.419654 0.0355887 0.178995 0.490861
3 0.700834 0.195694 0.102002 0.102544 0.418528
0 0.430144 0.216892 0.030949 0.15783 0.396288
0 0.782103 0.111607 0.0261934 0.115471 0.388544
0 0.122409 0.693546 0.0467739 0.130526 0.358709
0 0.16315 0.194825 0.0277328 0.15014 0.302373
1 0.70289 0.200138 0.096912 0.0978964 0.284085
0 0.695313 0.087504 0.0424696 0.169893 0.275452
