2 0.69153 0.410164 0.139038 0.237023 0.838477
0 0.207279 0.334435 0.0330881 0.179131 0.815424
0 0.18658 0.921175 0.0498239 0.15765 0.808663
0 0.151596 0.953333 0.0449015 0.0933343 0.799545
0 0.91584 0.519174 0.0388634 0.194326 0.798288
0 0.881097 0.301803 0.0374537 0.172805 0.789046
0 0.628786 0.904326 0.0492248 0.190527 0.712624
0 0.787488 0.0670837 0.0302563 0.130066 0.69834
0 0.578784 0.896367 0.0408481 0.20178 0.689031
0 0.537116 0.934191 0.0327887 0.131618 0.638098
0 0.987408 0.333906 0.0243992 0.167706 0.586831
0 0.16274 0.188447 0.0302929 0.164962 0.5739
0 0.201274 0.171411 0.0301867 0.169208 0.543063
0 0.843624 0.658838 0.0603268 0.212466 0.529241
0 0.236104 0.139096 0.0259042 0.149418 0.474421
3 0.701276 0.195461 0.100262 0.100706 0.461046
0 0.86506 0.0538211 0.0297829 0.102366 0.438823
0 0.264765 0.140983 0.0286102 0.186988 0.406433
3 0.841209 0.598137 0.125279 0.152443 0.38242
0 0.102549 0.330256 0.029226 0.180579 0.379233
58 0.34589 0.307743 0.0493145 0.111237 0.36048
0 0.695529 0.0853212 0.0420143 0.166975 0.34675
0 0.307306 0.183375 0.0311936 0.155214 0.319056
0 0.436591 0.168034 0.0309664 0.229456 0.296531
0 0.436318 0.216226 0.0238876 0.153933 0.28613
58 0.809479 0.309764 0.0525244 0.137714 0.273893
1 0.703046 0.196413 0.0972517 0.100153 0.254629
