0 0.192352 0.813586 0.0490398 0.248868 0.864074
0 0.679415 0.857858 0.045656 0.258578 0.858746
2 0.691266 0.40911 0.138825 0.234704 0.828794
0 0.914579 0.518465 0.0374187 0.192237 0.806401
0 0.860334 0.160824 0.0295135 0.147695 0.792001
0 0.507944 0.437805 0.0336771 0.193622 0.789772
0 0.223285 0.45483 0.0401213 0.195773 0.787402
0 0.463449 0.454687 0.0312357 0.19796 0.772018
0 0.494626 0.938318 0.0392256 0.123364 0.755848
0 0.603018 0.137054 0.0316317 0.152826 0.737064
0 0.931274 0.736368 0.0441319 0.228666 0.714504
0 0.847848 0.657665 0.0487816 0.21271 0.669673
0 0.920656 0.193469 0.0274349 0.152364 0.633287
0 0.19151 0.452461 0.0319675 0.16237 0.624042
0 0.434392 0.208915 0.0319645 0.16128 0.495039
0 0.694583 0.08658 0.0440562 0.168919 0.400686
0 0.137477 0.194261 0.0280749 0.152815 0.373488
1 0.702818 0.196519 0.097279 0.101435 0.348424
0 0.180225 0.240992 0.0333411 0.1742 0.344992
3 0.804613 0.606732 0.0611202 0.124283 0.294616
0 0.264156 0.276478 0.028881 0.165775 0.28441
0 0.783905 0.183835 0.0287067 0.154003 0.282749
3 0.701617 0.194862 0.0996565 0.100187 0.278277
3 0.80128 0.620325 0.0498161 0.0938017 0.271494
0 0.199183 0.297692 0.0308972 0.150538 0.26467
58 0.345287 0.305957 0.0481206 0.108012 0.258823
0 0.338875 0.786004 0.0284227 0.131381 0.258084
0 0.161584 0.190002 0.025497 0.154017 0.250152
