0 0.915119 0.518263 0.0390537 0.194848 0.847972
0 0.508401 0.60442 0.0347218 0.208571 0.845774
2 0.69122 0.40891 0.138796 0.235162 0.843083
0 0.158192 0.653717 0.0423596 0.223184 0.802398
0 0.554621 0.586509 0.0393969 0.215057 0.759925
0 0.471121 0.936743 0.0408211 0.126514 0.753574
0 0.846655 0.658943 0.0510445 0.212741 0.691135
0 0.242548 0.344625 0.0323496 0.177732 0.661143
0 0.433578 0.208577 0.0346157 0.163266 0.644404
0 0.207087 0.339411 0.0272517 0.157851 0.641124
0 0.570643 0.0465702 0.0280001 0.0894438 0.559632
0 0.747454 0.0994942 0.0331978 0.139526 0.524039
0 0.17424 0.247706 0.0276385 0.163791 0.504858
0 0.872284 0.084559 0.0266047 0.146847 0.489138
0 0.201033 0.339812 0.0383543 0.16357 0.480511
0 0.695423 0.0850042 0.0435482 0.165499 0.455992
3 0.701775 0.191697 0.102008 0.112958 0.404913
0 0.261768 0.195836 0.0312154 0.184798 0.404193
0 0.780899 0.119213 0.0287355 0.141578 0.35768
0 0.228755 0.202382 0.0291551 0.160858 0.332639
0 0.193881 0.233237 0.0250081 0.138362 0.29277
3 0.809449 0.608639 0.0702864 0.135237 0.273256
1 0.702456 0.195438 0.0971069 0.105397 0.264666
0 0.135267 0.190581 0.0299638 0.165843 0.254587
