2 0.691333 0.410353 0.139291 0.234419 0.877312
0 0.915944 0.521245 0.0380825 0.194914 0.852028
0 0.23347 0.749028 0.0494081 0.236644 0.823316
0 0.238484 0.320634 0.03834 0.193324 0.806288
0 0.070961 0.622024 0.0382235 0.22713 0.788231
0 0.552191 0.919288 0.0323177 0.158272 0.725813
0 0.129807 0.647631 0.0333644 0.193597 0.720117
0 0.461673 0.265688 0.0362317 0.174187 0.71031
0 0.734239 0.649206 0.0529741 0.221962 0.698133
0 0.529763 0.196944 0.0347902 0.163432 0.61687
0 0.289849 0.354547 0.0331 0.195071 0.610867
0 0.197903 0.175235 0.0322848 0.162575 0.580868
0 0.326236 0.33228 0.0307532 0.172364 0.54205
0 0.410055 0.327629 0.0337602 0.180269 0.524553
0 0.163869 0.192569 0.026596 0.150587 0.505317
3 0.836736 0.611034 0.127271 0.156309 0.503895
0 0.339999 0.771076 0.0274011 0.147956 0.420778
0 0.672158 0.217238 0.0431522 0.160276 0.406762
26 0.216594 0.728581 0.0169034 0.0637712 0.406685
0 0.426816 0.204042 0.0282943 0.130432 0.377057
0 0.433545 0.342873 0.026874 0.156775 0.356583
0 0.605824 0.203622 0.0280685 0.112733 0.355909
0 0.242352 0.106575 0.0316586 0.153642 0.283608
3 0.722483 0.195699 0.0592606 0.077614 0.251127
58 0.809252 0.287092 0.0530441 0.0896006 0.250117
