0 0.916067 0.521825 0.0381929 0.19534 0.842274
2 0.691395 0.412418 0.138922 0.239074 0.832023
0 0.239404 0.94737 0.0499811 0.105261 0.761455
0 0.227265 0.559937 0.0432196 0.211957 0.739172
0 0.530485 0.467891 0.0343576 0.188125 0.725593
0 0.827536 0.68416 0.0455202 0.224668 0.722069
0 0.513488 0.927962 0.033536 0.141286 0.704426
0 0.91669 0.137404 0.028414 0.143358 0.665869
0 0.523347 0.135576 0.0298245 0.158747 0.646667
0 0.263451 0.891892 0.0616244 0.146023 0.646134
0 0.249494 0.182553 0.0389332 0.174355 0.601268
0 0.553058 0.138645 0.028134 0.151802 0.59791
0 0.488034 0.51997 0.0309792 0.183328 0.58704
0 0.130606 0.395699 0.0319166 0.169698 0.584209
0 0.498334 0.0906907 0.0330828 0.153158 0.580185
0 0.461496 0.523581 0.0392016 0.20751 0.575692
0 0.243123 0.415403 0.0402426 0.178642 0.493505
0 0.277814 0.566242 0.0343677 0.200473 0.459715
0 0.763292 0.0549373 0.0283482 0.109143 0.423321
0 0.162752 0.180741 0.0287606 0.191771 0.415036
0 0.257511 0.644815 0.0414559 0.233686 0.41039
0 0.206247 0.179627 0.0319375 0.167051 0.367901
0 0.429518 0.218204 0.0307656 0.1581 0.355449
0 0.848257 0.0643112 0.026429 0.122196 0.351271
1 0.702809 0.199081 0.0975163 0.0957372 0.346638
3 0.70117 0.197436 0.100364 0.100548 0.343425
0 0.973387 0.543357 0.0516819 0.188418 0.330388
1 0.866641 0.631451 0.0476902 0.108782 0.305059
3 0.838562 0.594837 0.126793 0.159513 0.302252
0 0.694994 0.0879335 0.0436384 0.17029 0.284834
