2 0.691584 0.411583 0.139164 0.237589 0.857088
0 0.916304 0.52227 0.0380322 0.195881 0.850283
0 0.23869 0.601652 0.0639626 0.325959 0.784373
0 0.509236 0.924956 0.0319368 0.145194 0.738438
0 0.498857 0.102951 0.0320766 0.159848 0.728676
0 0.280957 0.56187 0.0364906 0.207042 0.707346
0 0.910585 0.134062 0.0278492 0.1349 0.704263
0 0.526335 0.14301 0.0295967 0.158776 0.698732
0 0.225935 0.927116 0.05016 0.120442 0.68928
0 0.134222 0.410792 0.031237 0.172249 0.670046
0 0.823113 0.681341 0.0409317 0.212869 0.666408
0 0.459329 0.509645 0.0390369 0.200842 0.638405
0 0.249324 0.861695 0.0550031 0.145818 0.636335
0 0.515284 0.449854 0.0304897 0.171966 0.613567
0 0.554266 0.142168 0.0267414 0.148542 0.613162
0 0.250444 0.184706 0.035994 0.173338 0.608485
0 0.488787 0.514064 0.0321814 0.181501 0.511579
0 0.429097 0.220399 0.0293088 0.152814 0.508852
0 0.236319 0.402826 0.0380762 0.136556 0.506981
0 0.764559 0.0537239 0.030102 0.107448 0.399925
1 0.864132 0.632344 0.0514488 0.102696 0.378977
0 0.161281 0.188455 0.0310366 0.175903 0.352096
26 0.4385 0.543239 0.0195271 0.0483131 0.321148
3 0.701368 0.198135 0.1002 0.100403 0.302695
1 0.665241 0.203686 0.0327177 0.0885323 0.298767
0 0.205587 0.177124 0.0329054 0.15747 0.289717
0 0.970875 0.556092 0.0419636 0.179897 0.27153
3 0.837823 0.59518 0.126351 0.158397 0.266489
