0 0.168675 0.70635 0.0429395 0.232633 0.858552
2 0.69141 0.409538 0.138857 0.236446 0.841963
0 0.915119 0.518658 0.0386023 0.192035 0.841638
0 0.485046 0.549488 0.0353153 0.207147 0.834245
0 0.53126 0.535351 0.0354208 0.212219 0.805734
0 0.491068 0.934784 0.0389849 0.130431 0.783197
0 0.240796 0.378592 0.0335643 0.181459 0.780541
0 0.737545 0.948372 0.0530511 0.103255 0.764846
0 0.847874 0.658922 0.0498602 0.212567 0.727869
0 0.195591 0.378765 0.038317 0.160289 0.716601
0 0.580972 0.0686543 0.0307716 0.137309 0.648391
0 0.749386 0.079093 0.0288088 0.139559 0.632666
0 0.836067 0.0807807 0.030604 0.106096 0.588156
0 0.43391 0.207184 0.0376353 0.161903 0.566877
0 0.893064 0.112402 0.0291634 0.165673 0.515231
0 0.26204 0.227217 0.0358863 0.18263 0.44455
0 0.183661 0.238506 0.0381534 0.18035 0.430011
0 0.695378 0.0836908 0.0426962 0.162775 0.412245
0 0.227029 0.229763 0.0264612 0.156733 0.389077
0 0.965384 0.756298 0.0320496 0.2596 0.34424
58 0.80939 0.284598 0.0532219 0.0877036 0.322229
26 0.182597 0.348614 0.0194059 0.0553916 0.299367
0 0.794875 0.0605416 0.0270422 0.109128 0.292259
0 0.133392 0.18915 0.0296647 0.162302 0.278417
0 0.941201 0.725422 0.0296192 0.193137 0.271992
3 0.80994 0.608415 0.070645 0.129946 0.267124
3 0.701797 0.19431 0.100187 0.106206 0.265759
1 0.722938 0.196951 0.0579882 0.0907612 0.257991
58 0.810536 0.308292 0.0533709 0.136287 0.254034
