2 0.691309 0.409835 0.139337 0.23672 0.869161
0 0.139421 0.772268 0.049966 0.242398 0.828155
0 0.441836 0.662291 0.0448027 0.228532 0.82555
0 0.184595 0.798361 0.0420389 0.233662 0.815643
0 0.253099 0.248259 0.0389817 0.176388 0.815205
0 0.496217 0.709238 0.0423283 0.229566 0.794098
0 0.538419 0.712857 0.0388953 0.206165 0.764991
0 0.551876 0.93141 0.0402554 0.137181 0.704763
0 0.951529 0.425018 0.039591 0.18513 0.684808
0 0.914312 0.519857 0.0414295 0.191361 0.68287
0 0.534815 0.0656639 0.0284032 0.131132 0.672602
0 0.916665 0.239232 0.031646 0.150019 0.627994
0 0.867652 0.397152 0.0318752 0.176713 0.575247
0 0.499945 0.0652884 0.0274755 0.130577 0.546363
0 0.203271 0.180121 0.0355977 0.162407 0.542624
0 0.947357 0.219261 0.030681 0.167293 0.536467
0 0.874422 0.115433 0.0306793 0.155174 0.535805
0 0.431972 0.211784 0.0248529 0.167091 0.499232
3 0.70061 0.193371 0.102262 0.102457 0.455618
0 0.900801 0.11941 0.024276 0.131805 0.447375
0 0.823714 0.655243 0.0449673 0.211682 0.40632
0 0.247611 0.105848 0.0328577 0.154419 0.385226
0 0.0817968 0.408704 0.0261281 0.154754 0.32447
1 0.869911 0.630656 0.0579388 0.109839 0.316663
0 0.472331 0.0632004 0.0233537 0.120079 0.307474
0 0.696086 0.0837499 0.0428224 0.163867 0.301014
3 0.795088 0.601714 0.044392 0.122026 0.300039
0 0.247015 0.133952 0.0342743 0.218841 0.28587
1 0.702714 0.197196 0.097718 0.0984123 0.27476
58 0.809622 0.284224 0.053339 0.0866966 0.271503
0 0.337227 0.782814 0.0313371 0.136629 0.263306
