0 0.916174 0.522506 0.0383339 0.195612 0.848538
2 0.691436 0.411616 0.139025 0.236771 0.847636
0 0.241592 0.603339 0.0650595 0.321686 0.776497
0 0.824942 0.682808 0.0430807 0.225144 0.728636
0 0.498821 0.0996131 0.0318504 0.155186 0.710768
0 0.519702 0.455637 0.0320591 0.18239 0.704587
0 0.525215 0.142089 0.0294582 0.158782 0.704403
0 0.229917 0.938856 0.0485174 0.115642 0.702994
0 0.511484 0.926233 0.0325587 0.144128 0.694257
0 0.912902 0.131735 0.0285309 0.139263 0.694106
0 0.25602 0.875427 0.0583761 0.145988 0.679537
0 0.133246 0.403977 0.0321402 0.163187 0.664637
0 0.250024 0.185171 0.0377777 0.175834 0.657201
0 0.460962 0.513334 0.0398132 0.196032 0.657061
0 0.55374 0.141393 0.0261459 0.149546 0.636665
0 0.279745 0.561424 0.0356782 0.199359 0.633499
0 0.487341 0.516913 0.0299198 0.187671 0.526967
0 0.238187 0.407693 0.0405707 0.149884 0.522039
1 0.865636 0.632045 0.0503674 0.10359 0.482685
0 0.429717 0.219072 0.0297632 0.15511 0.430298
0 0.764076 0.055933 0.0321742 0.111483 0.374545
26 0.439916 0.550331 0.0165955 0.0470275 0.350272
0 0.161582 0.180984 0.0310604 0.190235 0.344363
0 0.20622 0.176889 0.0316897 0.158582 0.331259
0 0.973023 0.555606 0.0453663 0.181479 0.278273
0 0.694946 0.0881028 0.0420403 0.171046 0.269895
3 0.838438 0.596344 0.127852 0.156328 0.269151
1 0.665339 0.204084 0.0331607 0.0892834 0.256595
3 0.70077 0.197995 0.101561 0.102532 0.255189
1 0.703052 0.200616 0.0966209 0.0946201 0.251031
