2 0.691283 0.41048 0.139212 0.234203 0.878217
0 0.916025 0.521341 0.0383011 0.195536 0.835182
0 0.238716 0.711677 0.0502625 0.237834 0.800909
0 0.237089 0.304015 0.0379667 0.195343 0.783254
0 0.53055 0.925096 0.0336039 0.148717 0.774176
0 0.0704142 0.621973 0.0391894 0.227278 0.745555
0 0.0357521 0.684721 0.0537189 0.216956 0.737584
0 0.471624 0.250515 0.0382985 0.176549 0.72659
0 0.734166 0.644809 0.0524786 0.227929 0.71328
0 0.138381 0.617928 0.0343725 0.189423 0.710727
0 0.636238 0.221537 0.0308872 0.165164 0.656868
0 0.409379 0.346314 0.030582 0.175216 0.653228
0 0.289142 0.372611 0.0312455 0.1957 0.636459
3 0.837062 0.610186 0.12728 0.154397 0.582275
0 0.198234 0.177761 0.0310843 0.160504 0.572351
0 0.57697 0.206859 0.0298347 0.145133 0.537815
0 0.433944 0.358187 0.030925 0.163481 0.523061
0 0.427516 0.214006 0.0315308 0.15145 0.50559
0 0.33005 0.351301 0.0283471 0.198865 0.451905
0 0.660643 0.219831 0.0292359 0.152252 0.449857
0 0.164726 0.193402 0.0277891 0.155394 0.437284
3 0.711669 0.194102 0.0805979 0.0919893 0.434345
0 0.340623 0.77126 0.0257551 0.146805 0.324962
0 0.496017 0.188601 0.0304598 0.152317 0.309763
0 0.334719 0.359954 0.0331597 0.195671 0.259511
