0 0.725383 0.926695 0.0524174 0.146112 0.863074
0 0.915772 0.518791 0.0373774 0.191244 0.810021
2 0.691407 0.408915 0.138782 0.233667 0.809341
0 0.479098 0.522836 0.0341543 0.201955 0.784974
0 0.523264 0.515572 0.0422185 0.211417 0.77333
0 0.17375 0.726496 0.0404539 0.226635 0.753294
0 0.49485 0.93328 0.0401566 0.13344 0.7059
0 0.848284 0.659023 0.0498266 0.210427 0.682913
0 0.236088 0.392547 0.0351888 0.177579 0.670788
0 0.934339 0.739188 0.0428707 0.218278 0.65947
0 0.194745 0.393807 0.0327978 0.161471 0.652381
0 0.589322 0.0774563 0.030961 0.14417 0.643764
0 0.435213 0.208827 0.0308559 0.160658 0.482387
0 0.752308 0.0722155 0.0287933 0.137362 0.437761
0 0.183173 0.238796 0.0379868 0.175857 0.432103
0 0.695076 0.0832388 0.0428028 0.163166 0.418974
0 0.841007 0.0982736 0.0256428 0.121422 0.376791
0 0.899569 0.138031 0.0253681 0.136279 0.367178
0 0.261955 0.241479 0.0351936 0.180175 0.349332
2 0.0563265 0.331644 0.0615911 0.133664 0.31129
0 0.137207 0.192205 0.0295404 0.158759 0.294819
0 0.220875 0.243635 0.0258971 0.148254 0.278019
1 0.723895 0.197818 0.0558672 0.088144 0.257207
