2 0.691233 0.411445 0.139074 0.234773 0.862585
0 0.915625 0.521598 0.0382996 0.196359 0.819576
0 0.510832 0.925961 0.0426496 0.144024 0.765449
0 0.176374 0.878171 0.0492949 0.243657 0.759415
0 0.224555 0.509944 0.0400391 0.20448 0.757442
0 0.299392 0.491525 0.0350421 0.184712 0.70744
0 0.258738 0.487742 0.0322763 0.208817 0.697999
0 0.50359 0.148839 0.0312712 0.163164 0.682674
0 0.883224 0.0964567 0.029092 0.141417 0.665352
0 0.777309 0.652519 0.0433224 0.225865 0.656066
0 0.138612 0.652413 0.0355787 0.231439 0.652005
0 0.545698 0.172895 0.0314367 0.166741 0.641116
0 0.136838 0.467768 0.0325873 0.176054 0.611981
0 0.582132 0.160156 0.0274876 0.15277 0.595132
0 0.774307 0.0947624 0.0308695 0.137122 0.534874
0 0.445019 0.45893 0.0339462 0.18821 0.488183
0 0.255839 0.222133 0.0360856 0.18278 0.486518
0 0.188338 0.755606 0.047972 0.130696 0.47517
0 0.482295 0.45949 0.0353891 0.176393 0.473769
3 0.70155 0.197895 0.0997345 0.101869 0.388107
0 0.162707 0.193364 0.0250066 0.159394 0.371677
0 0.195104 0.182117 0.0289434 0.162041 0.352992
3 0.846478 0.620681 0.107699 0.138107 0.33891
0 0.422013 0.419685 0.0273735 0.196653 0.337243
0 0.282465 0.183188 0.0272519 0.160156 0.320743
0 0.42846 0.21936 0.031604 0.154587 0.302912
1 0.66571 0.204609 0.0333022 0.0910684 0.269821
