2 0.691361 0.409176 0.138993 0.234169 0.853567
0 0.915672 0.518795 0.0376148 0.193741 0.83563
0 0.535673 0.658612 0.0365457 0.219097 0.823353
0 0.163541 0.598643 0.0392415 0.209389 0.82186
0 0.575072 0.642056 0.0412179 0.219617 0.751524
0 0.24439 0.308503 0.0337563 0.177007 0.732227
0 0.474266 0.933946 0.0311172 0.132109 0.719911
0 0.846655 0.65839 0.0504929 0.213378 0.698452
0 0.161082 0.249583 0.0282351 0.161685 0.600583
0 0.192488 0.247882 0.0261804 0.153894 0.543602
0 0.783605 0.098857 0.0312002 0.13644 0.540399
0 0.216288 0.312397 0.0307689 0.163649 0.539578
0 0.856921 0.0657161 0.0240435 0.131432 0.481832
3 0.700977 0.192629 0.100221 0.107939 0.421586
0 0.757227 0.121372 0.0306767 0.142172 0.421175
58 0.345002 0.308655 0.0470323 0.113873 0.388158
0 0.695064 0.0854968 0.0420029 0.166044 0.384419
0 0.421635 0.202729 0.025618 0.157985 0.375791
0 0.565847 0.0303908 0.0215994 0.0561527 0.355428
1 0.69722 0.195263 0.0910234 0.10793 0.353065
0 0.304783 0.191888 0.0314792 0.15526 0.3439
0 0.23743 0.170573 0.0267822 0.148051 0.278425
