0 0.126018 0.874704 0.0457284 0.246986 0.843539
2 0.691426 0.409899 0.139426 0.236241 0.823309
0 0.432442 0.672177 0.0416899 0.232029 0.795925
0 0.154912 0.898297 0.043787 0.203407 0.781902
0 0.912944 0.519964 0.0398525 0.193906 0.773726
0 0.942625 0.289325 0.0329842 0.158228 0.736743
0 0.551095 0.933558 0.0519075 0.132884 0.69267
0 0.535935 0.805862 0.0441304 0.216448 0.669952
0 0.217663 0.278483 0.0286668 0.178166 0.664859
0 0.574685 0.823119 0.0415253 0.218084 0.653947
0 0.789883 0.0619323 0.0294437 0.12316 0.634591
0 0.255496 0.181923 0.0339021 0.164677 0.632961
0 0.892295 0.356911 0.0394325 0.181694 0.604068
0 0.423392 0.206788 0.0379127 0.183978 0.550235
3 0.700675 0.193473 0.102343 0.106892 0.472312
0 0.499374 0.047893 0.0239382 0.091931 0.468125
0 0.162897 0.179448 0.0309859 0.178589 0.467995
0 0.99169 0.321859 0.0159325 0.156412 0.438701
0 0.469792 0.0523427 0.028363 0.0940975 0.395374
0 0.105866 0.370652 0.0382534 0.177372 0.392274
0 0.878298 0.0742905 0.0275681 0.143962 0.37528
3 0.837988 0.609124 0.126021 0.144086 0.368513
0 0.694719 0.0870323 0.0427305 0.171127 0.347745
0 0.848489 0.614151 0.0294315 0.137658 0.345059
0 0.287145 0.174887 0.0280185 0.160605 0.3397
0 0.375028 0.256102 0.0371571 0.125979 0.332242
0 0.52996 0.0484178 0.0273601 0.094334 0.3196
1 0.701952 0.196371 0.101812 0.10936 0.310904
58 0.345018 0.306048 0.0469652 0.109762 0.276193
0 0.096437 0.368407 0.0437978 0.174175 0.251031
