2 0.691289 0.408519 0.138671 0.235816 0.851203
0 0.161886 0.649097 0.040331 0.229062 0.850918
0 0.557639 0.595334 0.0425531 0.213634 0.840524
0 0.513068 0.615264 0.0363111 0.211176 0.83331
0 0.915445 0.518754 0.0385357 0.194313 0.832168
0 0.470034 0.937037 0.0400803 0.125925 0.728172
0 0.847053 0.658236 0.0511395 0.211996 0.704629
0 0.243038 0.338807 0.033185 0.177743 0.674631
0 0.430611 0.208314 0.0340525 0.16465 0.66754
0 0.210123 0.339826 0.0275559 0.155647 0.638438
0 0.871056 0.0818919 0.0325192 0.154446 0.614479
0 0.783924 0.112686 0.0288946 0.139496 0.59772
0 0.203306 0.33766 0.0411588 0.165409 0.499874
0 0.749591 0.104697 0.0313011 0.145129 0.490643
0 0.173794 0.2488 0.029384 0.163239 0.464885
0 0.69552 0.0842047 0.0415681 0.164241 0.444721
0 0.57161 0.0449067 0.0262921 0.0863274 0.429463
0 0.263228 0.166683 0.0333547 0.134149 0.358913
3 0.702299 0.193523 0.0991124 0.106151 0.358812
0 0.304335 0.187644 0.0275445 0.151019 0.3236
58 0.345147 0.307174 0.0468805 0.109612 0.284615
0 0.192114 0.239176 0.0228927 0.139976 0.280478
0 0.233336 0.191088 0.0253552 0.15782 0.279202
58 0.809338 0.292482 0.0534033 0.105256 0.277765
0 0.375677 0.258942 0.0373506 0.120227 0.255917
