2 0.691353 0.410135 0.139161 0.237584 0.82705
0 0.914044 0.518888 0.0412933 0.194271 0.814901
0 0.192476 0.924628 0.0596222 0.149645 0.768237
0 0.878809 0.297103 0.0374962 0.170518 0.763771
0 0.58238 0.902891 0.0435346 0.19342 0.723315
0 0.206436 0.342081 0.034092 0.182288 0.711124
0 0.153108 0.956756 0.0448965 0.0864875 0.703617
0 0.629562 0.908952 0.0508521 0.182096 0.684364
0 0.787765 0.0673137 0.0306705 0.130924 0.681417
0 0.536514 0.935777 0.0327278 0.128445 0.637748
0 0.237471 0.140596 0.0276515 0.154096 0.568029
0 0.845092 0.658893 0.0570637 0.21251 0.548097
0 0.862169 0.0517041 0.030938 0.103408 0.546672
0 0.163036 0.189013 0.0301444 0.16447 0.514796
0 0.201313 0.179613 0.0294999 0.176038 0.51036
3 0.700777 0.194823 0.102126 0.104711 0.499238
0 0.989291 0.338259 0.0208296 0.192961 0.455919
0 0.102239 0.332687 0.0274562 0.171111 0.45342
0 0.695506 0.0843196 0.0419093 0.165868 0.387739
0 0.265894 0.140445 0.0293515 0.190987 0.364088
3 0.841181 0.598 0.125561 0.150164 0.333924
58 0.345942 0.306013 0.0492343 0.107306 0.318211
0 0.435917 0.212082 0.0261023 0.163857 0.299347
2 0.0589795 0.335596 0.0634875 0.142495 0.297479
58 0.809264 0.310069 0.0523743 0.134531 0.29737
0 0.855462 0.657185 0.0394466 0.203971 0.253046
