2 0.691522 0.410747 0.138817 0.237321 0.84337
0 0.916225 0.52045 0.0382215 0.193727 0.831561
0 0.22193 0.571523 0.043599 0.218158 0.8034
0 0.925796 0.144816 0.0287481 0.145711 0.79626
0 0.281161 0.648385 0.0619578 0.222113 0.790615
0 0.51677 0.929254 0.0442971 0.13969 0.757592
0 0.83418 0.692526 0.0555874 0.226511 0.746821
0 0.545151 0.475209 0.0343427 0.177995 0.690043
0 0.242999 0.40671 0.0399334 0.196322 0.687217
0 0.550767 0.133859 0.0301237 0.152811 0.659522
0 0.251625 0.961128 0.0553843 0.077744 0.655508
0 0.267421 0.918269 0.0449512 0.151033 0.651445
0 0.489483 0.539283 0.0348656 0.191023 0.598152
0 0.520381 0.132126 0.0297635 0.158223 0.587195
0 0.458641 0.530445 0.0358013 0.198256 0.58334
0 0.498329 0.0806731 0.0321449 0.147526 0.540658
0 0.249796 0.173359 0.0361993 0.173362 0.477349
3 0.837696 0.598246 0.127464 0.162261 0.469861
0 0.128883 0.384695 0.0301255 0.163625 0.469598
0 0.852533 0.0679463 0.0233517 0.131103 0.461755
0 0.429405 0.218503 0.0306841 0.156989 0.411885
0 0.983897 0.123479 0.0256245 0.136209 0.402134
1 0.703213 0.198904 0.096863 0.0964933 0.333947
3 0.70116 0.19599 0.100456 0.102561 0.313419
0 0.266272 0.572119 0.0343999 0.184986 0.308222
0 0.206972 0.180963 0.032829 0.163006 0.289966
3 0.873517 0.594005 0.0557528 0.171303 0.282132
58 0.810422 0.295309 0.0531015 0.107977 0.266505
0 0.694865 0.0868777 0.0410152 0.168377 0.264007
1 0.66553 0.2007 0.0330442 0.0955805 0.259951
