0 0.734329 0.941263 0.0525988 0.117474 0.859509
0 0.48282 0.540945 0.0342951 0.202284 0.851607
0 0.915664 0.518925 0.0383472 0.191378 0.831426
2 0.691386 0.409152 0.138996 0.235261 0.829492
0 0.171386 0.708935 0.0441438 0.229994 0.819023
0 0.528548 0.527532 0.0358785 0.205541 0.784601
0 0.847976 0.658804 0.0504843 0.211637 0.757384
0 0.194479 0.390598 0.0393243 0.167839 0.756477
0 0.582226 0.0720968 0.0312909 0.144194 0.737907
0 0.493118 0.934318 0.0408066 0.131365 0.730125
0 0.239462 0.378315 0.0330121 0.182013 0.706707
0 0.937734 0.730197 0.0364708 0.202611 0.596066
0 0.836384 0.0832164 0.0301296 0.105643 0.584136
0 0.750717 0.0758021 0.0298489 0.136586 0.521771
0 0.433825 0.208782 0.0349012 0.162389 0.506423
0 0.182548 0.239639 0.038474 0.179237 0.438724
0 0.695777 0.0836455 0.0438487 0.163849 0.431013
0 0.133757 0.189803 0.029776 0.162951 0.402108
0 0.793704 0.0572449 0.0282236 0.109999 0.359563
3 0.701922 0.194752 0.0996766 0.104228 0.324553
26 0.182968 0.357448 0.0179982 0.0599929 0.275068
3 0.803984 0.609833 0.0602974 0.120364 0.274084
58 0.809224 0.284304 0.053339 0.0880506 0.272268
0 0.225362 0.234692 0.0257917 0.158806 0.265569
3 0.796945 0.621068 0.0429088 0.0948942 0.262261
