2 0.691097 0.410117 0.13924 0.233755 0.865885
0 0.91581 0.520428 0.0383162 0.19428 0.836924
0 0.314777 0.450971 0.0340689 0.181652 0.829395
0 0.272394 0.45323 0.0366603 0.207504 0.788218
0 0.144661 0.821512 0.0486385 0.237819 0.746309
0 0.509305 0.921869 0.0402101 0.148278 0.745403
0 0.100442 0.638474 0.0472242 0.225661 0.736309
0 0.222265 0.561049 0.0457727 0.21472 0.709819
0 0.752006 0.640313 0.0414665 0.232861 0.695939
0 0.567494 0.186276 0.0294163 0.163997 0.695665
0 0.86149 0.0796715 0.0271694 0.137166 0.685262
0 0.605989 0.171569 0.0294451 0.159719 0.641481
0 0.505565 0.174786 0.0330236 0.168591 0.626581
0 0.435552 0.419255 0.037631 0.187532 0.577562
3 0.838168 0.614737 0.125082 0.150316 0.569753
0 0.130987 0.509447 0.0326431 0.178712 0.566795
0 0.46982 0.422413 0.0361486 0.172553 0.556535
0 0.25549 0.241383 0.0381611 0.184558 0.519121
3 0.700785 0.195387 0.102007 0.103829 0.492913
0 0.136209 0.691246 0.0431353 0.115092 0.483985
0 0.78217 0.109859 0.0272522 0.134564 0.425424
0 0.429063 0.215935 0.0309088 0.160011 0.353053
0 0.163494 0.195803 0.0271502 0.146882 0.316966
1 0.692759 0.198242 0.0856438 0.110072 0.283718
0 0.472691 0.174591 0.0296597 0.143347 0.252856
