0 0.130635 0.824588 0.0483484 0.253436 0.837815
2 0.691547 0.411521 0.139468 0.239756 0.830972
0 0.17034 0.84161 0.0446193 0.233406 0.788042
0 0.922104 0.255718 0.0321692 0.155378 0.77906
0 0.448585 0.678408 0.0358454 0.226213 0.752703
0 0.260809 0.21973 0.0325122 0.162821 0.744115
0 0.916992 0.52123 0.0332001 0.193714 0.722127
0 0.509408 0.750717 0.0413076 0.227172 0.688777
0 0.858935 0.3682 0.0290867 0.174221 0.651957
0 0.554498 0.761112 0.0390709 0.214604 0.643685
0 0.558554 0.931603 0.0406624 0.136794 0.635857
0 0.976282 0.263864 0.0445263 0.183063 0.60453
0 0.89124 0.0989097 0.033387 0.151984 0.601745
0 0.823989 0.66841 0.054686 0.199436 0.596011
0 0.535254 0.0590505 0.0299599 0.115114 0.579718
0 0.226071 0.245188 0.0316228 0.164046 0.568595
0 0.856322 0.0956297 0.0291376 0.157774 0.561887
0 0.20434 0.178895 0.0317366 0.162794 0.543455
0 0.793168 0.0599096 0.0279707 0.119819 0.481528
0 0.428758 0.212222 0.0281096 0.16974 0.47945
0 0.161915 0.186177 0.0265456 0.169771 0.468499
0 0.499885 0.0563645 0.027581 0.109273 0.449487
0 0.249531 0.081736 0.0319192 0.149287 0.437056
0 0.922313 0.389723 0.0365124 0.143292 0.435
3 0.700897 0.194432 0.101643 0.100732 0.433354
0 0.695953 0.0852854 0.0415709 0.165931 0.353592
0 0.133148 0.182817 0.0298356 0.174473 0.350851
0 0.893918 0.663509 0.0424765 0.190756 0.332085
0 0.474102 0.0592852 0.0286594 0.11115 0.319658
0 0.0922368 0.391945 0.0356906 0.172883 0.297238
0 0.18189 0.231559 0.0256694 0.158714 0.293033
0 0.833933 0.670035 0.0356892 0.198806 0.275916
58 0.809634 0.284513 0.0544327 0.0853204 0.267218
