2 0.691077 0.41027 0.139177 0.234916 0.854836
0 0.915899 0.520756 0.0382376 0.196019 0.85208
0 0.227572 0.627409 0.0437752 0.217649 0.788405
0 0.504957 0.917732 0.0367994 0.164537 0.779396
0 0.490012 0.212744 0.0373517 0.16629 0.761809
0 0.283705 0.409986 0.038298 0.203431 0.75614
0 0.596197 0.20325 0.0291559 0.165742 0.713685
0 0.242759 0.270286 0.0357466 0.188916 0.685833
0 0.100887 0.749882 0.0574766 0.246285 0.666598
0 0.32492 0.407442 0.0315267 0.171908 0.636266
0 0.733997 0.646583 0.0556574 0.229351 0.614483
0 0.420025 0.386555 0.032357 0.176232 0.605182
0 0.631849 0.196773 0.0254885 0.148732 0.602824
3 0.837211 0.612639 0.128136 0.150182 0.534115
0 0.126988 0.557692 0.0302488 0.190208 0.533772
0 0.0647567 0.698246 0.0449042 0.22981 0.517564
0 0.163669 0.194668 0.0272418 0.149291 0.457235
0 0.0703974 0.579041 0.0416578 0.134408 0.384591
0 0.432647 0.2177 0.0413211 0.167097 0.369214
0 0.79073 0.100424 0.0279827 0.0714508 0.356466
0 0.446905 0.390794 0.0286795 0.167298 0.348562
0 0.833177 0.0619566 0.022538 0.123913 0.301991
58 0.810763 0.283513 0.0528299 0.0820208 0.255852
1 0.687454 0.202403 0.0766611 0.102047 0.2512
