2 0.691336 0.409272 0.138709 0.234016 0.876725
0 0.234471 0.405631 0.0440074 0.208794 0.853948
0 0.916032 0.519446 0.0381813 0.194319 0.839077
0 0.636068 0.944533 0.0462002 0.110934 0.821799
0 0.226782 0.909953 0.0529521 0.178925 0.796036
0 0.0722093 0.622424 0.0405554 0.22683 0.755025
0 0.0245237 0.779546 0.0435693 0.214615 0.749628
0 0.276115 0.275261 0.0395747 0.180347 0.743692
0 0.762471 0.276878 0.0328344 0.171474 0.741705
0 0.531978 0.258763 0.0298422 0.167151 0.717666
0 0.732803 0.64365 0.0540857 0.229828 0.687906
0 0.475945 0.25719 0.0267647 0.149571 0.512717
0 0.165066 0.192023 0.0302606 0.151164 0.480983
0 0.413917 0.258883 0.0290569 0.160498 0.459298
0 0.198006 0.170548 0.0358822 0.173138 0.458451
0 0.452758 0.247938 0.0267836 0.166026 0.448719
3 0.837218 0.607618 0.128566 0.155801 0.443043
0 0.664474 0.226763 0.0368353 0.140616 0.415055
0 0.7879 0.0998148 0.0287006 0.069911 0.390721
0 0.261641 0.179763 0.031381 0.13499 0.371799
58 0.810523 0.310066 0.0534302 0.139212 0.312225
0 0.430025 0.210804 0.027427 0.146771 0.293553
0 0.122472 0.189485 0.0285902 0.137633 0.286145
0 0.239008 0.090684 0.0272471 0.138801 0.272368
58 0.345266 0.311005 0.0465349 0.115464 0.26301
