2 0.691352 0.409954 0.138742 0.233236 0.896846
0 0.241596 0.357823 0.0430683 0.198538 0.854328
0 0.230857 0.845995 0.0516012 0.25549 0.852334
0 0.915955 0.519753 0.0378662 0.194723 0.842784
0 0.592943 0.929765 0.0431504 0.14047 0.745169
0 0.595378 0.211876 0.0370701 0.164452 0.723257
0 0.73416 0.646893 0.0537483 0.226983 0.71622
0 0.493653 0.281741 0.0296865 0.176421 0.681232
0 0.289994 0.318877 0.0350803 0.177275 0.676653
0 0.264083 0.229895 0.0292841 0.15067 0.618251
3 0.83712 0.609406 0.127896 0.153999 0.574056
0 0.198949 0.173562 0.0346531 0.167624 0.539778
0 0.164418 0.19051 0.0294533 0.158312 0.538976
0 0.42351 0.286401 0.0315776 0.165314 0.519226
0 0.0716719 0.621203 0.0386049 0.228112 0.510058
0 0.340826 0.770902 0.0255929 0.143541 0.401426
0 0.788662 0.0984725 0.028269 0.0683475 0.375449
0 0.720004 0.24424 0.0483339 0.161448 0.371637
0 0.0721997 0.706865 0.0420628 0.204818 0.365314
0 0.449858 0.296868 0.0301385 0.155228 0.348404
0 0.648117 0.230385 0.0306443 0.12533 0.336368
0 0.0710628 0.585546 0.0385836 0.151885 0.331776
0 0.0731026 0.658857 0.0424723 0.303253 0.291834
0 0.122468 0.182832 0.0274097 0.147055 0.284251
0 0.143958 0.172009 0.0232458 0.161132 0.276459
58 0.809524 0.288057 0.0537754 0.0938772 0.276327
