0 0.641192 0.730437 0.0458522 0.23688 0.837575
2 0.691313 0.408385 0.138943 0.235046 0.833844
0 0.885942 0.20951 0.0293598 0.149419 0.829675
0 0.915463 0.518436 0.0394108 0.192219 0.823299
0 0.195555 0.891909 0.0497699 0.216181 0.808526
0 0.453832 0.381942 0.034697 0.186291 0.787277
0 0.849012 0.655252 0.0522339 0.216243 0.771302
0 0.497018 0.372309 0.0341103 0.194499 0.764709
0 0.929031 0.734412 0.0497925 0.230991 0.758513
0 0.492299 0.936558 0.0315817 0.126885 0.738451
0 0.275574 0.327032 0.0340241 0.17181 0.692201
0 0.635609 0.187446 0.0300364 0.154035 0.662874
0 0.221472 0.510943 0.0363327 0.200648 0.654823
0 0.226658 0.341028 0.0379213 0.189806 0.638416
0 0.17748 0.515114 0.0363867 0.17541 0.610021
0 0.947829 0.258075 0.0271049 0.149398 0.494148
0 0.179605 0.339021 0.0328291 0.172607 0.460382
3 0.702866 0.195984 0.09695 0.100992 0.349949
0 0.43525 0.208088 0.0302847 0.164103 0.286061
