0 0.625104 0.694868 0.0482148 0.238728 0.851546
2 0.691351 0.408936 0.139046 0.232116 0.836352
0 0.915283 0.519769 0.0407127 0.196065 0.828717
0 0.206773 0.912012 0.0519555 0.175977 0.810609
0 0.500354 0.350451 0.0325069 0.186462 0.795138
0 0.849229 0.656452 0.0518089 0.214091 0.75066
0 0.45605 0.350629 0.0328638 0.181328 0.731361
0 0.964571 0.276727 0.0319923 0.176466 0.702514
0 0.48832 0.939938 0.0327747 0.120123 0.692216
0 0.894004 0.230012 0.0295282 0.145909 0.687059
0 0.174949 0.538827 0.0433507 0.184145 0.604831
0 0.219879 0.540776 0.043244 0.211063 0.597637
0 0.275303 0.351327 0.034177 0.169976 0.538613
0 0.181638 0.539217 0.0301039 0.18075 0.525307
0 0.781179 0.243082 0.0325385 0.143946 0.517998
0 0.330061 0.621176 0.0449176 0.218433 0.515402
0 0.655936 0.216088 0.0369076 0.15776 0.495001
0 0.173214 0.360437 0.0341516 0.173943 0.471551
0 0.930366 0.72773 0.0445606 0.219061 0.455513
0 0.219457 0.353614 0.0344007 0.181102 0.428531
0 0.929837 0.695838 0.0425587 0.141197 0.359625
3 0.714244 0.195291 0.0747221 0.0914592 0.299054
0 0.213606 0.537386 0.0347116 0.202998 0.272229
