0 0.21698 0.603854 0.0594904 0.222941 0.845782
2 0.691353 0.41085 0.139332 0.239815 0.834152
0 0.916267 0.518959 0.0443869 0.194533 0.812723
0 0.689392 0.901194 0.0468109 0.197611 0.799672
0 0.861391 0.223285 0.0364002 0.158881 0.770145
0 0.455018 0.927065 0.0338549 0.144485 0.752053
0 0.735692 0.893746 0.0499907 0.212508 0.735146
0 0.179744 0.426355 0.0355872 0.191332 0.697907
0 0.265532 0.199212 0.030524 0.170117 0.653626
0 0.78716 0.0673085 0.0321003 0.128919 0.649704
0 0.581088 0.0481724 0.0407564 0.0932491 0.59244
0 0.434871 0.212095 0.0260846 0.157236 0.55095
0 0.138665 0.285589 0.0310006 0.170024 0.509958
0 0.8451 0.65929 0.0553505 0.212168 0.465301
3 0.701306 0.190993 0.101117 0.112475 0.456099
0 0.695 0.087561 0.0425878 0.168996 0.399485
58 0.348239 0.308592 0.0532782 0.109042 0.320876
0 0.233957 0.202991 0.0231786 0.141107 0.304051
3 0.840836 0.601493 0.126398 0.152863 0.288684
