2 0.691293 0.40983 0.139266 0.235445 0.819574
0 0.192435 0.947995 0.0529263 0.104011 0.801656
0 0.914654 0.518569 0.0408405 0.195999 0.792293
0 0.865899 0.278505 0.0413759 0.174557 0.783576
0 0.600448 0.923324 0.0448395 0.153352 0.741476
0 0.200579 0.363586 0.033436 0.186879 0.723379
0 0.315515 0.609679 0.0382449 0.217491 0.711937
0 0.788318 0.0668443 0.0318491 0.12967 0.680651
0 0.526146 0.937071 0.0339037 0.125858 0.669836
0 0.642832 0.9293 0.0427855 0.141399 0.552892
0 0.436026 0.213598 0.0282396 0.1624 0.533922
0 0.84372 0.659362 0.0587605 0.21233 0.514465
0 0.203301 0.173902 0.0310345 0.169462 0.472927
0 0.148053 0.978039 0.02748 0.0439218 0.441558
3 0.701033 0.195949 0.100648 0.0976217 0.43202
0 0.110334 0.3193 0.0318144 0.172981 0.407188
0 0.162557 0.19507 0.0324626 0.150874 0.394532
0 0.830413 0.967234 0.0424519 0.0655326 0.388487
0 0.142525 0.325077 0.0387404 0.156547 0.371218
58 0.809804 0.301862 0.0533215 0.121331 0.360938
3 0.84132 0.597511 0.124435 0.148936 0.350412
0 0.244369 0.14971 0.0240186 0.155562 0.341628
0 0.856706 0.656938 0.0354393 0.21338 0.255816
