0 0.441386 0.67409 0.0475912 0.233295 0.843105
2 0.691478 0.410593 0.139439 0.237936 0.824972
0 0.135735 0.798969 0.0494142 0.255009 0.821911
0 0.176415 0.822377 0.0415667 0.234799 0.809557
0 0.500938 0.729413 0.0428659 0.234462 0.787682
0 0.552259 0.934211 0.0430756 0.131578 0.771203
0 0.91933 0.250159 0.0338715 0.155167 0.762002
0 0.914086 0.520899 0.0426273 0.193889 0.74291
0 0.534642 0.062833 0.0263856 0.124334 0.63158
0 0.82704 0.668135 0.0433109 0.205372 0.629157
0 0.546256 0.738175 0.0411133 0.211284 0.624611
0 0.861944 0.385656 0.0296803 0.172745 0.607756
0 0.9385 0.416657 0.0330828 0.186421 0.557825
0 0.200142 0.176401 0.0386856 0.170932 0.52576
0 0.258368 0.231893 0.0287548 0.175149 0.502809
0 0.864549 0.644135 0.0423189 0.191814 0.496856
0 0.961599 0.240195 0.034251 0.172259 0.496494
3 0.701205 0.195752 0.101054 0.101815 0.493635
0 0.228291 0.235752 0.0292251 0.16831 0.460648
0 0.433964 0.213027 0.0258013 0.157479 0.417326
0 0.499753 0.0603303 0.0261932 0.12021 0.390091
0 0.251487 0.0917344 0.0329818 0.149699 0.356227
0 0.86456 0.619172 0.0326616 0.144106 0.327913
3 0.800032 0.611222 0.0510239 0.120818 0.322921
0 0.469287 0.0597701 0.0293861 0.115569 0.309634
0 0.896543 0.111039 0.031669 0.152657 0.303121
1 0.702655 0.197806 0.0988166 0.0996082 0.300285
0 0.696311 0.0847901 0.0431408 0.164214 0.29785
0 0.7948 0.0581462 0.0294632 0.115654 0.290804
0 0.86369 0.107647 0.0295336 0.15617 0.290596
58 0.345578 0.305562 0.0480988 0.105116 0.286083
58 0.809489 0.284223 0.0532228 0.0851475 0.253165
