2 0.69136 0.411805 0.138986 0.237555 0.854885
0 0.91613 0.522142 0.0381317 0.195941 0.846609
0 0.231613 0.940085 0.0487728 0.117458 0.798452
0 0.242557 0.603199 0.0652122 0.320865 0.794242
0 0.131792 0.40254 0.0338383 0.162662 0.743613
0 0.825708 0.682654 0.0441263 0.228209 0.724657
0 0.524755 0.141756 0.0291935 0.158735 0.706989
0 0.520995 0.458158 0.0301105 0.17921 0.705557
0 0.511757 0.927044 0.032645 0.143643 0.690736
0 0.249648 0.185582 0.0388582 0.176216 0.683126
0 0.498884 0.0985764 0.0325648 0.154941 0.678305
0 0.913585 0.133317 0.0281151 0.143142 0.660558
0 0.259653 0.879904 0.0596948 0.146194 0.659337
0 0.55347 0.141243 0.0264394 0.151028 0.634236
0 0.461621 0.515302 0.0429325 0.200334 0.621748
0 0.278558 0.561691 0.0356924 0.197477 0.619132
0 0.238575 0.405598 0.0415462 0.15129 0.578604
0 0.489764 0.514982 0.0291246 0.176574 0.516413
1 0.866183 0.631822 0.0508606 0.105433 0.473017
0 0.764471 0.0560437 0.0320942 0.112087 0.427461
0 0.42956 0.219649 0.0299623 0.155048 0.426923
0 0.161608 0.181424 0.0298519 0.189681 0.364414
0 0.845454 0.0618319 0.0271244 0.122403 0.356165
0 0.20657 0.176832 0.0313896 0.159862 0.344271
0 0.695028 0.0877616 0.0425272 0.170768 0.286696
3 0.83834 0.596549 0.127489 0.157694 0.278898
1 0.665392 0.203434 0.0329544 0.090153 0.273509
1 0.703124 0.200199 0.0964094 0.0952687 0.268423
3 0.700916 0.197757 0.101139 0.102422 0.267469
0 0.973049 0.554061 0.046423 0.181376 0.250584
