2 0.691032 0.410728 0.138844 0.235227 0.866882
0 0.915777 0.520493 0.0381126 0.194563 0.842562
0 0.313957 0.4591 0.0339586 0.184914 0.808158
0 0.271758 0.454175 0.0365344 0.202532 0.786857
0 0.510481 0.923128 0.0449715 0.146134 0.76517
0 0.219922 0.558427 0.0491349 0.219896 0.732458
0 0.862155 0.0824323 0.0284672 0.141344 0.723747
0 0.107579 0.636035 0.0421965 0.227091 0.709247
0 0.754304 0.638651 0.0405586 0.233858 0.692558
0 0.5654 0.183229 0.030441 0.165012 0.659988
0 0.150008 0.831015 0.045174 0.24604 0.646678
0 0.603785 0.167231 0.0301836 0.158164 0.629165
0 0.133236 0.503734 0.0357082 0.183268 0.594687
0 0.505304 0.170329 0.0336798 0.167592 0.570574
3 0.838 0.614117 0.123635 0.150345 0.551575
0 0.472283 0.429477 0.0356597 0.175712 0.53312
3 0.700761 0.194501 0.102161 0.104538 0.529301
0 0.78168 0.107668 0.0268454 0.134695 0.52727
0 0.435721 0.424128 0.0392349 0.185929 0.522751
0 0.140363 0.698431 0.0389664 0.120427 0.429392
0 0.255508 0.240385 0.03633 0.18573 0.412808
0 0.429118 0.216258 0.0313043 0.160879 0.355679
0 0.164811 0.195476 0.0286631 0.148303 0.335225
26 0.421907 0.460597 0.016692 0.0501041 0.279735
1 0.693022 0.197542 0.0861786 0.110885 0.271397
0 0.695377 0.0887658 0.0430527 0.171822 0.264475
