2 0.69124 0.407935 0.138638 0.236576 0.895427
0 0.91631 0.519199 0.0377903 0.19344 0.833424
0 0.230921 0.424373 0.0433126 0.215176 0.818787
0 0.22994 0.93162 0.0554898 0.135816 0.78549
0 0.0223671 0.806857 0.0384062 0.211539 0.763206
0 0.0723863 0.621829 0.0407009 0.225673 0.755752
0 0.779654 0.282984 0.0319685 0.171059 0.755264
0 0.276653 0.259034 0.0382575 0.178641 0.737438
0 0.644792 0.95132 0.0443729 0.0966688 0.734122
0 0.736045 0.641993 0.0596769 0.230185 0.614374
0 0.53967 0.247892 0.0325459 0.161088 0.568796
3 0.836553 0.608516 0.128665 0.154503 0.565712
0 0.71922 0.263861 0.0368059 0.137289 0.556002
0 0.428244 0.221565 0.0322687 0.172315 0.539059
0 0.728961 0.634828 0.0432922 0.217194 0.534369
0 0.483184 0.243062 0.0290274 0.146145 0.496683
0 0.987939 0.363729 0.0235262 0.176936 0.444165
0 0.200073 0.173482 0.033452 0.166106 0.436317
0 0.162419 0.186514 0.0279732 0.166071 0.426106
0 0.788366 0.0994646 0.028631 0.0693047 0.413954
0 0.455736 0.24311 0.0337716 0.185956 0.398163
58 0.810068 0.310766 0.0521817 0.140891 0.341807
0 0.0927234 0.410512 0.0417755 0.196312 0.272722
0 0.375458 0.253934 0.036096 0.124576 0.269464
58 0.345004 0.307513 0.0469041 0.111419 0.267942
