2 0.691387 0.411462 0.139239 0.239654 0.816966
0 0.915286 0.519849 0.0424349 0.198684 0.81145
0 0.26968 0.608521 0.0354599 0.217547 0.801651
0 0.86073 0.259843 0.0317833 0.164736 0.782795
0 0.192798 0.384009 0.0373308 0.189951 0.771339
0 0.787621 0.0682545 0.0299715 0.133429 0.708393
0 0.608424 0.944258 0.0473059 0.111484 0.702941
0 0.497063 0.928816 0.0332734 0.142367 0.690604
0 0.436407 0.213941 0.0276963 0.164099 0.655955
0 0.796613 0.937307 0.0511299 0.125386 0.602641
0 0.752453 0.948111 0.0429714 0.103777 0.573808
0 0.125556 0.310048 0.0308712 0.159385 0.551637
0 0.20222 0.17278 0.0325519 0.174505 0.518257
0 0.255073 0.17301 0.0271446 0.161354 0.509269
0 0.84407 0.660002 0.055658 0.209673 0.502727
3 0.701302 0.195311 0.100876 0.100988 0.428976
0 0.162118 0.19378 0.0322683 0.153743 0.419809
0 0.233169 0.181318 0.0197543 0.133444 0.395052
0 0.644259 0.949934 0.0368523 0.100132 0.379609
0 0.306313 0.188018 0.0300342 0.148204 0.349004
0 0.376412 0.258986 0.0399713 0.129124 0.336172
0 0.40357 0.121686 0.0250943 0.159531 0.303228
58 0.80949 0.312132 0.0541371 0.14143 0.29576
0 0.854518 0.660168 0.0347567 0.208165 0.294649
58 0.346343 0.307456 0.0495408 0.107659 0.277708
3 0.840037 0.600273 0.127737 0.151973 0.270642
