2 0.691303 0.40906 0.138745 0.2365 0.895749
0 0.227093 0.80383 0.0486049 0.249919 0.853145
0 0.237564 0.341797 0.0401066 0.194932 0.838753
0 0.0712074 0.619947 0.0385797 0.225955 0.832823
0 0.916457 0.520164 0.0379437 0.194425 0.83199
0 0.565466 0.207405 0.0432261 0.160138 0.776028
0 0.572178 0.926693 0.0382419 0.144232 0.769197
0 0.472429 0.278289 0.0285686 0.175985 0.756478
0 0.733976 0.646568 0.053684 0.224087 0.728763
0 0.292122 0.331472 0.0290348 0.188176 0.713935
0 0.10212 0.679474 0.0462828 0.188958 0.657285
0 0.317457 0.317282 0.0279901 0.162467 0.646043
0 0.264638 0.24952 0.0277788 0.157479 0.582611
0 0.198213 0.174177 0.0329965 0.165958 0.561191
3 0.836802 0.607664 0.128105 0.156931 0.521654
0 0.703188 0.226995 0.0459954 0.140676 0.481269
0 0.41425 0.304978 0.0279161 0.159821 0.468054
0 0.439756 0.310248 0.0278568 0.15827 0.462198
0 0.339949 0.772202 0.0263138 0.141311 0.449223
0 0.162602 0.192335 0.0266529 0.149747 0.449005
0 0.628927 0.221125 0.0271048 0.140157 0.389378
0 0.788464 0.098495 0.0278131 0.0689636 0.366803
0 0.37349 0.283542 0.0348326 0.191493 0.297895
0 0.255386 0.102247 0.0234009 0.137785 0.287561
0 0.426989 0.200036 0.0328226 0.127638 0.2849
58 0.809276 0.288357 0.0538403 0.0939345 0.260878
