2 0.69144 0.410044 0.139011 0.237405 0.869334
0 0.916084 0.520933 0.0381033 0.195464 0.843538
0 0.236168 0.714248 0.0478104 0.231313 0.788113
0 0.236123 0.307781 0.0389272 0.190912 0.783794
0 0.0295463 0.68366 0.0590926 0.223571 0.763732
0 0.470555 0.250215 0.0356226 0.16981 0.759506
0 0.0700846 0.623457 0.0378321 0.229612 0.758468
0 0.536102 0.922875 0.0303079 0.149705 0.747191
0 0.734015 0.648377 0.0534419 0.222919 0.709114
0 0.139377 0.622672 0.03535 0.189513 0.685382
0 0.289533 0.364378 0.0312479 0.189519 0.678993
3 0.836726 0.610395 0.127401 0.153683 0.618378
0 0.504675 0.193187 0.0370448 0.159867 0.592645
0 0.408422 0.344175 0.0303771 0.171584 0.535384
0 0.198092 0.177231 0.0314461 0.161126 0.532536
0 0.433055 0.35411 0.0319124 0.168457 0.523668
0 0.585043 0.208848 0.0317214 0.140897 0.483183
0 0.427408 0.21374 0.0301859 0.149652 0.461963
0 0.164432 0.194502 0.0275584 0.154793 0.44458
3 0.711739 0.193444 0.0809008 0.0945852 0.3931
0 0.645703 0.21911 0.0321115 0.16443 0.381312
0 0.333495 0.350798 0.0317513 0.190916 0.366187
0 0.787983 0.131447 0.0295588 0.132345 0.282256
0 0.788352 0.101724 0.0288157 0.0712337 0.278481
