0 0.584244 0.665259 0.0427446 0.230098 0.843146
0 0.916113 0.518603 0.0376839 0.193385 0.839442
2 0.691341 0.40819 0.13928 0.233479 0.833365
0 0.54695 0.683065 0.0371038 0.227595 0.817991
0 0.169489 0.588104 0.0411413 0.218274 0.81511
0 0.24549 0.300543 0.0316067 0.182261 0.734044
0 0.846523 0.657808 0.0501751 0.213029 0.715923
0 0.475413 0.937279 0.0312477 0.125441 0.700417
0 0.219989 0.304816 0.0274109 0.160195 0.627925
0 0.160883 0.252396 0.026817 0.16359 0.520134
0 0.418566 0.206286 0.0250494 0.147998 0.470383
0 0.26307 0.153144 0.0322643 0.153528 0.42769
0 0.192536 0.255511 0.0265279 0.149255 0.383187
3 0.700764 0.192695 0.102451 0.107921 0.349441
0 0.850975 0.0552415 0.0208195 0.107799 0.338746
0 0.785964 0.0905104 0.029405 0.134937 0.337285
0 0.234281 0.162011 0.0278479 0.155665 0.324947
58 0.34561 0.308591 0.04812 0.11489 0.315935
0 0.694592 0.0844374 0.0420052 0.165554 0.31512
0 0.20036 0.172878 0.0254552 0.139754 0.292574
0 0.563858 0.0225434 0.0165926 0.0406036 0.291359
3 0.808923 0.608696 0.0682653 0.134329 0.287049
0 0.301932 0.192459 0.030266 0.15171 0.256753
58 0.809243 0.289618 0.0533833 0.0984762 0.250624
