0 0.14973 0.747011 0.0494892 0.241334 0.854852
2 0.691357 0.409523 0.138928 0.236169 0.837193
0 0.193144 0.77041 0.0395027 0.225481 0.815191
0 0.534006 0.687135 0.0409498 0.199916 0.797791
0 0.445385 0.651336 0.0454535 0.217895 0.79297
0 0.49051 0.679149 0.0419434 0.208712 0.785471
0 0.915629 0.519928 0.0385618 0.19393 0.783063
0 0.538358 0.0732972 0.0284357 0.139352 0.759747
0 0.250018 0.26501 0.03705 0.179035 0.743297
0 0.965968 0.434275 0.0413933 0.184219 0.714392
0 0.556317 0.925777 0.0431973 0.148446 0.708409
0 0.502131 0.0636226 0.0286728 0.127245 0.620669
0 0.201765 0.183296 0.0386839 0.159176 0.557565
0 0.824349 0.678619 0.0335529 0.224671 0.536228
0 0.91991 0.225657 0.0367737 0.159654 0.468888
0 0.245482 0.112367 0.0357122 0.156429 0.468501
0 0.472783 0.0625 0.024305 0.122994 0.467624
0 0.429704 0.213645 0.0283973 0.162944 0.464332
1 0.868549 0.631547 0.0610086 0.104529 0.421417
3 0.701155 0.196356 0.100408 0.0995789 0.39141
0 0.158986 0.201479 0.0363826 0.20212 0.371871
1 0.702839 0.197525 0.0975868 0.0981418 0.349286
0 0.791419 0.603156 0.040674 0.164199 0.347528
0 0.79103 0.568548 0.0348335 0.0964644 0.343888
0 0.337382 0.78068 0.0314531 0.141516 0.314995
0 0.888907 0.12619 0.0370796 0.155858 0.304852
0 0.162644 0.193175 0.0307935 0.162735 0.30448
58 0.809741 0.28497 0.0534815 0.0882107 0.302624
0 0.695654 0.0842385 0.0418251 0.16453 0.290135
58 0.345842 0.30569 0.0481051 0.106129 0.282896
1 0.688131 0.19871 0.076445 0.105776 0.268557
58 0.810729 0.304746 0.053643 0.128732 0.266166
0 0.876335 0.40621 0.03298 0.173889 0.262318
