2 0.691421 0.407854 0.13861 0.235927 0.891724
0 0.916095 0.519568 0.0381123 0.194562 0.832878
0 0.232096 0.415444 0.0443136 0.211889 0.812133
0 0.228255 0.922128 0.055542 0.153883 0.810291
0 0.775118 0.277488 0.0325895 0.177972 0.783853
0 0.639635 0.948044 0.0458359 0.103912 0.763804
0 0.0725663 0.621718 0.0406108 0.225276 0.762111
0 0.0219761 0.803982 0.0384724 0.224411 0.74122
0 0.274779 0.266036 0.0385471 0.179705 0.739421
0 0.436398 0.265393 0.033357 0.157771 0.681093
0 0.538014 0.254538 0.0296534 0.165824 0.617007
0 0.735163 0.641503 0.0575674 0.230103 0.603962
0 0.479412 0.242742 0.0254573 0.155041 0.53397
0 0.714262 0.249806 0.0353223 0.112841 0.524996
3 0.836806 0.607703 0.129108 0.154522 0.506975
0 0.991388 0.366979 0.0165173 0.167453 0.497803
0 0.162588 0.186454 0.0280201 0.164847 0.484167
0 0.728711 0.634749 0.0411692 0.213067 0.451208
0 0.199836 0.170059 0.0354203 0.17275 0.413598
0 0.78836 0.0992245 0.028616 0.0688134 0.411172
0 0.254741 0.169071 0.0323992 0.149355 0.373883
2 0.0639198 0.3481 0.0894295 0.1723 0.291273
0 0.679987 0.231082 0.0289564 0.132255 0.290732
0 0.427695 0.199185 0.030911 0.122951 0.28434
0 0.375809 0.251695 0.0368086 0.122935 0.263048
