2 0.69124 0.411572 0.138903 0.235807 0.861905
0 0.915558 0.520389 0.0381289 0.195187 0.835062
0 0.514357 0.925923 0.0421967 0.145734 0.759708
0 0.222744 0.534275 0.039848 0.211765 0.749876
0 0.507789 0.165735 0.032565 0.165225 0.746302
0 0.124472 0.646299 0.0464148 0.217663 0.738622
0 0.263902 0.465991 0.0389086 0.198942 0.73698
0 0.76548 0.64778 0.0427982 0.230724 0.734085
0 0.309738 0.471095 0.0332745 0.191084 0.695257
0 0.161324 0.847766 0.0465962 0.247969 0.680386
0 0.556662 0.177038 0.0371683 0.167302 0.670246
0 0.595662 0.165656 0.0318943 0.157592 0.596439
0 0.476991 0.442047 0.0319038 0.173623 0.559239
0 0.43978 0.441402 0.0342972 0.190426 0.543966
0 0.134415 0.489181 0.030043 0.175188 0.538079
0 0.258418 0.230745 0.0364311 0.18268 0.533921
0 0.869626 0.085216 0.0259438 0.142712 0.527971
3 0.839636 0.617711 0.122286 0.139682 0.501643
0 0.777524 0.102851 0.0277126 0.131686 0.447998
3 0.701284 0.19623 0.0996988 0.100782 0.447806
0 0.163892 0.724442 0.0400585 0.132376 0.427605
0 0.194707 0.176655 0.0291478 0.165958 0.326372
0 0.166617 0.188928 0.0290108 0.165058 0.275277
