0 0.130947 0.819945 0.0477569 0.248217 0.838649
2 0.691629 0.411039 0.139322 0.238722 0.815155
0 0.261571 0.220797 0.0335505 0.162743 0.792135
0 0.170719 0.839476 0.0446292 0.231732 0.782997
0 0.921077 0.2563 0.0334682 0.157297 0.767502
0 0.448351 0.678313 0.036744 0.226435 0.758403
0 0.917662 0.521233 0.033329 0.191712 0.729836
0 0.507838 0.750152 0.0433615 0.228966 0.67324
0 0.554653 0.758321 0.0369193 0.210697 0.654483
0 0.558004 0.931997 0.0401469 0.136006 0.638593
0 0.891099 0.0994659 0.0324879 0.154193 0.605281
0 0.225889 0.242246 0.0311175 0.164743 0.603995
0 0.534967 0.0599745 0.0289616 0.115576 0.60273
0 0.825645 0.668499 0.0516758 0.200753 0.585944
0 0.204389 0.178603 0.0334738 0.162673 0.579149
0 0.858869 0.369186 0.0298656 0.172691 0.572929
0 0.97625 0.263571 0.0446447 0.183937 0.567064
0 0.856945 0.0976745 0.0295313 0.157319 0.544698
0 0.50001 0.0570335 0.0274951 0.111463 0.505483
0 0.1623 0.189936 0.0269388 0.156933 0.477128
0 0.793465 0.0599138 0.0283406 0.119828 0.475848
0 0.430451 0.212084 0.0267017 0.167183 0.472819
0 0.923532 0.391005 0.0354416 0.146038 0.440402
0 0.249902 0.0817545 0.0309941 0.151302 0.41838
0 0.889727 0.660576 0.0404133 0.193417 0.397725
0 0.133409 0.183193 0.0295637 0.171913 0.393209
0 0.181262 0.225619 0.0276988 0.172337 0.38479
3 0.70131 0.195663 0.100308 0.0982859 0.378726
0 0.696371 0.084545 0.0414785 0.164574 0.347733
0 0.473167 0.0593275 0.0276989 0.111634 0.33676
0 0.0920953 0.389848 0.0353385 0.171205 0.278205
0 0.3745 0.258424 0.0350594 0.1335 0.274898
0 0.833454 0.669343 0.0365641 0.200179 0.273062
