0 0.136798 0.788144 0.0477601 0.244236 0.86284
0 0.439092 0.670649 0.0485353 0.230614 0.856436
2 0.69102 0.410795 0.138984 0.240094 0.852924
0 0.255492 0.240577 0.0343282 0.17908 0.815099
0 0.179049 0.807579 0.0417584 0.228733 0.811967
0 0.497805 0.716607 0.0423614 0.225012 0.796345
0 0.551535 0.933119 0.0411916 0.133762 0.745341
0 0.541179 0.732199 0.0386914 0.20979 0.721332
0 0.534488 0.0648124 0.027512 0.129625 0.716152
0 0.91763 0.247646 0.0323515 0.15721 0.692716
0 0.864378 0.388808 0.0310978 0.17693 0.680186
0 0.913809 0.520018 0.0412989 0.190632 0.66683
0 0.944235 0.417165 0.0350708 0.192426 0.650869
0 0.202194 0.181706 0.0360394 0.161588 0.592485
0 0.499891 0.0607328 0.0274181 0.121466 0.520995
0 0.433842 0.212763 0.0241903 0.162747 0.520943
0 0.227806 0.228653 0.0268904 0.162096 0.511004
3 0.70072 0.195112 0.102547 0.102833 0.484802
0 0.853477 0.609789 0.0294147 0.150033 0.484104
0 0.828052 0.667842 0.0408489 0.206321 0.467029
0 0.249858 0.0950374 0.0332391 0.156322 0.424505
0 0.869306 0.111001 0.0318993 0.158522 0.406209
0 0.897839 0.116694 0.0285439 0.147925 0.402216
0 0.0851734 0.403584 0.027338 0.162072 0.38549
0 0.953874 0.226388 0.0306356 0.135525 0.368423
1 0.70215 0.197896 0.0999512 0.0991537 0.359001
0 0.468822 0.0596804 0.0261215 0.115679 0.358452
0 0.696566 0.0859675 0.0441835 0.167683 0.353386
0 0.164607 0.197493 0.0335859 0.17532 0.345083
0 0.796154 0.0577697 0.0295551 0.114054 0.343234
58 0.809636 0.282903 0.0532261 0.0825563 0.297613
3 0.797877 0.606773 0.0480259 0.126966 0.279915
3 0.881394 0.626575 0.0441223 0.114909 0.260044
0 0.276688 0.157714 0.0373261 0.161814 0.253428
