0 0.150588 0.927641 0.0429067 0.144719 0.859052
2 0.691417 0.409767 0.139141 0.236575 0.806258
0 0.881236 0.327065 0.0326744 0.176463 0.780084
0 0.177858 0.898297 0.0530533 0.20327 0.74869
0 0.56451 0.876402 0.0411945 0.233961 0.711893
0 0.39554 0.659289 0.0447528 0.227152 0.681541
0 0.21386 0.305939 0.0338028 0.169778 0.673903
0 0.914188 0.52295 0.0405622 0.19626 0.672623
0 0.97282 0.318346 0.0358503 0.164715 0.658885
0 0.786839 0.067049 0.0300723 0.129824 0.62742
0 0.540345 0.929867 0.0420217 0.140266 0.626975
0 0.436132 0.178968 0.0379578 0.236255 0.608294
3 0.701237 0.194557 0.100378 0.103632 0.495261
0 0.606121 0.880414 0.042374 0.222874 0.490018
0 0.846805 0.657658 0.0540663 0.216597 0.489014
0 0.873302 0.0611685 0.0264904 0.122337 0.475808
0 0.162835 0.180684 0.0305331 0.182328 0.471603
0 0.202528 0.163231 0.0301114 0.147854 0.37693
0 0.260737 0.153056 0.0265653 0.162561 0.376118
0 0.695074 0.0861033 0.0423626 0.168868 0.361266
58 0.809703 0.311683 0.053911 0.144111 0.337321
0 0.0924763 0.335505 0.0374774 0.194087 0.311073
0 0.245258 0.187452 0.0231144 0.146402 0.30696
0 0.376009 0.260351 0.038848 0.122233 0.290521
3 0.840107 0.599783 0.129361 0.155864 0.282322
0 0.855459 0.656636 0.0382736 0.213161 0.27118
58 0.345554 0.306455 0.0483689 0.110307 0.257667
0 0.467184 0.0481387 0.0256724 0.0842214 0.257089
