2 0.691417 0.41141 0.139341 0.235811 0.859939
0 0.915697 0.521742 0.0379168 0.192143 0.851707
0 0.244173 0.52239 0.0386357 0.210628 0.771384
0 0.287872 0.534029 0.0358648 0.193834 0.761926
0 0.208491 0.913536 0.0505746 0.172928 0.750412
0 0.50244 0.919097 0.0402565 0.161806 0.750219
0 0.533463 0.153992 0.0318893 0.163809 0.74291
0 0.500234 0.121811 0.0306998 0.158136 0.730981
0 0.135326 0.432105 0.0316433 0.171574 0.728768
0 0.197125 0.653336 0.0621149 0.223958 0.719863
0 0.812932 0.668875 0.0443729 0.221198 0.688833
0 0.481659 0.499758 0.0356114 0.174424 0.645208
0 0.902877 0.116562 0.0281994 0.144762 0.643892
0 0.561468 0.148777 0.0298466 0.145597 0.626067
0 0.428036 0.192949 0.0350464 0.209389 0.546437
0 0.448704 0.48615 0.0461679 0.176874 0.523389
0 0.453366 0.493132 0.0333439 0.190499 0.492241
0 0.223909 0.822751 0.049133 0.137171 0.469787
0 0.769017 0.0672695 0.0296951 0.123813 0.440424
0 0.483148 0.395747 0.029261 0.0939134 0.437736
0 0.228214 0.46326 0.0456355 0.207592 0.382374
0 0.254548 0.1985 0.0335642 0.174891 0.374797
0 0.231991 0.120419 0.0303171 0.15333 0.354569
1 0.860454 0.627785 0.0699619 0.113326 0.338991
0 0.833252 0.0485917 0.0205248 0.0945432 0.336398
0 0.158201 0.197026 0.0312062 0.158793 0.33248
0 0.694948 0.0860259 0.0408646 0.167604 0.297545
3 0.701821 0.196862 0.0987379 0.102496 0.287859
1 0.664858 0.202248 0.0320675 0.0953359 0.276177
0 0.227931 0.423068 0.0431288 0.123834 0.273549
