0 0.868635 0.281328 0.0364426 0.172066 0.850578
2 0.691345 0.409768 0.139459 0.236861 0.823243
0 0.913569 0.518653 0.0428194 0.195018 0.814619
0 0.190742 0.942637 0.0510028 0.114725 0.806662
0 0.530934 0.937535 0.0324783 0.12493 0.739599
0 0.203592 0.356945 0.0333655 0.189184 0.703678
0 0.326494 0.613245 0.0497157 0.216282 0.671069
0 0.787393 0.0665936 0.031359 0.128891 0.63588
0 0.149502 0.973289 0.0393029 0.0534215 0.575666
0 0.597295 0.916975 0.0418196 0.166049 0.559869
0 0.435679 0.21304 0.0282923 0.161124 0.546566
0 0.843678 0.659383 0.0588924 0.211295 0.486895
0 0.635754 0.922819 0.0347635 0.154363 0.480741
3 0.700856 0.194847 0.101817 0.101365 0.434875
0 0.202889 0.174627 0.0315066 0.174443 0.430009
58 0.809594 0.297771 0.0532034 0.113154 0.391072
0 0.141128 0.327313 0.0353364 0.155486 0.389644
0 0.10736 0.324225 0.0323939 0.163986 0.362581
0 0.162919 0.188631 0.0312753 0.165115 0.36147
3 0.841045 0.597668 0.124733 0.152525 0.34714
0 0.855141 0.656833 0.0385757 0.213175 0.302454
0 0.695644 0.0836133 0.0422402 0.163754 0.273469
