2 0.691631 0.40861 0.139416 0.237148 0.906362
0 0.216966 0.483435 0.0429869 0.222325 0.812106
0 0.575047 0.27842 0.0500179 0.15722 0.791719
0 0.297076 0.225205 0.0294689 0.170021 0.762292
0 0.0731715 0.622586 0.0407627 0.225998 0.75025
0 0.918577 0.520295 0.0392288 0.194784 0.747559
0 0.60222 0.951642 0.0362326 0.0967155 0.680639
0 0.427843 0.217103 0.0331964 0.162093 0.677677
0 0.952667 0.277561 0.0319576 0.177831 0.648767
0 0.272619 0.205433 0.0309215 0.158246 0.601872
0 0.738612 0.643353 0.0642002 0.230677 0.600977
0 0.134491 0.461734 0.0421259 0.178289 0.592687
0 0.8628 0.325944 0.033868 0.173837 0.584165
3 0.836477 0.606229 0.129431 0.160549 0.552032
0 0.727453 0.63491 0.0421584 0.212796 0.494325
0 0.480866 0.202018 0.0424204 0.160705 0.487296
0 0.475096 0.199993 0.0299612 0.159684 0.466642
0 0.557897 0.19838 0.0339867 0.14124 0.45823
0 0.488205 0.201931 0.0298092 0.155857 0.44714
0 0.197172 0.173669 0.0327143 0.166534 0.417469
0 0.150678 0.43126 0.0224892 0.171788 0.392528
58 0.811788 0.311544 0.0525724 0.152747 0.377327
0 0.787862 0.099699 0.0282135 0.0688404 0.303282
58 0.347694 0.31038 0.0516529 0.117333 0.291836
0 0.762898 0.301908 0.0299079 0.151271 0.28448
