0 0.915954 0.522382 0.0381973 0.195303 0.848203
2 0.691431 0.412662 0.138879 0.239463 0.845171
0 0.232677 0.942098 0.0480545 0.115171 0.797769
0 0.131648 0.399984 0.0325159 0.164742 0.748712
0 0.826541 0.683001 0.0448353 0.227444 0.726341
0 0.243065 0.604154 0.0625047 0.319667 0.71439
0 0.511663 0.927452 0.0328085 0.143125 0.701481
0 0.461053 0.522455 0.0436884 0.206253 0.691752
0 0.524253 0.140075 0.0296827 0.160755 0.688272
0 0.91409 0.135186 0.0276424 0.145113 0.684752
0 0.522725 0.457868 0.0306265 0.177072 0.679945
0 0.249812 0.185346 0.0394664 0.176643 0.653572
0 0.260116 0.882276 0.0612397 0.141984 0.646749
0 0.498566 0.0966964 0.0319586 0.154249 0.641366
0 0.278382 0.562347 0.035125 0.198898 0.637701
0 0.553361 0.14148 0.0264618 0.151143 0.610182
0 0.239729 0.412321 0.0425992 0.163898 0.550834
0 0.487904 0.516425 0.0279974 0.182428 0.506114
1 0.864715 0.632309 0.0468937 0.106218 0.45419
0 0.764546 0.0554672 0.030488 0.110934 0.422468
0 0.846313 0.0623466 0.0294878 0.123344 0.411923
0 0.161523 0.183198 0.0294098 0.186562 0.385448
0 0.232687 0.559235 0.0497958 0.225161 0.380973
0 0.429365 0.219639 0.0298119 0.155963 0.378801
0 0.973421 0.551762 0.0477167 0.183404 0.351668
0 0.206566 0.178474 0.0319956 0.16411 0.321138
1 0.664965 0.203904 0.0320772 0.0903305 0.311478
1 0.703085 0.199758 0.0967541 0.095613 0.274503
0 0.695038 0.0879406 0.0422405 0.170479 0.254356
3 0.838499 0.595375 0.127348 0.15738 0.253898
