0 0.680796 0.858766 0.047481 0.257012 0.86408
0 0.191997 0.804614 0.0494759 0.234951 0.844285
2 0.691371 0.409139 0.138835 0.234295 0.837147
0 0.509423 0.441964 0.0345517 0.199067 0.812092
0 0.859425 0.159589 0.0302608 0.149063 0.798572
0 0.915154 0.518839 0.0372585 0.19216 0.796616
0 0.463357 0.453149 0.0322956 0.195972 0.764148
0 0.602521 0.134079 0.0308142 0.152918 0.756029
0 0.494361 0.939414 0.0387245 0.121172 0.748791
0 0.223765 0.449881 0.0401913 0.199058 0.711286
0 0.932054 0.735816 0.0450342 0.227402 0.709139
0 0.847966 0.657293 0.0482944 0.211691 0.701928
0 0.920073 0.182655 0.0280605 0.171535 0.650151
0 0.190214 0.448508 0.0354009 0.171775 0.642536
0 0.434632 0.208504 0.0312683 0.159835 0.454869
0 0.694438 0.0869796 0.0449526 0.169515 0.41149
0 0.182392 0.241785 0.0360021 0.176334 0.382435
3 0.701647 0.194436 0.0994085 0.101368 0.35837
0 0.200595 0.294822 0.0306203 0.15318 0.355812
1 0.702603 0.195808 0.097344 0.103426 0.325669
3 0.804616 0.607818 0.0617315 0.120532 0.281506
0 0.783583 0.178242 0.0285142 0.157581 0.277343
0 0.336272 0.785124 0.0318339 0.136383 0.271514
3 0.799235 0.619659 0.0472738 0.0940694 0.271329
0 0.137535 0.197841 0.0272773 0.146928 0.258915
58 0.809984 0.29034 0.0523773 0.0976594 0.250804
58 0.345435 0.305022 0.0486392 0.106558 0.250125
