2 0.691354 0.409935 0.138551 0.235573 0.832248
0 0.695223 0.88713 0.0490694 0.225739 0.820807
0 0.467093 0.47666 0.0337349 0.190416 0.811132
0 0.915033 0.518301 0.0380371 0.191529 0.808088
0 0.513357 0.467509 0.0361276 0.198481 0.781246
0 0.491852 0.94094 0.0411212 0.11812 0.776133
0 0.181978 0.770273 0.0443632 0.235084 0.773934
0 0.851419 0.138285 0.0271587 0.144673 0.765706
0 0.229819 0.421149 0.0356777 0.191696 0.745793
0 0.189679 0.433592 0.0354684 0.162602 0.705269
0 0.912051 0.164664 0.0253941 0.158886 0.697528
0 0.936026 0.741113 0.0398191 0.233837 0.689533
0 0.598333 0.108901 0.0301177 0.149508 0.685293
0 0.847565 0.65799 0.0495132 0.211522 0.682578
0 0.433451 0.208119 0.0362778 0.1616 0.486453
0 0.783533 0.172781 0.0292059 0.143672 0.483958
0 0.256319 0.267173 0.0351087 0.196912 0.453036
0 0.695088 0.0854048 0.043289 0.167402 0.420858
0 0.181967 0.240589 0.0408667 0.177687 0.402416
1 0.702785 0.19569 0.0972219 0.104891 0.346157
0 0.136499 0.192611 0.0284624 0.155752 0.344922
3 0.701393 0.193253 0.100086 0.105577 0.312523
58 0.809816 0.284566 0.0526169 0.0870925 0.295643
0 0.752028 0.0620362 0.0254608 0.112481 0.276482
58 0.346239 0.306216 0.0502007 0.10759 0.271916
0 0.20214 0.275776 0.0320681 0.163964 0.269952
3 0.803299 0.607486 0.0589455 0.127595 0.262171
