2 0.691304 0.41066 0.138947 0.235041 0.845328
0 0.915916 0.520903 0.0382813 0.19604 0.845009
0 0.27518 0.433884 0.03823 0.197108 0.829863
0 0.577802 0.192858 0.031126 0.164591 0.743316
0 0.320791 0.437069 0.0304839 0.178254 0.724861
0 0.223218 0.59075 0.043514 0.223442 0.708143
0 0.12935 0.529311 0.0338013 0.184683 0.684996
0 0.503491 0.916703 0.0337944 0.163544 0.684514
0 0.252577 0.254198 0.0391657 0.19294 0.680713
0 0.129499 0.791772 0.0492968 0.233922 0.673749
0 0.742535 0.643541 0.0625536 0.234057 0.669626
0 0.0841328 0.633222 0.0443579 0.217459 0.640987
0 0.616218 0.18041 0.0288222 0.148843 0.620044
0 0.848085 0.0738146 0.0307396 0.134783 0.612704
0 0.502442 0.187209 0.0312757 0.162629 0.599228
0 0.428476 0.410855 0.0319995 0.182488 0.570843
3 0.837482 0.612215 0.127425 0.152808 0.557237
0 0.462616 0.414839 0.0322566 0.173744 0.486102
0 0.108655 0.681827 0.0388766 0.147559 0.470483
0 0.42852 0.218958 0.0333142 0.155947 0.405804
0 0.783846 0.112982 0.0277431 0.110592 0.377858
0 0.744219 0.640156 0.0409864 0.238483 0.374927
3 0.701638 0.196751 0.100172 0.101631 0.366904
0 0.16284 0.193386 0.0261271 0.14881 0.354727
58 0.810698 0.283628 0.0529977 0.0819732 0.263783
