2 0.691487 0.408969 0.138746 0.236947 0.882373
0 0.239976 0.371456 0.0428806 0.205798 0.874006
0 0.227002 0.874023 0.0521971 0.251954 0.867324
0 0.916223 0.519551 0.0381596 0.193957 0.838051
0 0.0717676 0.621742 0.0384601 0.22946 0.801784
0 0.507115 0.274782 0.0297774 0.170144 0.769215
0 0.043704 0.728809 0.0463005 0.205683 0.768751
0 0.613478 0.934022 0.0385967 0.131957 0.742319
0 0.286074 0.302245 0.040588 0.186208 0.72059
0 0.733949 0.64683 0.054739 0.225925 0.704059
0 0.618654 0.21493 0.0318707 0.158602 0.703737
0 0.263716 0.21433 0.0281003 0.1525 0.539483
0 0.198398 0.170572 0.0355916 0.175596 0.488839
3 0.836983 0.606614 0.129265 0.158097 0.487377
0 0.455971 0.280782 0.02479 0.145792 0.478274
0 0.432806 0.271458 0.0302279 0.174018 0.44581
0 0.166542 0.188672 0.0309643 0.164108 0.430812
0 0.788368 0.099035 0.0274799 0.0662799 0.392313
0 0.74256 0.254015 0.0440254 0.165789 0.35188
0 0.300159 0.27742 0.0225096 0.155826 0.267021
0 0.340414 0.771881 0.0255198 0.142594 0.255606
