0 0.191526 0.834711 0.0461866 0.24294 0.876033
2 0.691254 0.408349 0.138964 0.23341 0.833048
0 0.66748 0.816352 0.0475876 0.248854 0.823997
0 0.914612 0.518588 0.0380037 0.192463 0.801552
0 0.461568 0.429263 0.0340403 0.190536 0.796225
0 0.500831 0.41749 0.0372224 0.197839 0.79247
0 0.929707 0.734905 0.0488693 0.226145 0.738838
0 0.84775 0.657307 0.0495758 0.21214 0.728423
0 0.221361 0.463429 0.0410722 0.194104 0.726088
0 0.500216 0.932081 0.0378369 0.135837 0.725541
0 0.1867 0.470838 0.0313095 0.173936 0.681352
0 0.613228 0.14821 0.0301581 0.144996 0.638583
0 0.866601 0.173727 0.0290901 0.145955 0.632068
0 0.929525 0.208392 0.0276947 0.163499 0.606707
0 0.264946 0.286818 0.0315323 0.166073 0.503165
0 0.432817 0.207672 0.0337292 0.16176 0.494165
0 0.337085 0.782499 0.0308391 0.136727 0.308356
3 0.701737 0.195648 0.0994015 0.0993999 0.276944
1 0.702646 0.197912 0.0970383 0.0994653 0.27052
58 0.810914 0.310623 0.0527548 0.139019 0.265873
0 0.782497 0.202825 0.0306408 0.133214 0.256518
