2 0.691521 0.408708 0.138946 0.238107 0.905916
0 0.218919 0.471108 0.0426282 0.211979 0.815349
0 0.917503 0.520281 0.0383354 0.193485 0.811861
0 0.956125 0.297606 0.0352833 0.167561 0.769364
0 0.073349 0.622909 0.0414254 0.225633 0.763141
0 0.295719 0.229701 0.0305803 0.169746 0.721505
0 0.427793 0.216965 0.0335022 0.161717 0.672637
0 0.858211 0.3115 0.0319164 0.161812 0.641628
0 0.610909 0.950162 0.0336753 0.0996761 0.634114
0 0.73487 0.642997 0.0584625 0.229757 0.611552
0 0.482096 0.204166 0.044722 0.166431 0.592915
3 0.836559 0.607261 0.130114 0.159037 0.54858
0 0.72776 0.635645 0.0441 0.213042 0.502362
0 0.271571 0.213594 0.0282661 0.157406 0.501651
0 0.0121482 0.890597 0.024291 0.212588 0.486974
0 0.197497 0.176047 0.0310569 0.16009 0.423836
0 0.56128 0.274616 0.032324 0.155025 0.399155
0 0.555836 0.212536 0.0322464 0.162663 0.398495
0 0.125642 0.444573 0.0333477 0.17163 0.374818
0 0.752358 0.305857 0.0414122 0.175823 0.346046
0 0.787745 0.0992953 0.0274408 0.0675997 0.320243
0 0.757546 0.293646 0.0305478 0.144788 0.289621
0 0.146343 0.440051 0.0247172 0.174071 0.258822
