2 0.690842 0.417961 0.13878 0.250548 0.818696
0 0.172746 0.664736 0.0483523 0.22792 0.802333
0 0.915957 0.518127 0.0370377 0.197131 0.790918
0 0.537379 0.102574 0.0287578 0.145125 0.770263
0 0.507424 0.616237 0.0399376 0.191191 0.755399
0 0.254255 0.320288 0.0438097 0.183649 0.751949
0 0.225803 0.684012 0.0407623 0.212703 0.742459
0 0.882627 0.140349 0.0367256 0.15689 0.734033
0 0.46992 0.610897 0.0382576 0.214945 0.73368
0 0.52994 0.930134 0.0499853 0.139731 0.728215
0 0.661796 0.552889 0.0461945 0.188196 0.687989
0 0.508239 0.090757 0.0294514 0.159013 0.663968
0 0.934637 0.177827 0.0293819 0.178499 0.620903
0 0.846657 0.683605 0.04958 0.214268 0.602316
0 0.39402 0.626591 0.0358355 0.219411 0.533653
0 0.428044 0.216681 0.0319388 0.157777 0.523804
3 0.838567 0.599555 0.128728 0.164707 0.515722
3 0.700908 0.193782 0.101403 0.101028 0.481111
0 0.160462 0.1934 0.0317984 0.147449 0.475892
0 0.972304 0.154902 0.0262627 0.153611 0.437189
0 0.258219 0.150792 0.0399938 0.177116 0.434743
0 0.447132 0.0614791 0.0239429 0.122958 0.412159
0 0.233754 0.171208 0.0259641 0.154244 0.392728
0 0.694974 0.0862084 0.041334 0.168353 0.361318
58 0.809546 0.28769 0.0532509 0.0927756 0.343291
0 0.954861 0.151277 0.0228233 0.157848 0.287732
0 0.200765 0.183313 0.0280923 0.153603 0.283246
3 0.810284 0.615235 0.0730675 0.134013 0.273226
0 0.939798 0.169775 0.033493 0.198588 0.269096
1 0.702896 0.197399 0.0970406 0.0985683 0.261993
0 0.991093 0.4563 0.0171627 0.116587 0.252604
