2 0.691174 0.410692 0.13918 0.236375 0.820767
0 0.862383 0.262455 0.0358715 0.169768 0.820554
0 0.915434 0.518545 0.0414249 0.198315 0.80479
0 0.287539 0.609061 0.0572006 0.219035 0.80134
0 0.193297 0.380918 0.0364901 0.190023 0.752724
0 0.787209 0.0671969 0.0291823 0.129827 0.719045
0 0.607417 0.937163 0.0552182 0.125674 0.718127
0 0.504809 0.929444 0.0348239 0.141112 0.692661
0 0.193592 0.970215 0.0484212 0.05957 0.677348
0 0.803962 0.943735 0.0465944 0.112529 0.666523
0 0.435924 0.212961 0.0279734 0.162234 0.607438
0 0.763584 0.954486 0.0415857 0.0910285 0.538831
0 0.161626 0.198463 0.0336798 0.164631 0.506424
0 0.122271 0.314332 0.0302035 0.163435 0.500176
0 0.844599 0.65931 0.0555149 0.210736 0.491843
0 0.20079 0.170814 0.0314679 0.175719 0.487689
0 0.252847 0.164165 0.0273237 0.154481 0.467891
0 0.646972 0.941024 0.0420074 0.11505 0.400652
58 0.810147 0.311535 0.0542782 0.142257 0.384766
0 0.232671 0.175379 0.0203238 0.137257 0.331997
58 0.345743 0.306648 0.0494368 0.107955 0.326431
0 0.854034 0.658886 0.0374172 0.209328 0.318685
3 0.70153 0.195613 0.100075 0.099398 0.309786
0 0.306339 0.187601 0.0294226 0.147283 0.293763
1 0.702998 0.197476 0.0974606 0.0969236 0.272604
0 0.375927 0.262092 0.0382985 0.128065 0.269685
3 0.840706 0.598451 0.125858 0.148352 0.254008
0 0.694863 0.0841838 0.0430151 0.164561 0.250711
