0 0.177499 0.656042 0.0448974 0.227282 0.839895
0 0.257496 0.332507 0.0377864 0.182891 0.819485
0 0.537302 0.105019 0.0296243 0.144856 0.783504
2 0.691053 0.413165 0.138254 0.240618 0.774237
0 0.23425 0.675133 0.0387653 0.21652 0.772795
0 0.530465 0.928429 0.0401225 0.143142 0.72425
0 0.643848 0.543847 0.0331795 0.189578 0.721992
0 0.9176 0.50726 0.0398611 0.216782 0.717308
0 0.469735 0.604669 0.0394013 0.21957 0.714461
0 0.505303 0.606574 0.0349256 0.197291 0.694674
0 0.877879 0.123827 0.0362534 0.166057 0.689544
0 0.50933 0.0965288 0.0295905 0.14813 0.652051
0 0.428191 0.21719 0.0320093 0.158129 0.58666
0 0.259129 0.150637 0.0403696 0.17214 0.568853
0 0.937966 0.180624 0.031942 0.176129 0.511978
0 0.161306 0.193513 0.032514 0.147034 0.50167
3 0.838458 0.597914 0.12838 0.164293 0.495083
3 0.700813 0.194063 0.100835 0.101974 0.482531
0 0.854769 0.68425 0.0429016 0.213725 0.475629
0 0.941131 0.167056 0.0384773 0.212057 0.423268
0 0.232159 0.166567 0.0227259 0.153572 0.380197
0 0.988966 0.137615 0.0214634 0.145245 0.34284
0 0.382859 0.631835 0.035167 0.225363 0.339058
0 0.130075 0.201937 0.0314984 0.146972 0.329678
0 0.694979 0.0873249 0.0422508 0.170012 0.326485
58 0.809587 0.283749 0.0526665 0.0841062 0.310713
1 0.70212 0.19763 0.0989204 0.0996289 0.306465
0 0.445453 0.0608744 0.030825 0.121494 0.304414
0 0.198342 0.182336 0.0291764 0.158343 0.301546
