0 0.567613 0.718355 0.0383007 0.229286 0.844744
0 0.916028 0.518694 0.0377214 0.1938 0.836542
0 0.171219 0.550516 0.0394865 0.20678 0.832203
2 0.691419 0.408866 0.139208 0.237382 0.830893
0 0.478116 0.943407 0.0465349 0.113186 0.792249
0 0.605267 0.7059 0.0479237 0.242961 0.727197
0 0.847459 0.657688 0.0498697 0.216591 0.720213
0 0.307282 0.641461 0.0371541 0.224058 0.719262
0 0.250086 0.27003 0.0322287 0.186144 0.542635
0 0.221493 0.280623 0.0267308 0.157138 0.514548
0 0.183507 0.256613 0.0296791 0.159283 0.393247
0 0.158825 0.254602 0.0269258 0.160704 0.376644
0 0.299406 0.191973 0.0300083 0.150387 0.375032
3 0.700734 0.189201 0.101433 0.10993 0.365877
58 0.345842 0.304686 0.0483294 0.104865 0.361789
1 0.697761 0.191335 0.0921488 0.115167 0.306488
0 0.423566 0.199919 0.031254 0.162024 0.276857
0 0.227065 0.147673 0.0325257 0.157667 0.272473
0 0.694028 0.0891132 0.0430688 0.172137 0.264754
