2 0.69142 0.410951 0.139247 0.235828 0.87718
0 0.916252 0.520627 0.0378288 0.194636 0.838201
0 0.23827 0.330995 0.0387889 0.199273 0.82714
0 0.0711863 0.621713 0.0390092 0.228321 0.796184
0 0.556384 0.920454 0.0330756 0.157795 0.769217
0 0.234028 0.768935 0.047645 0.242237 0.761587
0 0.534408 0.204019 0.0448993 0.159177 0.729535
0 0.734227 0.648018 0.0541796 0.223887 0.70809
0 0.291576 0.345656 0.0299256 0.183542 0.675056
0 0.462621 0.270184 0.0359407 0.171915 0.658861
0 0.324508 0.332719 0.0303171 0.165677 0.620556
0 0.121595 0.658747 0.0301808 0.190581 0.608425
0 0.163523 0.190948 0.0266372 0.152826 0.562939
0 0.410681 0.320682 0.031853 0.17716 0.560527
0 0.198088 0.175186 0.0321144 0.161586 0.521656
3 0.836674 0.609094 0.128003 0.154368 0.516057
0 0.681068 0.223535 0.049312 0.151614 0.47256
0 0.61401 0.214273 0.0286707 0.132827 0.467481
0 0.340062 0.769683 0.0276975 0.146939 0.435883
0 0.271384 0.266964 0.0301886 0.157147 0.383925
0 0.376526 0.287691 0.0393243 0.187383 0.351974
0 0.433037 0.323275 0.0291912 0.174632 0.325563
58 0.809393 0.292605 0.0536243 0.1016 0.323282
3 0.723228 0.193171 0.0582792 0.082635 0.310358
1 0.723686 0.195074 0.0561054 0.0832424 0.299231
0 0.427138 0.20703 0.0302333 0.139705 0.291802
0 0.244142 0.107579 0.0306076 0.151203 0.277782
