2 0.691091 0.418273 0.137991 0.249233 0.860522
0 0.916146 0.520038 0.0371717 0.193484 0.823928
0 0.531704 0.930733 0.0513927 0.138534 0.793865
0 0.172649 0.679108 0.0516886 0.238898 0.787997
0 0.884238 0.142856 0.0316502 0.158783 0.785987
0 0.253881 0.317841 0.04197 0.187729 0.75765
0 0.222563 0.692762 0.0412102 0.213739 0.749895
0 0.538726 0.0960786 0.0277891 0.143168 0.747144
0 0.401391 0.627623 0.0355185 0.214413 0.734359
0 0.510531 0.627441 0.0380835 0.194278 0.729877
0 0.471582 0.614758 0.0410855 0.212298 0.699189
0 0.5084 0.0847464 0.0307294 0.152651 0.664012
0 0.933954 0.178611 0.0340874 0.191943 0.589197
0 0.846632 0.68502 0.0436872 0.20922 0.582684
0 0.961095 0.144385 0.0325115 0.167543 0.569167
3 0.837902 0.60108 0.127367 0.168115 0.558216
0 0.670868 0.562239 0.04524 0.188424 0.490864
0 0.428477 0.215732 0.0316027 0.158166 0.486573
0 0.127724 0.23008 0.0382336 0.227042 0.440927
3 0.701565 0.193562 0.0998341 0.098258 0.435163
0 0.233769 0.173335 0.0249537 0.145331 0.41581
0 0.16033 0.192872 0.0312514 0.148086 0.400355
0 0.449104 0.0617591 0.0248325 0.123518 0.398055
58 0.809668 0.293474 0.0534634 0.105371 0.319313
0 0.910618 0.410257 0.0299637 0.0859942 0.318563
0 0.695378 0.0841125 0.0397497 0.163026 0.316005
3 0.876748 0.59482 0.0514481 0.168769 0.308269
0 0.988518 0.476957 0.0222565 0.156603 0.28665
0 0.197593 0.186691 0.0320145 0.145571 0.274871
0 0.672686 0.543423 0.0388582 0.152954 0.257545
