0 0.915714 0.518451 0.0375725 0.193599 0.843651
2 0.691391 0.409566 0.139169 0.237018 0.830232
0 0.163037 0.619367 0.0404449 0.215418 0.8156
0 0.526913 0.643932 0.0352516 0.205543 0.777552
0 0.566952 0.621189 0.0362827 0.218511 0.774329
0 0.472632 0.93219 0.033922 0.135621 0.734675
0 0.846373 0.658946 0.0504383 0.212334 0.686768
0 0.242799 0.322181 0.0347357 0.173844 0.654034
0 0.782373 0.101856 0.0282089 0.135329 0.601053
0 0.163737 0.249975 0.0314438 0.162267 0.581331
0 0.757014 0.111989 0.0297115 0.149951 0.579506
0 0.214434 0.325716 0.0270317 0.151306 0.562837
0 0.427296 0.208326 0.033492 0.15898 0.469087
0 0.261043 0.180001 0.0322395 0.168234 0.435458
3 0.701631 0.195434 0.0994333 0.101856 0.405096
0 0.304675 0.19057 0.0286141 0.148535 0.331433
0 0.694997 0.0853152 0.0430559 0.165359 0.327582
1 0.702528 0.197886 0.0973855 0.099295 0.310504
0 0.191509 0.248744 0.0265896 0.15624 0.291089
0 0.376157 0.254074 0.0382963 0.120813 0.271156
0 0.237764 0.174519 0.0240089 0.14148 0.263585
58 0.344906 0.305939 0.0461797 0.107755 0.250687
