0 0.255806 0.607371 0.0437538 0.221338 0.827252
2 0.691444 0.412015 0.139013 0.240653 0.814124
0 0.916153 0.520032 0.0416943 0.197695 0.806046
0 0.85854 0.245852 0.0346069 0.163701 0.765144
0 0.191058 0.394891 0.0367954 0.191694 0.735791
0 0.486936 0.930638 0.0362629 0.138562 0.716603
0 0.737369 0.93714 0.0466325 0.12421 0.711389
0 0.436289 0.212737 0.0281781 0.162135 0.641216
0 0.787798 0.0664596 0.0317663 0.132919 0.622177
0 0.606141 0.952206 0.0366861 0.0955889 0.606294
0 0.781885 0.928569 0.04628 0.142861 0.553394
0 0.203028 0.171229 0.0347793 0.178031 0.521481
0 0.640792 0.958684 0.0388487 0.0826319 0.515468
0 0.843396 0.660011 0.0571592 0.21135 0.503219
0 0.256765 0.173689 0.0274673 0.1615 0.44221
3 0.701276 0.195359 0.100365 0.103529 0.407185
0 0.160933 0.194271 0.0333549 0.155188 0.39141
3 0.840524 0.599481 0.127115 0.149887 0.310841
1 0.702927 0.198169 0.0974005 0.0976111 0.309177
0 0.403405 0.120315 0.0258413 0.159399 0.293113
0 0.854488 0.656739 0.0350052 0.21595 0.289444
58 0.346636 0.308633 0.0501424 0.108782 0.288688
0 0.376453 0.263308 0.0404717 0.1301 0.280903
58 0.810741 0.311567 0.0530057 0.139522 0.269229
0 0.127843 0.305745 0.0282709 0.156131 0.260914
0 0.306587 0.186619 0.0314744 0.150403 0.258979
