0 0.656751 0.790867 0.0466404 0.244521 0.856317
2 0.691358 0.408489 0.138964 0.233674 0.838142
0 0.192033 0.861407 0.0444821 0.249204 0.833824
0 0.458759 0.41175 0.0324492 0.185462 0.822314
0 0.914631 0.518373 0.0378597 0.192424 0.814511
0 0.871873 0.184036 0.0306648 0.150308 0.806738
0 0.616018 0.159852 0.0321098 0.153062 0.781332
0 0.18366 0.485841 0.036027 0.180915 0.764174
0 0.499937 0.404192 0.0368807 0.188526 0.762644
0 0.848145 0.656631 0.0514099 0.213027 0.75595
0 0.929695 0.73723 0.0487728 0.234841 0.745814
0 0.50191 0.930782 0.0386816 0.138436 0.720705
0 0.221565 0.479729 0.0392519 0.194633 0.68916
0 0.271709 0.297281 0.0312854 0.163579 0.673205
0 0.934109 0.216695 0.0292858 0.141152 0.634872
0 0.235389 0.31644 0.0339576 0.179401 0.628702
0 0.43539 0.208178 0.0271078 0.160438 0.438293
0 0.187726 0.312191 0.0289569 0.157394 0.417158
0 0.782582 0.212278 0.0292833 0.132216 0.360865
3 0.701173 0.196187 0.100081 0.100002 0.335583
0 0.163225 0.194365 0.0304725 0.155198 0.278814
0 0.337257 0.781189 0.0317345 0.139707 0.254073
