2 0.691367 0.409735 0.138461 0.235017 0.832902
0 0.694915 0.886487 0.0484571 0.227027 0.830225
0 0.466972 0.476501 0.0337183 0.194028 0.829096
0 0.513279 0.467634 0.0374125 0.200486 0.810306
0 0.915086 0.518334 0.0381012 0.191707 0.805334
0 0.182018 0.771091 0.0442806 0.234292 0.784005
0 0.851882 0.13915 0.0267372 0.144693 0.757796
0 0.491852 0.940993 0.0409626 0.118014 0.757796
0 0.230009 0.424166 0.0355355 0.190839 0.743515
0 0.935989 0.740685 0.0397194 0.231548 0.689496
0 0.598356 0.1096 0.03036 0.147454 0.68209
0 0.189754 0.432668 0.0352376 0.164126 0.679321
0 0.84758 0.657625 0.0495741 0.211215 0.678364
0 0.912264 0.165798 0.0251024 0.159389 0.657084
0 0.255987 0.268805 0.0359751 0.194308 0.493367
0 0.434803 0.208871 0.0318039 0.160752 0.46049
0 0.783466 0.173139 0.029313 0.144875 0.445317
0 0.695212 0.085476 0.0429523 0.167819 0.415473
0 0.18196 0.240701 0.0407993 0.17671 0.396029
1 0.702455 0.195394 0.0974215 0.104927 0.341849
0 0.136663 0.191941 0.0279897 0.15825 0.315324
58 0.809735 0.284346 0.0524961 0.0864173 0.310059
0 0.206312 0.270733 0.0321416 0.146589 0.291314
0 0.751765 0.0622734 0.0254784 0.111528 0.289493
3 0.701212 0.192814 0.100199 0.10601 0.285782
58 0.810813 0.300983 0.0526882 0.120872 0.265581
