2 0.69131 0.408477 0.139147 0.233479 0.840766
0 0.915819 0.518834 0.0376806 0.194017 0.83685
0 0.544946 0.680135 0.0373564 0.224692 0.816484
0 0.582567 0.65153 0.0426889 0.218358 0.812437
0 0.167412 0.594917 0.0404197 0.21616 0.79518
0 0.846033 0.658305 0.0517149 0.212844 0.749619
0 0.244226 0.303775 0.0326238 0.183012 0.747828
0 0.475591 0.937271 0.0296366 0.125458 0.710672
0 0.220014 0.305268 0.0269346 0.1592 0.578385
0 0.16088 0.252699 0.0268221 0.162155 0.528631
0 0.418312 0.205454 0.0253836 0.149426 0.488246
0 0.263104 0.15144 0.0314976 0.147241 0.397314
0 0.192009 0.251232 0.0264126 0.154185 0.391416
3 0.701531 0.193582 0.100648 0.104379 0.389174
0 0.851119 0.0583304 0.0223564 0.114483 0.386884
0 0.785844 0.0929175 0.0308912 0.136283 0.359087
0 0.232958 0.166394 0.030375 0.158786 0.346591
58 0.345719 0.309491 0.0482093 0.115995 0.337769
0 0.695054 0.0842211 0.0419596 0.164736 0.298788
3 0.809413 0.608199 0.0692472 0.136259 0.269932
0 0.200305 0.167038 0.0252571 0.129218 0.266944
