2 0.691571 0.408709 0.138709 0.237905 0.899383
0 0.219623 0.470468 0.0426738 0.2187 0.816699
0 0.917371 0.520004 0.038657 0.19461 0.814335
0 0.0730525 0.622851 0.0419295 0.225505 0.76018
0 0.959238 0.300023 0.0335838 0.175313 0.719642
0 0.427896 0.217502 0.0327081 0.161568 0.677888
0 0.614517 0.950483 0.0285878 0.0990333 0.646083
0 0.29349 0.233727 0.0313806 0.172065 0.644825
0 0.855933 0.310675 0.0357124 0.164591 0.581702
0 0.735451 0.642979 0.0589696 0.229635 0.580457
3 0.83629 0.606993 0.130103 0.159562 0.525244
0 0.477065 0.206361 0.0356109 0.163838 0.523887
0 0.0134733 0.888612 0.0269467 0.21919 0.483504
0 0.727201 0.635451 0.0426182 0.212412 0.474614
0 0.19788 0.175667 0.0300252 0.161365 0.442478
0 0.554686 0.215368 0.0299728 0.161266 0.440856
0 0.143507 0.436961 0.0279408 0.187387 0.430183
0 0.270273 0.21701 0.0285027 0.155475 0.381292
0 0.123016 0.439335 0.0300204 0.157324 0.351544
0 0.787746 0.0991219 0.0273977 0.0672235 0.324864
0 0.755064 0.292788 0.027628 0.144893 0.30379
0 0.162382 0.193165 0.0271419 0.145286 0.272962
0 0.484653 0.204214 0.0384529 0.157532 0.266134
