2 0.69071 0.409645 0.13835 0.235802 0.839594
0 0.659445 0.875321 0.0460875 0.240794 0.812829
0 0.457601 0.932153 0.0421251 0.13467 0.810537
0 0.917975 0.517912 0.0432585 0.195606 0.803867
0 0.217845 0.613858 0.0333825 0.228977 0.771009
0 0.172095 0.452926 0.0375855 0.197663 0.759118
0 0.705774 0.848869 0.0469453 0.241088 0.720534
0 0.266031 0.213956 0.0305913 0.165781 0.662686
0 0.85088 0.2099 0.0358696 0.171381 0.648385
0 0.787034 0.0660194 0.0314087 0.130573 0.6327
0 0.148288 0.27229 0.0294853 0.180589 0.579538
0 0.429448 0.208064 0.0272024 0.157418 0.509665
0 0.544731 0.0392767 0.0240902 0.0745628 0.445619
0 0.845088 0.658757 0.0562664 0.211723 0.437042
58 0.345991 0.307142 0.0489125 0.11036 0.343418
3 0.839533 0.600126 0.128061 0.150389 0.321002
3 0.70111 0.191583 0.100702 0.106903 0.317339
0 0.171963 0.276213 0.0300469 0.163067 0.31555
0 0.23508 0.216741 0.0237973 0.147623 0.301926
1 0.702588 0.195303 0.0970299 0.100917 0.283808
