0 0.634307 0.704072 0.0430481 0.240436 0.84681
0 0.199137 0.905303 0.0479141 0.189393 0.818912
2 0.691266 0.409669 0.139074 0.233321 0.806038
0 0.915328 0.518021 0.0385567 0.191796 0.804908
0 0.499114 0.354416 0.0334804 0.184524 0.801386
0 0.929825 0.73786 0.0478045 0.234063 0.765261
0 0.848943 0.656009 0.0518249 0.213796 0.745042
0 0.489595 0.93808 0.0334869 0.12384 0.72742
0 0.889069 0.226804 0.0318811 0.145378 0.712159
0 0.454765 0.36393 0.0304626 0.189427 0.682985
0 0.277198 0.340393 0.0326302 0.171132 0.670859
0 0.959046 0.271344 0.0322048 0.170131 0.664272
0 0.644273 0.211129 0.0332832 0.163788 0.635664
0 0.179238 0.532207 0.0335923 0.179823 0.624705
0 0.219234 0.520693 0.0391449 0.201802 0.561624
0 0.783567 0.234725 0.031513 0.134933 0.420376
0 0.174834 0.346641 0.0329028 0.166542 0.417108
0 0.957957 0.744947 0.052664 0.310809 0.306359
0 0.435149 0.206741 0.0305439 0.161408 0.281951
0 0.333874 0.625729 0.0375881 0.219359 0.265675
