2 0.691589 0.410533 0.138449 0.237508 0.891094
0 0.239364 0.387891 0.0422949 0.209495 0.880878
0 0.916347 0.520013 0.0378483 0.194067 0.837832
0 0.231374 0.887296 0.0500589 0.224997 0.831317
0 0.0317171 0.745878 0.0359005 0.201723 0.827187
0 0.0714649 0.622439 0.0404023 0.22918 0.767355
0 0.624488 0.938438 0.0377176 0.123123 0.73685
0 0.733171 0.645452 0.0532398 0.224456 0.697413
0 0.283682 0.29352 0.0422946 0.188969 0.690395
0 0.633704 0.222781 0.0510019 0.156628 0.678282
0 0.518326 0.271448 0.0332604 0.172501 0.642522
0 0.746207 0.267339 0.0311222 0.178042 0.588611
3 0.836868 0.608278 0.128864 0.156209 0.518654
0 0.465826 0.271497 0.0288101 0.148567 0.516802
0 0.264312 0.204538 0.0285343 0.170212 0.493266
0 0.770072 0.261036 0.0301531 0.163236 0.455962
0 0.440828 0.260654 0.0275808 0.164252 0.428246
0 0.198941 0.178189 0.0323315 0.1575 0.384483
0 0.788078 0.100053 0.0278412 0.0687389 0.383806
0 0.376876 0.259046 0.03975 0.173603 0.38373
0 0.168065 0.191228 0.0292525 0.157479 0.354986
0 0.426795 0.22943 0.0316656 0.185462 0.334766
0 0.0709635 0.426887 0.031053 0.135496 0.302972
0 0.291836 0.286041 0.0290844 0.172513 0.297271
58 0.809676 0.31004 0.0543561 0.136673 0.287892
0 0.677983 0.237546 0.0397705 0.117061 0.278897
