0 0.585389 0.667963 0.0442459 0.230791 0.842291
2 0.691321 0.408138 0.139225 0.233348 0.836056
0 0.915986 0.518569 0.0374329 0.193668 0.834195
0 0.170237 0.58704 0.0422536 0.219225 0.821664
0 0.548226 0.683706 0.0377073 0.222768 0.817072
0 0.245286 0.298487 0.0318739 0.180998 0.731024
0 0.84664 0.658413 0.049324 0.212336 0.72094
0 0.475751 0.937742 0.0320891 0.124516 0.704895
0 0.220099 0.304276 0.0275987 0.161467 0.64962
0 0.850524 0.0559389 0.0220619 0.110931 0.501312
0 0.161164 0.253088 0.0271734 0.163774 0.490638
0 0.419125 0.206847 0.0246293 0.148353 0.444171
0 0.263002 0.157439 0.0321929 0.162888 0.412262
0 0.786256 0.0896411 0.0310856 0.137527 0.36969
3 0.700793 0.19253 0.102755 0.106221 0.343364
0 0.694815 0.0845994 0.0424374 0.165535 0.317867
58 0.345714 0.309212 0.0483026 0.115009 0.30912
0 0.23467 0.161403 0.0267895 0.155282 0.305027
0 0.192216 0.255283 0.0264064 0.15141 0.301681
0 0.200242 0.173765 0.0253437 0.140898 0.301055
0 0.563367 0.0226419 0.0160622 0.0396261 0.282961
