0 0.916058 0.521985 0.0383587 0.195468 0.847519
2 0.69152 0.412883 0.138951 0.240124 0.843678
0 0.234648 0.944344 0.04972 0.111313 0.77755
0 0.13159 0.398613 0.0323798 0.165459 0.721369
0 0.826286 0.683936 0.0441328 0.228092 0.713163
0 0.512151 0.927734 0.032888 0.142139 0.710647
0 0.915072 0.135841 0.0269152 0.14468 0.676231
0 0.523983 0.138758 0.0303014 0.160558 0.675218
0 0.233352 0.559774 0.0480587 0.218688 0.67412
0 0.461111 0.523416 0.0426897 0.206027 0.660188
0 0.249348 0.184492 0.0405515 0.176666 0.65012
0 0.261395 0.884125 0.0621812 0.140743 0.642713
0 0.525286 0.458951 0.0316955 0.175898 0.625443
0 0.49855 0.0951047 0.0328879 0.153603 0.619496
0 0.27734 0.562803 0.0355343 0.19745 0.599412
0 0.553604 0.141453 0.0272598 0.151999 0.584945
0 0.240243 0.413733 0.0450336 0.169327 0.541299
0 0.487688 0.521059 0.0291526 0.190167 0.520729
1 0.865445 0.631551 0.0485041 0.108361 0.445511
0 0.847389 0.0633751 0.0268951 0.121227 0.377954
0 0.429442 0.218919 0.0301102 0.156403 0.376535
0 0.247027 0.61769 0.0552599 0.293853 0.365591
0 0.764164 0.0533913 0.0294939 0.106652 0.363827
0 0.161835 0.182262 0.0289543 0.188467 0.354564
0 0.206237 0.179385 0.032111 0.164068 0.337429
0 0.694865 0.0880821 0.0431946 0.17124 0.314172
1 0.702999 0.199239 0.0967972 0.0973994 0.298435
3 0.838293 0.595044 0.126696 0.158863 0.260608
3 0.700944 0.19676 0.101308 0.104348 0.255488
1 0.665033 0.204162 0.0323097 0.0898376 0.254621
