2 0.691344 0.409392 0.13853 0.233804 0.880476
0 0.234898 0.405348 0.0431679 0.20817 0.860995
0 0.916131 0.519934 0.0384129 0.194927 0.844952
0 0.635594 0.944663 0.0452606 0.110674 0.832786
0 0.227284 0.907917 0.052476 0.184167 0.820604
0 0.0722107 0.622146 0.0402833 0.226984 0.753078
0 0.27649 0.276791 0.0408339 0.181573 0.727478
0 0.531986 0.258567 0.0297251 0.166431 0.719027
0 0.732469 0.64324 0.0531929 0.228209 0.708689
0 0.761642 0.274135 0.0329577 0.167944 0.700402
0 0.0253306 0.778151 0.0433256 0.214158 0.692807
0 0.453308 0.248565 0.0284298 0.167609 0.498976
0 0.413821 0.258497 0.0272177 0.162196 0.496851
0 0.476328 0.257477 0.0241259 0.146646 0.496301
0 0.165061 0.191542 0.030339 0.153263 0.474991
0 0.197861 0.169478 0.0362722 0.1763 0.430329
0 0.788286 0.0994106 0.027644 0.0689328 0.416826
58 0.810416 0.310313 0.0522964 0.137572 0.411121
0 0.430082 0.210586 0.0265592 0.145638 0.410646
3 0.836994 0.608345 0.12808 0.155982 0.410278
0 0.663425 0.223707 0.0350071 0.141312 0.393076
0 0.261807 0.174764 0.0307655 0.123264 0.339728
0 0.238886 0.0916433 0.0272837 0.14213 0.303749
0 0.122412 0.190203 0.0285102 0.139487 0.299182
0 0.34088 0.773343 0.0257433 0.148442 0.296722
58 0.34555 0.310682 0.0471522 0.11459 0.274956
0 0.69773 0.242658 0.0410643 0.110597 0.251341
