2 0.691209 0.410493 0.138941 0.234482 0.880086
0 0.915859 0.521071 0.0380699 0.196122 0.845315
0 0.287178 0.384732 0.0390841 0.196938 0.765392
0 0.240069 0.291953 0.0390297 0.188766 0.754336
0 0.134897 0.601997 0.033347 0.195719 0.750966
0 0.523837 0.925604 0.035148 0.144985 0.722218
0 0.0587525 0.710468 0.0540693 0.230874 0.707554
0 0.231632 0.680748 0.0492041 0.22963 0.705463
0 0.733596 0.643315 0.0527863 0.231001 0.689663
0 0.620276 0.215832 0.0320365 0.167623 0.662525
0 0.328416 0.372455 0.0310204 0.164587 0.659007
0 0.410047 0.362425 0.0330895 0.185956 0.582848
3 0.837031 0.6104 0.127881 0.152333 0.501627
0 0.067825 0.588637 0.0344942 0.158488 0.455172
0 0.42887 0.221295 0.0334384 0.165825 0.447918
0 0.477161 0.231291 0.0340151 0.176524 0.419142
0 0.164569 0.195757 0.0270376 0.150321 0.400179
0 0.788766 0.101519 0.0291325 0.0691143 0.386652
0 0.648942 0.216461 0.0298422 0.144091 0.379154
0 0.198 0.177937 0.0315109 0.160129 0.377913
0 0.560176 0.201745 0.0281017 0.144888 0.374928
3 0.709497 0.196518 0.0838884 0.0899822 0.334278
0 0.288839 0.203326 0.0318905 0.150681 0.306634
0 0.78832 0.132109 0.0299379 0.130793 0.278843
