0 0.230699 0.603402 0.0429454 0.226978 0.844835
2 0.691304 0.408953 0.13923 0.23566 0.836048
0 0.917036 0.517639 0.0431763 0.19755 0.784251
0 0.708903 0.914258 0.0435865 0.171484 0.766829
0 0.865135 0.225837 0.0354795 0.164104 0.758532
0 0.181213 0.417565 0.0370063 0.1894 0.752437
0 0.461298 0.930004 0.0344936 0.139992 0.710835
0 0.758075 0.899661 0.0557475 0.199373 0.673879
0 0.435736 0.212961 0.0283754 0.163189 0.662349
0 0.787808 0.0661589 0.030798 0.126711 0.657999
0 0.588585 0.974728 0.0260778 0.0505442 0.55754
0 0.134675 0.291727 0.0295156 0.158419 0.556222
0 0.595701 0.0468469 0.0209051 0.0931167 0.552709
0 0.847276 0.658067 0.0514984 0.212812 0.542411
0 0.263699 0.186852 0.0282093 0.162535 0.538839
3 0.701203 0.1923 0.101374 0.107779 0.513767
0 0.636302 0.978837 0.0237953 0.0423269 0.409028
0 0.375964 0.259292 0.0385188 0.124758 0.407056
0 0.200546 0.182556 0.0335372 0.152097 0.384413
58 0.34651 0.307771 0.0503828 0.111141 0.371551
0 0.695091 0.0855819 0.0413315 0.164845 0.35822
0 0.235475 0.192116 0.0224082 0.143815 0.3529
0 0.162869 0.195164 0.0294448 0.151044 0.304877
58 0.810907 0.311478 0.0527852 0.141407 0.300594
3 0.840598 0.600628 0.129011 0.153849 0.283518
3 0.810456 0.60702 0.072773 0.135825 0.280765
1 0.702892 0.195427 0.0974592 0.101403 0.264195
