2 0.691248 0.411329 0.13921 0.236419 0.852131
0 0.916243 0.521396 0.0377378 0.195252 0.838632
0 0.281628 0.424648 0.0386522 0.198408 0.800169
0 0.22054 0.613974 0.0502159 0.224434 0.777755
0 0.113043 0.76576 0.0460455 0.234773 0.749075
0 0.503929 0.916627 0.0350409 0.166747 0.747695
0 0.585805 0.19863 0.0329691 0.16385 0.694964
0 0.624885 0.188935 0.0313085 0.145781 0.671713
0 0.322624 0.416734 0.0313096 0.163238 0.659395
0 0.423759 0.399531 0.0322883 0.189259 0.643788
0 0.839037 0.062062 0.026651 0.124124 0.63382
0 0.248238 0.263564 0.0356865 0.189519 0.607138
0 0.498859 0.198129 0.0349028 0.17107 0.591726
0 0.129066 0.541708 0.0305999 0.182656 0.57596
0 0.736478 0.649824 0.0569761 0.225355 0.565868
3 0.837279 0.612274 0.127669 0.15072 0.515198
0 0.455982 0.400646 0.033721 0.16779 0.461805
0 0.163619 0.193966 0.0262905 0.147241 0.408632
0 0.4279 0.21458 0.0342043 0.170284 0.375404
0 0.0795693 0.703565 0.0348003 0.20967 0.369729
0 0.0771714 0.618154 0.0398514 0.201271 0.364716
0 0.195129 0.175435 0.0332827 0.166513 0.348219
0 0.78906 0.0975051 0.0278603 0.0681227 0.331647
0 0.737796 0.641502 0.0427344 0.209532 0.324082
3 0.702036 0.197865 0.0994211 0.100672 0.318645
26 0.204018 0.601207 0.0191597 0.0534721 0.287941
0 0.0761951 0.586528 0.0396789 0.136608 0.281442
1 0.703579 0.199967 0.0956724 0.0962144 0.281059
0 0.0797655 0.673341 0.0345051 0.134174 0.277172
