0 0.440286 0.665588 0.0442156 0.226585 0.874938
0 0.137915 0.775064 0.0485726 0.239521 0.868999
2 0.691476 0.410497 0.139145 0.23691 0.847257
0 0.18174 0.799622 0.0435809 0.226236 0.84663
0 0.496419 0.715019 0.0442296 0.230258 0.808003
0 0.253533 0.245862 0.0371617 0.177664 0.805861
0 0.916349 0.24218 0.0327677 0.15659 0.720669
0 0.534696 0.066526 0.0287075 0.133052 0.715505
0 0.551318 0.93259 0.040833 0.134821 0.706317
0 0.949326 0.418902 0.037175 0.18036 0.686152
0 0.537601 0.718162 0.0410437 0.203772 0.6782
0 0.914844 0.521254 0.047596 0.192865 0.675916
0 0.866409 0.393243 0.0319939 0.170127 0.668543
0 0.202721 0.182098 0.0348971 0.159039 0.598178
0 0.499413 0.0621739 0.0278926 0.124348 0.523502
0 0.432708 0.212533 0.0239081 0.162299 0.518974
0 0.899851 0.118675 0.0269371 0.144663 0.432815
0 0.948639 0.224573 0.0328392 0.162561 0.42033
3 0.700926 0.193385 0.102012 0.102898 0.375303
0 0.470964 0.0617342 0.0254298 0.118335 0.37251
0 0.822523 0.657262 0.0343513 0.198651 0.370767
0 0.0836746 0.395624 0.0259058 0.173402 0.369236
1 0.703192 0.196005 0.0977478 0.0999177 0.355937
0 0.845569 0.627679 0.0318264 0.175811 0.353185
0 0.248479 0.1041 0.0332863 0.15415 0.348902
0 0.872307 0.112834 0.0310265 0.155795 0.335618
58 0.809432 0.284379 0.0535883 0.0868284 0.331731
0 0.833626 0.648379 0.0493273 0.208828 0.322012
0 0.696263 0.0841233 0.0438377 0.164843 0.320433
1 0.874675 0.626229 0.0513456 0.116907 0.275757
0 0.795895 0.0565373 0.0281573 0.110392 0.263853
