0 0.864222 0.263071 0.0347691 0.170352 0.858518
2 0.691341 0.410532 0.139356 0.238259 0.8236
0 0.288963 0.608934 0.0605142 0.218717 0.813241
0 0.916036 0.516755 0.0397585 0.197944 0.791913
0 0.605497 0.935541 0.0522526 0.128918 0.743303
0 0.786972 0.0673594 0.0290867 0.130889 0.74281
0 0.806238 0.947949 0.0475297 0.103961 0.720818
0 0.192994 0.374911 0.0370073 0.186035 0.708856
0 0.507252 0.929855 0.031678 0.14029 0.691101
0 0.194868 0.966397 0.051096 0.0672065 0.658493
0 0.436012 0.211896 0.0276461 0.160336 0.590772
0 0.765476 0.955153 0.0404066 0.0896943 0.52633
0 0.252078 0.16502 0.0267687 0.152212 0.479209
0 0.200501 0.171112 0.0317514 0.174894 0.479021
0 0.845571 0.658745 0.0533005 0.211585 0.465
0 0.120643 0.315448 0.0306938 0.166573 0.41977
0 0.161683 0.194308 0.0330506 0.158815 0.398672
58 0.810165 0.31127 0.0539618 0.143283 0.396641
3 0.701233 0.194903 0.100668 0.102336 0.377758
0 0.305958 0.186836 0.0299624 0.147699 0.339166
0 0.648808 0.943396 0.0422985 0.112598 0.334328
0 0.855541 0.659809 0.0337452 0.20715 0.330079
0 0.694739 0.0838593 0.042177 0.164634 0.304871
3 0.840056 0.598069 0.126923 0.14432 0.300736
2 0.0589161 0.33556 0.0621137 0.144719 0.296163
0 0.375825 0.262318 0.0377368 0.127467 0.295582
58 0.345698 0.306772 0.0484659 0.109446 0.268469
0 0.232987 0.172926 0.0198167 0.139997 0.252832
