2 0.691589 0.409047 0.138419 0.237155 0.876821
0 0.9161 0.5196 0.0382401 0.193194 0.846253
0 0.230896 0.893515 0.054595 0.212971 0.837513
0 0.0304429 0.751407 0.0372189 0.201927 0.828513
0 0.239759 0.389082 0.042487 0.209018 0.823065
0 0.0714709 0.6224 0.0400583 0.228645 0.74894
0 0.628384 0.94262 0.0392883 0.11476 0.731505
0 0.733735 0.643741 0.0532487 0.226839 0.693766
0 0.283338 0.286841 0.0414843 0.179962 0.692425
0 0.749298 0.272654 0.030084 0.183591 0.63719
0 0.523979 0.263801 0.0297291 0.163961 0.626683
0 0.774849 0.25848 0.0262114 0.15248 0.579806
0 0.644795 0.223199 0.036651 0.153745 0.534408
3 0.836934 0.606884 0.128927 0.15817 0.473283
0 0.468456 0.269391 0.0270374 0.150963 0.440507
0 0.393494 0.255628 0.0289436 0.158464 0.427023
0 0.788301 0.0997 0.0275078 0.0682973 0.416255
0 0.683479 0.241643 0.0394478 0.111658 0.398924
0 0.427148 0.222597 0.0276804 0.171191 0.387501
0 0.198505 0.17709 0.0327162 0.159219 0.384393
0 0.264659 0.178251 0.0276634 0.116365 0.382163
0 0.446426 0.254321 0.0295459 0.172551 0.373649
0 0.167253 0.192245 0.0290394 0.156674 0.37218
0 0.12189 0.190884 0.0290963 0.142754 0.363902
0 0.145186 0.177347 0.0245665 0.152605 0.26847
