0 0.732431 0.936258 0.0491831 0.127484 0.865507
0 0.480886 0.532463 0.033506 0.196133 0.833419
0 0.172259 0.712192 0.0437728 0.225781 0.82662
0 0.915712 0.519178 0.0371622 0.190773 0.818382
2 0.691362 0.409093 0.138497 0.234133 0.814898
0 0.526057 0.520145 0.0356312 0.203145 0.795003
0 0.193678 0.394071 0.03951 0.163679 0.734003
0 0.493237 0.933284 0.0412963 0.133432 0.731372
0 0.847653 0.658985 0.0518702 0.211336 0.712941
0 0.584659 0.0739672 0.0325658 0.147934 0.689987
0 0.937034 0.735949 0.0378773 0.21169 0.689727
0 0.238262 0.381967 0.0332726 0.178178 0.680294
0 0.750429 0.0767566 0.0307541 0.141675 0.546296
0 0.433401 0.208027 0.0369129 0.162578 0.537971
0 0.836959 0.0849418 0.027607 0.109723 0.459564
0 0.183766 0.23986 0.0380705 0.180517 0.415004
0 0.695436 0.08274 0.0436127 0.16181 0.389465
0 0.223326 0.236513 0.027291 0.163001 0.35349
0 0.89649 0.13559 0.02775 0.12926 0.352947
0 0.134834 0.19517 0.029868 0.154474 0.336251
1 0.704694 0.197217 0.093892 0.100189 0.301637
0 0.261319 0.23288 0.0379586 0.179739 0.294005
58 0.809202 0.286308 0.0533413 0.0908906 0.275903
1 0.72277 0.198018 0.0585163 0.0918696 0.251911
