2 0.691548 0.40964 0.138463 0.235857 0.852186
0 0.195332 0.611276 0.0453033 0.215605 0.797178
0 0.916302 0.519766 0.0382362 0.196493 0.789239
0 0.251691 0.364629 0.0402965 0.18947 0.761439
0 0.251044 0.629711 0.038559 0.210602 0.749197
0 0.53148 0.918537 0.0443557 0.159402 0.744157
0 0.591652 0.508821 0.0346388 0.186217 0.724999
0 0.460011 0.562123 0.0362976 0.203415 0.722825
0 0.494464 0.568959 0.0407508 0.186463 0.700778
0 0.939087 0.165627 0.0314171 0.151534 0.695706
0 0.855982 0.712333 0.030504 0.199459 0.641625
0 0.309675 0.958484 0.0466376 0.0830324 0.621649
0 0.541374 0.120454 0.0265229 0.149242 0.589868
0 0.869062 0.0967496 0.0358776 0.149505 0.583158
0 0.428163 0.219252 0.0324491 0.158112 0.528238
3 0.837942 0.600444 0.127369 0.163788 0.520998
0 0.513487 0.107645 0.0281578 0.159417 0.48193
0 0.947897 0.506492 0.0334801 0.213299 0.365473
3 0.701593 0.194386 0.099337 0.0966144 0.362273
0 0.198893 0.178228 0.033928 0.166427 0.357286
0 0.695248 0.0860539 0.0417744 0.166015 0.30473
0 0.253921 0.156499 0.0294633 0.168235 0.302901
0 0.159217 0.193794 0.0323619 0.151118 0.298095
0 0.335511 0.622462 0.0331002 0.202277 0.287558
3 0.874718 0.59521 0.0557552 0.153879 0.282311
58 0.809637 0.284918 0.052437 0.0863535 0.275652
0 0.44419 0.0523876 0.0220608 0.0974933 0.273171
0 0.377907 0.0626423 0.0256638 0.118774 0.269737
0 0.495761 0.0631238 0.0313585 0.126248 0.257555
