0 0.130426 0.824137 0.0477382 0.249775 0.836033
2 0.691584 0.411749 0.139367 0.239989 0.826302
0 0.169819 0.844642 0.0452219 0.236795 0.787616
0 0.922509 0.255955 0.032283 0.153187 0.778576
0 0.448775 0.678512 0.0361755 0.225667 0.749185
0 0.50919 0.749942 0.0422585 0.225152 0.709299
0 0.916096 0.52058 0.0338003 0.190794 0.706628
0 0.260384 0.218113 0.0325635 0.163656 0.699749
0 0.858644 0.367963 0.028791 0.173253 0.678948
0 0.555473 0.760322 0.0379929 0.210056 0.661393
0 0.559248 0.931545 0.0406618 0.13691 0.646112
0 0.976171 0.264746 0.0438641 0.183633 0.629189
0 0.891181 0.0978856 0.0336472 0.152861 0.620927
0 0.823953 0.668819 0.0554178 0.199157 0.615899
0 0.534852 0.0587746 0.0299443 0.114871 0.583682
0 0.856093 0.0939089 0.0295597 0.157089 0.578116
0 0.225798 0.24625 0.0311814 0.167941 0.53658
0 0.204127 0.17917 0.0315903 0.161856 0.514385
0 0.249527 0.0814196 0.0316732 0.147668 0.487367
0 0.162291 0.186096 0.0265913 0.168424 0.477899
0 0.793017 0.0593722 0.0278185 0.118744 0.47304
0 0.499808 0.0560528 0.0277946 0.10858 0.438679
0 0.89701 0.663774 0.0479284 0.195944 0.433318
0 0.428921 0.212268 0.026039 0.168201 0.422875
3 0.700914 0.194278 0.101805 0.102181 0.402948
0 0.474867 0.0589263 0.030002 0.110893 0.4029
0 0.921172 0.387137 0.0388836 0.137825 0.384927
0 0.13328 0.183021 0.0301595 0.173133 0.369079
0 0.6957 0.0856972 0.0416594 0.167459 0.352067
0 0.182502 0.235924 0.0242569 0.149668 0.314062
0 0.832607 0.669933 0.0390934 0.199177 0.286799
58 0.345565 0.305411 0.0490434 0.106247 0.251061
