2 0.691368 0.409628 0.138603 0.23419 0.881748
0 0.91621 0.519989 0.0380875 0.193538 0.847372
0 0.237168 0.335682 0.0396838 0.200044 0.834237
0 0.0714015 0.620983 0.0391301 0.228874 0.823219
0 0.232556 0.778983 0.0513742 0.239046 0.788707
0 0.733491 0.646098 0.0525814 0.224431 0.722322
0 0.561707 0.922495 0.0312435 0.152294 0.708868
0 0.114505 0.66676 0.0315018 0.195811 0.708121
0 0.291887 0.345072 0.02944 0.186612 0.691765
0 0.548109 0.201232 0.0322466 0.156955 0.688206
0 0.322789 0.328023 0.0280657 0.161483 0.603119
0 0.465293 0.27469 0.0317912 0.180749 0.549895
0 0.413138 0.316902 0.030225 0.163687 0.538202
0 0.340172 0.7727 0.0273952 0.149558 0.51693
3 0.836491 0.606888 0.128339 0.158028 0.511347
0 0.68842 0.229484 0.0497431 0.138223 0.46039
0 0.197846 0.170926 0.0321315 0.167759 0.457235
0 0.427493 0.201303 0.0301293 0.128525 0.418695
0 0.163413 0.192145 0.0248666 0.15111 0.40341
0 0.438297 0.314851 0.0260036 0.141037 0.379862
0 0.618815 0.197591 0.0278979 0.0918098 0.348095
0 0.788563 0.0993604 0.027496 0.0684413 0.328472
0 0.249119 0.103847 0.0243955 0.145624 0.304369
