2 0.691338 0.411385 0.139179 0.237269 0.831779
0 0.91536 0.519352 0.0409523 0.198384 0.803485
0 0.86174 0.261798 0.0341364 0.16883 0.802998
0 0.284798 0.608849 0.0510445 0.215686 0.796582
0 0.193031 0.38297 0.0363011 0.19307 0.767234
0 0.787067 0.0679953 0.0290356 0.131756 0.698286
0 0.502632 0.929445 0.031572 0.14111 0.689419
0 0.435848 0.214093 0.0281614 0.16386 0.634451
0 0.609949 0.939174 0.0580532 0.121653 0.625452
0 0.801834 0.939832 0.0492659 0.120335 0.57592
0 0.192503 0.973697 0.0419439 0.0526069 0.556826
0 0.252655 0.166084 0.0278603 0.159445 0.530359
0 0.200525 0.169999 0.0318988 0.177603 0.528566
0 0.161275 0.198359 0.0339427 0.168062 0.526392
0 0.844578 0.659626 0.0551935 0.210432 0.486501
0 0.758851 0.954688 0.0411161 0.0906235 0.48452
0 0.12343 0.312364 0.030423 0.159755 0.482096
0 0.23312 0.178615 0.0206092 0.135015 0.365708
0 0.375952 0.261141 0.0393156 0.126469 0.352054
0 0.306412 0.186294 0.0310477 0.146467 0.351344
0 0.644127 0.945246 0.0381681 0.109508 0.339939
0 0.855345 0.660486 0.0339689 0.207244 0.323138
1 0.703111 0.198162 0.0976042 0.0968283 0.322029
3 0.701341 0.196295 0.100544 0.100698 0.321306
58 0.810243 0.311662 0.0535364 0.141455 0.313145
26 0.150116 0.302599 0.0275429 0.0520699 0.312239
0 0.694718 0.0862096 0.0431157 0.16784 0.292224
0 0.622048 0.941298 0.0823673 0.116554 0.281814
58 0.345834 0.307242 0.0487956 0.106055 0.275158
3 0.841084 0.5992 0.125495 0.149827 0.253994
26 0.149559 0.282606 0.0289193 0.0930142 0.25297
