0 0.68679 0.875784 0.0498998 0.242136 0.861759
2 0.691446 0.409418 0.138947 0.236015 0.844173
0 0.914926 0.518527 0.0382366 0.192286 0.806481
0 0.510322 0.45871 0.040362 0.204032 0.801361
0 0.184853 0.791566 0.042986 0.233097 0.79135
0 0.491768 0.941117 0.0407169 0.117766 0.790555
0 0.465352 0.467858 0.0325186 0.194891 0.782118
0 0.855831 0.146997 0.0290405 0.145375 0.766618
0 0.933859 0.7353 0.043046 0.224802 0.724239
0 0.190665 0.445107 0.0328269 0.176521 0.710467
0 0.600645 0.119515 0.029028 0.149888 0.706416
0 0.847741 0.657555 0.0482658 0.209606 0.694603
0 0.914779 0.180379 0.0254322 0.161328 0.680502
0 0.224906 0.434459 0.0390811 0.195141 0.662988
0 0.434591 0.208388 0.0319836 0.160563 0.429217
0 0.183159 0.240438 0.0403316 0.176852 0.401771
0 0.694859 0.0883372 0.0438473 0.173203 0.400373
1 0.70287 0.196374 0.0966743 0.102413 0.394703
0 0.204448 0.278319 0.0293599 0.153218 0.39047
0 0.782753 0.176192 0.0276524 0.145801 0.370886
0 0.137821 0.191608 0.0278151 0.160392 0.329198
0 0.254661 0.279121 0.0341973 0.187721 0.31366
58 0.809729 0.298722 0.0528078 0.116487 0.276596
3 0.803409 0.606488 0.0593054 0.126387 0.260181
58 0.34582 0.304175 0.0494058 0.105419 0.25203
