2 0.691366 0.409467 0.138531 0.232703 0.847514
0 0.917243 0.518736 0.0416462 0.19314 0.809068
0 0.198894 0.60551 0.0490799 0.221671 0.756392
0 0.58511 0.505661 0.0332155 0.181785 0.737632
0 0.254031 0.621948 0.0362813 0.213762 0.733038
0 0.459995 0.561827 0.0355573 0.210308 0.724994
0 0.52909 0.921251 0.0450303 0.155101 0.716496
0 0.492813 0.56402 0.040667 0.191521 0.715576
0 0.251954 0.374358 0.0388028 0.191444 0.709173
0 0.305195 0.951469 0.0514467 0.0970613 0.706975
0 0.937411 0.167017 0.0310457 0.143694 0.66094
0 0.853314 0.710807 0.033007 0.20521 0.608532
0 0.542933 0.122187 0.026305 0.152136 0.595771
0 0.952236 0.518069 0.0311993 0.190233 0.594305
0 0.866981 0.0859221 0.0332773 0.159054 0.5493
0 0.513239 0.115018 0.0287819 0.161427 0.544253
3 0.838143 0.600281 0.126739 0.160922 0.482972
0 0.426724 0.217168 0.0346128 0.157788 0.402259
0 0.199525 0.172873 0.0347025 0.179957 0.35226
0 0.328694 0.63525 0.0420003 0.225925 0.336824
58 0.809694 0.28494 0.0537004 0.086961 0.324553
3 0.701477 0.194477 0.0993093 0.0985017 0.32213
0 0.277431 0.155549 0.0262875 0.160608 0.319668
0 0.233951 0.158886 0.0239919 0.172749 0.30362
0 0.376871 0.0604074 0.0243161 0.109967 0.285447
0 0.250325 0.157869 0.0305644 0.167782 0.278547
0 0.16006 0.185796 0.0290271 0.164614 0.270373
0 0.444465 0.0527895 0.0240101 0.0977119 0.251664
0 0.959911 0.134837 0.0262691 0.132193 0.251217
