2 0.691456 0.41096 0.138699 0.237193 0.844585
0 0.21776 0.579518 0.0418932 0.212916 0.843582
0 0.916209 0.519799 0.0382061 0.193744 0.834477
0 0.549757 0.13169 0.0299844 0.152197 0.749803
0 0.518439 0.928018 0.040998 0.142171 0.743505
0 0.840037 0.694092 0.0497107 0.233867 0.729845
0 0.926888 0.152318 0.0289167 0.148716 0.72307
0 0.244025 0.401729 0.0395579 0.1985 0.716044
0 0.263863 0.593921 0.0368883 0.209386 0.710575
0 0.286348 0.643913 0.0527465 0.217359 0.696397
0 0.49256 0.543216 0.038839 0.189601 0.665719
0 0.279521 0.928426 0.045991 0.143147 0.652897
0 0.55485 0.487472 0.0427269 0.181673 0.638263
0 0.858194 0.0735393 0.0295382 0.144534 0.634448
0 0.258132 0.968887 0.0492508 0.0622262 0.629492
0 0.515705 0.125699 0.0284458 0.160979 0.608346
0 0.459688 0.540042 0.0378838 0.202711 0.599675
0 0.249293 0.171878 0.0358779 0.173354 0.5443
0 0.959211 0.53856 0.0365564 0.214188 0.492154
0 0.428306 0.219849 0.0304659 0.156535 0.439549
0 0.497379 0.0774786 0.0308111 0.149919 0.388964
0 0.976982 0.132451 0.0338106 0.143869 0.378129
1 0.702675 0.197774 0.0982951 0.0988504 0.352733
3 0.700687 0.194546 0.102222 0.104785 0.342467
0 0.694856 0.0885641 0.0423717 0.171797 0.336243
58 0.809606 0.290017 0.053425 0.0965855 0.321301
0 0.83129 0.691076 0.0327938 0.218299 0.309704
0 0.12583 0.359921 0.0303201 0.128823 0.293272
3 0.839382 0.592088 0.124385 0.169301 0.282212
