2 0.691696 0.410513 0.139069 0.236888 0.839669
0 0.209867 0.721926 0.0396012 0.219516 0.824302
0 0.25218 0.296513 0.0380276 0.188603 0.807366
0 0.915923 0.519611 0.037447 0.192394 0.797439
0 0.164732 0.706406 0.0466035 0.236684 0.78449
0 0.41927 0.642538 0.0385414 0.230618 0.759565
0 0.480796 0.64071 0.0423242 0.216325 0.757178
0 0.546696 0.928097 0.0435008 0.143806 0.744672
0 0.538938 0.0863537 0.0286177 0.142595 0.704175
0 0.521959 0.656461 0.0399749 0.207689 0.695325
0 0.503281 0.0744402 0.0298326 0.145835 0.648412
0 0.717038 0.570637 0.0370831 0.16494 0.637431
0 0.897568 0.164911 0.0335094 0.158653 0.623544
0 0.428338 0.215316 0.0310621 0.161568 0.551188
0 0.983543 0.457308 0.0321642 0.173184 0.511204
0 0.836767 0.683014 0.031686 0.215832 0.504499
3 0.835407 0.600183 0.126931 0.161135 0.494276
3 0.701093 0.195365 0.100766 0.0994014 0.48354
0 0.161005 0.193561 0.0322103 0.148648 0.474944
0 0.251073 0.13286 0.0333609 0.161725 0.403042
0 0.927386 0.215397 0.0268295 0.157899 0.388302
0 0.926731 0.188317 0.0294369 0.204048 0.32879
0 0.892377 0.3937 0.0312927 0.0989063 0.325801
58 0.809739 0.285108 0.0534966 0.087036 0.305625
0 0.196418 0.184731 0.0346868 0.146804 0.302451
0 0.892383 0.424735 0.0339411 0.158399 0.302003
0 0.0667737 0.423091 0.0373553 0.147974 0.296905
1 0.871169 0.632389 0.0537354 0.103711 0.286846
0 0.456899 0.0651561 0.0246262 0.124803 0.283299
0 0.695942 0.0846188 0.0413046 0.16507 0.271614
0 0.0651412 0.386972 0.0442566 0.218964 0.26282
