0 0.192023 0.833105 0.0472366 0.243755 0.854121
0 0.670143 0.821446 0.046262 0.242234 0.831249
2 0.691277 0.408721 0.138874 0.233818 0.817798
0 0.91435 0.518663 0.0372149 0.192517 0.805626
0 0.462241 0.430718 0.0326847 0.186707 0.78917
0 0.930333 0.734194 0.048736 0.228316 0.758336
0 0.501897 0.422281 0.0351723 0.192314 0.739207
0 0.222714 0.458652 0.0379829 0.189683 0.737863
0 0.847691 0.657385 0.0500015 0.213128 0.727669
0 0.498491 0.932832 0.0367079 0.134335 0.724679
0 0.186395 0.472087 0.0355526 0.175125 0.691117
0 0.927467 0.202245 0.0272388 0.156647 0.64406
0 0.866387 0.170047 0.0273191 0.148337 0.61779
0 0.611279 0.14322 0.0315043 0.148882 0.606641
0 0.263718 0.284542 0.0323359 0.168852 0.500228
0 0.433052 0.207502 0.0354818 0.162952 0.44461
0 0.782875 0.199081 0.0315336 0.138963 0.366775
0 0.694887 0.0854745 0.0445357 0.166775 0.336244
1 0.702466 0.196612 0.0973801 0.101389 0.305142
0 0.337489 0.781435 0.0305987 0.137422 0.30371
3 0.804136 0.607556 0.0612818 0.120592 0.264904
0 0.135692 0.199505 0.029047 0.145251 0.260486
3 0.799945 0.617015 0.0499016 0.0985696 0.258643
0 0.161226 0.193055 0.0269423 0.151331 0.25222
