0 0.49715 0.577864 0.0355047 0.210841 0.861346
0 0.914529 0.51883 0.0401985 0.193811 0.850231
0 0.538156 0.564808 0.0470341 0.217979 0.843873
2 0.691339 0.409193 0.138979 0.236724 0.840075
0 0.163026 0.674705 0.0425076 0.214746 0.772012
0 0.476199 0.936336 0.0408148 0.127329 0.754303
0 0.847441 0.658243 0.0506603 0.212838 0.733271
0 0.241498 0.360682 0.0339931 0.177563 0.721578
0 0.435646 0.209641 0.0366238 0.161454 0.613698
0 0.744767 0.0902655 0.0301979 0.151678 0.583331
0 0.19824 0.359034 0.0357926 0.15699 0.572226
0 0.885038 0.0949368 0.0279175 0.15087 0.572022
0 0.260477 0.213323 0.0327851 0.183318 0.453643
0 0.695856 0.0851178 0.0439716 0.165815 0.447087
0 0.576514 0.0561205 0.0282028 0.111435 0.391889
0 0.74918 0.972485 0.0344883 0.0550295 0.373495
0 0.832489 0.0675559 0.0205223 0.11707 0.355164
0 0.798623 0.0652994 0.0293151 0.108876 0.352807
0 0.233008 0.213881 0.0280762 0.160571 0.347261
0 0.135595 0.192435 0.0299349 0.156387 0.317972
0 0.376031 0.258505 0.0381545 0.132179 0.316756
0 0.176016 0.24159 0.0304271 0.175393 0.314598
1 0.703307 0.196275 0.0958685 0.101277 0.311313
1 0.722929 0.197568 0.0569454 0.0895329 0.299007
3 0.810338 0.60839 0.0709812 0.12597 0.258808
58 0.809461 0.281968 0.0530186 0.0832303 0.252458
