2 0.691014 0.410834 0.139371 0.234438 0.867217
0 0.915803 0.520632 0.0380634 0.195355 0.834025
0 0.514191 0.926444 0.0437389 0.143217 0.771134
0 0.22314 0.531071 0.0402952 0.214388 0.741022
0 0.127348 0.649587 0.0371443 0.226491 0.707077
0 0.261513 0.468522 0.0350519 0.197172 0.692443
0 0.770177 0.648442 0.0456669 0.233327 0.691657
0 0.506937 0.158298 0.0311319 0.165153 0.688555
0 0.306818 0.478158 0.0324244 0.186175 0.680117
0 0.553745 0.17638 0.034024 0.168185 0.671268
0 0.166115 0.85619 0.0425949 0.249146 0.664587
0 0.134229 0.473581 0.0305892 0.165419 0.58396
0 0.589545 0.163731 0.0312933 0.15172 0.564251
0 0.873903 0.090672 0.0297876 0.14352 0.542518
0 0.177687 0.735952 0.0503681 0.130873 0.521123
0 0.441795 0.443157 0.0325336 0.187334 0.509416
0 0.258526 0.224565 0.0356807 0.185034 0.475002
3 0.847104 0.62009 0.107542 0.13592 0.46762
0 0.477976 0.444858 0.034034 0.173063 0.459267
0 0.776842 0.0977446 0.0285021 0.12556 0.441386
0 0.404041 0.395445 0.0288058 0.166665 0.437349
3 0.702166 0.19724 0.0978762 0.0995872 0.402343
0 0.194701 0.17547 0.0285652 0.167121 0.335797
1 0.689217 0.199253 0.0784525 0.109313 0.258242
