2 0.691312 0.410233 0.139175 0.2345 0.820333
0 0.937591 0.277708 0.0359146 0.156219 0.808517
0 0.122149 0.861783 0.0456352 0.258572 0.80379
0 0.158015 0.88546 0.0427636 0.227126 0.803276
0 0.912524 0.518994 0.0390022 0.190856 0.782828
0 0.444273 0.674292 0.0327831 0.232673 0.724277
0 0.904486 0.368979 0.0406216 0.174029 0.705878
0 0.570336 0.782837 0.041132 0.177955 0.682845
0 0.258436 0.195138 0.031983 0.173122 0.65851
0 0.52293 0.797611 0.0433001 0.243052 0.656667
0 0.560214 0.930056 0.0376005 0.139888 0.633686
0 0.788899 0.0624269 0.0301853 0.124854 0.627642
0 0.216808 0.269963 0.0353929 0.180074 0.551625
0 0.942285 0.701135 0.0341217 0.194493 0.544887
0 0.419376 0.215067 0.0290398 0.153041 0.535458
0 0.16266 0.191745 0.030163 0.155667 0.529481
3 0.700825 0.192753 0.101991 0.103814 0.519216
0 0.985847 0.301671 0.0277779 0.191737 0.473597
0 0.252439 0.0639757 0.0315272 0.127889 0.445996
0 0.882868 0.0819282 0.0303158 0.148832 0.433805
0 0.83739 0.660506 0.0446535 0.21929 0.429543
0 0.498841 0.049863 0.0239769 0.0984857 0.422934
0 0.106232 0.383062 0.0286051 0.174641 0.38333
0 0.530571 0.0534764 0.0245413 0.093174 0.353536
0 0.694869 0.0855033 0.0424252 0.167013 0.343898
0 0.131075 0.192542 0.0269701 0.151084 0.340695
3 0.840867 0.609186 0.121476 0.135031 0.322147
0 0.375399 0.250535 0.0379839 0.13681 0.316839
0 0.474831 0.0543954 0.0265222 0.104346 0.306721
0 0.284336 0.17343 0.028666 0.16798 0.2959
0 0.20362 0.176349 0.0301707 0.1614 0.273198
1 0.874001 0.626639 0.0525709 0.115154 0.262651
0 0.84429 0.343047 0.0266243 0.15885 0.256197
