0 0.916025 0.521752 0.0379437 0.195733 0.850312
2 0.691432 0.4114 0.139058 0.237587 0.840643
0 0.282929 0.555579 0.0340132 0.197016 0.760611
0 0.506998 0.922846 0.0315576 0.151795 0.760443
0 0.909003 0.134465 0.0285152 0.135009 0.7223
0 0.499151 0.105671 0.0311394 0.157254 0.715774
0 0.219423 0.920521 0.0480161 0.127887 0.692199
0 0.527813 0.144059 0.0310843 0.161407 0.674443
0 0.82043 0.675351 0.0394058 0.21001 0.659064
0 0.251326 0.189189 0.0360374 0.170455 0.643328
0 0.136625 0.414355 0.0297052 0.170215 0.64309
0 0.235854 0.537289 0.0500591 0.201767 0.630954
0 0.459412 0.503744 0.0365951 0.188715 0.60873
0 0.237774 0.891173 0.0436004 0.215589 0.588354
0 0.555342 0.143564 0.0270233 0.14813 0.582789
0 0.486188 0.505481 0.0279589 0.183797 0.549573
0 0.765859 0.0592834 0.0283161 0.118567 0.535728
0 0.430337 0.217332 0.0279433 0.158496 0.502081
0 0.237504 0.854178 0.0418119 0.143534 0.491528
0 0.505445 0.435296 0.0281076 0.144914 0.481489
0 0.230957 0.405738 0.0415259 0.121586 0.416605
0 0.159869 0.19928 0.0304921 0.154653 0.364963
0 0.225733 0.653509 0.0469252 0.225266 0.346378
1 0.862139 0.62951 0.0640261 0.109265 0.339566
0 0.204147 0.180044 0.0317659 0.155492 0.318308
0 0.694823 0.087081 0.0415401 0.169809 0.314281
3 0.701056 0.196932 0.10047 0.103195 0.288608
1 0.66505 0.203701 0.0328476 0.0907329 0.275128
