2 0.691459 0.409452 0.139139 0.235739 0.845438
0 0.864236 0.274335 0.0391468 0.169858 0.796435
0 0.915508 0.518818 0.0396696 0.196631 0.79342
0 0.788277 0.0656639 0.0317976 0.129794 0.78471
0 0.196774 0.364929 0.0346873 0.182051 0.777612
0 0.19333 0.957375 0.0493012 0.0852509 0.741702
0 0.303101 0.609855 0.0384983 0.220311 0.723649
0 0.600506 0.926338 0.043606 0.147323 0.717421
0 0.517023 0.934094 0.0333418 0.131812 0.672483
0 0.819748 0.959662 0.046093 0.080677 0.571636
0 0.64529 0.933143 0.0417242 0.133714 0.51545
0 0.435445 0.213936 0.0278228 0.162411 0.508373
0 0.843716 0.65926 0.0574749 0.212382 0.473291
58 0.809576 0.301825 0.0544098 0.122694 0.44857
0 0.144487 0.321242 0.0368994 0.157798 0.418624
3 0.841368 0.597204 0.124873 0.152742 0.395795
0 0.162668 0.195413 0.0319533 0.153706 0.39569
0 0.202364 0.174452 0.0317906 0.168758 0.391667
3 0.701022 0.193601 0.100976 0.102037 0.391363
0 0.114173 0.314535 0.0298236 0.169665 0.389842
0 0.777164 0.971805 0.0270506 0.0563894 0.339528
0 0.638819 0.931765 0.0311926 0.13647 0.32743
1 0.703138 0.196114 0.0972594 0.0985341 0.271534
0 0.410398 0.122664 0.0336525 0.155014 0.26585
3 0.812244 0.612133 0.0726651 0.122503 0.252303
