2 0.691317 0.408962 0.139417 0.23428 0.83867
0 0.915657 0.518746 0.0375236 0.193918 0.836173
0 0.162667 0.615007 0.0404451 0.212207 0.831555
0 0.529251 0.651915 0.0362983 0.211514 0.820888
0 0.568801 0.627035 0.0360378 0.214065 0.785974
0 0.472958 0.932488 0.0331841 0.135024 0.723697
0 0.846539 0.65954 0.0512108 0.21053 0.689305
0 0.783698 0.1011 0.0306468 0.136514 0.655985
0 0.162304 0.249434 0.0294439 0.161353 0.628762
0 0.242721 0.319126 0.0351363 0.175777 0.596636
0 0.756447 0.114815 0.0300156 0.153616 0.581977
0 0.215496 0.325379 0.0264922 0.15482 0.577123
0 0.860668 0.0667442 0.0257166 0.130709 0.523074
0 0.26172 0.175928 0.0333878 0.177369 0.482376
0 0.428419 0.209447 0.0354782 0.159769 0.443816
3 0.701896 0.195256 0.0994367 0.104891 0.35962
1 0.702986 0.197207 0.0966375 0.100066 0.343299
0 0.304822 0.186705 0.0285694 0.157481 0.339408
0 0.192212 0.247283 0.0262672 0.151572 0.331145
58 0.344931 0.307475 0.0465142 0.111421 0.311663
0 0.695127 0.084341 0.0419229 0.163427 0.306453
0 0.375954 0.258055 0.0377339 0.124097 0.297356
0 0.236874 0.176484 0.0234778 0.143055 0.29405
0 0.425191 0.210671 0.0250038 0.158275 0.250777
