0 0.137001 0.777178 0.0476006 0.236226 0.891959
0 0.439541 0.667198 0.0464424 0.226525 0.87821
0 0.180419 0.800324 0.0438694 0.226786 0.840826
2 0.691634 0.409812 0.139203 0.23862 0.840565
0 0.254766 0.243902 0.0365351 0.181916 0.82012
0 0.496673 0.71809 0.0423738 0.229444 0.792894
0 0.917638 0.242466 0.03395 0.155205 0.753882
0 0.536767 0.725975 0.0444868 0.209594 0.743287
0 0.551461 0.933171 0.0413088 0.133657 0.726106
0 0.534368 0.0660175 0.0280031 0.132035 0.703786
0 0.914275 0.521138 0.0453777 0.191665 0.668088
0 0.947487 0.411932 0.0356586 0.173335 0.603847
0 0.202651 0.182768 0.0346207 0.158136 0.579244
0 0.0842212 0.399665 0.0263556 0.172279 0.541672
0 0.432891 0.212333 0.0238889 0.163114 0.518369
0 0.227544 0.223491 0.0269874 0.163486 0.49786
0 0.500049 0.061244 0.0272949 0.122488 0.481839
0 0.898567 0.117703 0.0283005 0.146883 0.46764
0 0.846051 0.60936 0.0312544 0.149221 0.458087
3 0.700833 0.194495 0.102055 0.102722 0.411558
0 0.951658 0.227662 0.0336842 0.151199 0.4024
0 0.2494 0.0949483 0.0333272 0.148622 0.400523
0 0.869271 0.112795 0.0292776 0.158524 0.391851
1 0.702549 0.196826 0.0985849 0.0986145 0.379272
0 0.82524 0.661335 0.031995 0.209955 0.358463
0 0.470526 0.0619803 0.0264658 0.119351 0.350587
0 0.695919 0.0862582 0.0444239 0.168279 0.349715
0 0.833566 0.660131 0.0428522 0.214242 0.305289
58 0.809707 0.283857 0.0534679 0.0847315 0.27448
0 0.337263 0.7825 0.0312314 0.136634 0.271307
0 0.795909 0.0567429 0.0284088 0.112308 0.268991
0 0.165198 0.188357 0.0313195 0.178355 0.25959
