0 0.638037 0.72457 0.0463568 0.235015 0.851752
2 0.691221 0.408217 0.139174 0.233192 0.831937
0 0.195618 0.893466 0.0486752 0.213067 0.825742
0 0.915348 0.518399 0.0396225 0.191064 0.819838
0 0.497132 0.371573 0.0337906 0.192816 0.794749
0 0.88657 0.211992 0.0320431 0.147656 0.779397
0 0.849028 0.655561 0.0522654 0.216899 0.765349
0 0.453359 0.375522 0.0330791 0.185369 0.738477
0 0.928776 0.728573 0.048719 0.217057 0.719882
0 0.636423 0.195091 0.0321772 0.16431 0.70324
0 0.491474 0.937057 0.0322483 0.125886 0.685256
0 0.219913 0.518977 0.0387123 0.205759 0.646984
0 0.176035 0.51787 0.0396547 0.177487 0.64673
0 0.225654 0.341084 0.0374039 0.185669 0.6451
0 0.276656 0.330721 0.0328614 0.1694 0.641939
0 0.950327 0.255642 0.0283348 0.14721 0.462937
0 0.178017 0.342761 0.0336178 0.173302 0.398716
3 0.706279 0.196073 0.0898725 0.0999852 0.343318
0 0.435142 0.20745 0.0301082 0.161767 0.331744
