2 0.691374 0.409053 0.138589 0.233115 0.871924
0 0.234175 0.405317 0.0438173 0.207203 0.853439
0 0.636233 0.94452 0.0464636 0.110961 0.845514
0 0.916 0.519534 0.037995 0.193206 0.826035
0 0.22701 0.912444 0.0547203 0.175112 0.806012
0 0.072243 0.622394 0.0406234 0.226521 0.766359
0 0.024058 0.779482 0.043847 0.212787 0.756474
0 0.763656 0.275969 0.0322292 0.168918 0.744149
0 0.276188 0.273928 0.0403401 0.179495 0.731789
0 0.531851 0.256138 0.0299372 0.178283 0.727106
0 0.732423 0.643239 0.053512 0.229466 0.67506
0 0.475805 0.257652 0.0275558 0.153444 0.497251
0 0.16462 0.19246 0.0300242 0.151242 0.486792
0 0.452675 0.247788 0.0269861 0.170159 0.474498
0 0.414453 0.260377 0.0303409 0.160882 0.472939
3 0.837154 0.608325 0.128904 0.155342 0.450117
0 0.197753 0.170321 0.0354072 0.17319 0.422123
0 0.261156 0.187837 0.0316672 0.150696 0.381762
0 0.787905 0.0995821 0.0287153 0.0694867 0.371307
0 0.664646 0.223266 0.0364502 0.146184 0.368843
58 0.810851 0.310262 0.05249 0.138607 0.355983
0 0.122314 0.189554 0.028414 0.138607 0.288925
0 0.238816 0.0914735 0.0273831 0.140223 0.279341
58 0.345538 0.31009 0.0475157 0.114407 0.267851
