0 0.914319 0.51878 0.0406359 0.194487 0.854135
2 0.691347 0.409543 0.139149 0.236237 0.838069
0 0.492355 0.571626 0.0354425 0.206313 0.821672
0 0.536761 0.56034 0.0452262 0.217814 0.81683
0 0.163284 0.679705 0.0440726 0.22147 0.801989
0 0.478767 0.936546 0.0406368 0.126809 0.756554
0 0.240937 0.363178 0.0327891 0.170172 0.713579
0 0.847921 0.659512 0.0497421 0.21475 0.702497
0 0.887132 0.108958 0.027375 0.152837 0.695403
0 0.199141 0.367297 0.0342885 0.156775 0.693738
0 0.745899 0.966933 0.0446438 0.0661331 0.678278
0 0.435286 0.209046 0.0367106 0.160149 0.659573
0 0.261805 0.215651 0.0340527 0.174121 0.587716
0 0.744894 0.0833908 0.0299922 0.14284 0.527158
0 0.579348 0.0591537 0.0297459 0.118307 0.46625
0 0.695424 0.0848814 0.0441341 0.165519 0.447427
0 0.233819 0.220822 0.02774 0.156266 0.40466
0 0.833501 0.0735364 0.0223639 0.106977 0.358572
0 0.178284 0.241936 0.0334784 0.169222 0.329127
1 0.723507 0.19692 0.0562706 0.0895317 0.311686
0 0.376064 0.258168 0.0381692 0.124809 0.297523
0 0.134747 0.194964 0.0297945 0.156413 0.297031
0 0.337527 0.784044 0.0315175 0.137235 0.258986
0 0.798982 0.0611867 0.0304455 0.110959 0.254671
