2 0.691433 0.40924 0.138864 0.235718 0.845943
0 0.916188 0.518878 0.0370304 0.193514 0.829233
0 0.163069 0.606285 0.0394267 0.213789 0.826841
0 0.532803 0.656142 0.0353966 0.218704 0.819946
0 0.572756 0.636215 0.0401965 0.213277 0.765278
0 0.473677 0.932714 0.0329062 0.134572 0.72188
0 0.846532 0.658791 0.0509716 0.211673 0.719418
0 0.161517 0.247199 0.0282764 0.161529 0.671759
0 0.244042 0.308487 0.034063 0.172251 0.661943
0 0.783758 0.0988353 0.032106 0.138199 0.583661
0 0.193165 0.247837 0.0246991 0.153273 0.578082
0 0.218375 0.320457 0.028346 0.15455 0.526798
0 0.424348 0.207726 0.0288728 0.155501 0.498173
0 0.756645 0.117706 0.0298212 0.144565 0.425527
3 0.701364 0.192783 0.100786 0.108399 0.412475
0 0.305279 0.187565 0.0300872 0.160487 0.374707
58 0.344802 0.308026 0.0466448 0.113548 0.342557
0 0.578601 0.648179 0.0300739 0.209918 0.339726
0 0.8582 0.0631816 0.0246902 0.124994 0.334555
0 0.262619 0.173587 0.0356815 0.182294 0.329809
0 0.695214 0.08592 0.0418179 0.166419 0.320483
1 0.697688 0.195171 0.0918992 0.108794 0.318473
58 0.809099 0.286913 0.0533592 0.0932487 0.270849
3 0.809718 0.608713 0.0701202 0.13093 0.270757
0 0.5666 0.0298254 0.0217422 0.0552667 0.25822
