0 0.915257 0.520003 0.0391115 0.191937 0.843052
2 0.691293 0.4164 0.137926 0.247662 0.837501
0 0.472866 0.621744 0.0417072 0.206222 0.8102
0 0.53523 0.93029 0.0489926 0.13942 0.801676
0 0.217571 0.704104 0.0412058 0.215898 0.795962
0 0.171116 0.688434 0.0500807 0.235769 0.792629
0 0.252607 0.305137 0.0384424 0.181748 0.770309
0 0.410287 0.634585 0.0450203 0.224461 0.749016
0 0.53927 0.0956979 0.0280707 0.146051 0.732077
0 0.507108 0.0838262 0.0318666 0.152652 0.65861
0 0.515291 0.633517 0.0385744 0.194111 0.639069
0 0.843895 0.688653 0.0437218 0.205489 0.622692
0 0.932245 0.199739 0.0264404 0.157522 0.621556
0 0.886945 0.153529 0.0342701 0.154549 0.610675
0 0.685969 0.545119 0.0333881 0.156951 0.596186
0 0.428426 0.21598 0.0307442 0.159623 0.546023
0 0.95597 0.147 0.0354984 0.159931 0.479149
3 0.837601 0.601139 0.127788 0.167374 0.476018
0 0.451626 0.0626677 0.0246214 0.125335 0.468992
0 0.12998 0.226323 0.0364681 0.238068 0.422653
3 0.701226 0.194162 0.100219 0.100841 0.416827
0 0.16024 0.187771 0.0323821 0.161887 0.382834
0 0.236295 0.175766 0.0250786 0.144236 0.357803
0 0.906787 0.406094 0.0298534 0.0849647 0.339075
58 0.809677 0.286651 0.0531284 0.0917361 0.312602
0 0.695166 0.0850426 0.0407999 0.165919 0.303304
0 0.985897 0.467293 0.0274752 0.165882 0.302325
0 0.196206 0.185249 0.0353617 0.148794 0.281468
58 0.810656 0.306002 0.053293 0.132054 0.256818
