0 0.171244 0.558874 0.0389045 0.206854 0.83927
2 0.691537 0.408696 0.13893 0.236325 0.833517
0 0.916292 0.518366 0.0382553 0.193684 0.833496
0 0.565884 0.716986 0.0390852 0.227943 0.818642
0 0.47846 0.943852 0.0465672 0.112297 0.765704
0 0.603448 0.700595 0.0437204 0.234421 0.732642
0 0.846755 0.655592 0.0501629 0.21375 0.724709
0 0.312864 0.643516 0.033602 0.228158 0.708673
0 0.248262 0.281559 0.0314521 0.168473 0.520676
58 0.346109 0.305902 0.0488254 0.106548 0.386733
0 0.159062 0.254279 0.0275701 0.162652 0.377825
0 0.221124 0.286573 0.027048 0.155669 0.368645
1 0.698565 0.191793 0.0925224 0.111741 0.352948
0 0.762654 0.142164 0.0288446 0.146486 0.320233
0 0.833803 0.0464067 0.0227749 0.0906139 0.300678
0 0.182186 0.253052 0.0269443 0.153235 0.292991
0 0.299304 0.19353 0.0305357 0.14813 0.287188
3 0.700723 0.190265 0.102839 0.110199 0.285873
0 0.759742 0.155938 0.0307814 0.120924 0.274895
1 0.725293 0.193583 0.0543832 0.0864449 0.263894
