0 0.916111 0.522048 0.0374775 0.194453 0.847523
2 0.691435 0.410942 0.139238 0.236798 0.844007
0 0.241465 0.537583 0.0401361 0.205394 0.769238
0 0.28518 0.541252 0.0379238 0.196182 0.751803
0 0.505483 0.921333 0.0324124 0.157335 0.741673
0 0.219313 0.925331 0.0540052 0.149339 0.707984
0 0.907778 0.129622 0.0277737 0.140611 0.701306
0 0.529658 0.14604 0.0307621 0.157835 0.690529
0 0.137871 0.415843 0.0313542 0.166494 0.68874
0 0.818187 0.671181 0.0414047 0.215618 0.678363
0 0.499492 0.107331 0.0322401 0.156024 0.668631
0 0.21608 0.650069 0.0374219 0.223633 0.651731
0 0.485162 0.502503 0.0265703 0.181536 0.606366
0 0.229641 0.84234 0.0391018 0.129873 0.600024
0 0.457266 0.500025 0.0356316 0.188377 0.593235
0 0.55751 0.144288 0.0271001 0.147216 0.59218
0 0.429622 0.217893 0.0290159 0.157991 0.486651
0 0.766606 0.0612711 0.0293584 0.122542 0.473293
0 0.499519 0.44086 0.0339664 0.172994 0.463986
0 0.252468 0.194639 0.0341286 0.171004 0.457595
0 0.228358 0.413454 0.0460663 0.122228 0.419559
0 0.15812 0.198133 0.0323986 0.156647 0.353692
1 0.859446 0.63045 0.0603458 0.107788 0.294628
0 0.69518 0.0878037 0.0423985 0.171528 0.278874
1 0.702823 0.199599 0.0969349 0.0964828 0.274101
3 0.701701 0.197774 0.099015 0.100721 0.272801
