0 0.915735 0.519385 0.0417397 0.193616 0.862163
0 0.613925 0.638538 0.04112 0.217305 0.860225
2 0.691348 0.410206 0.138956 0.234677 0.84877
0 0.218456 0.936482 0.0461326 0.126661 0.789477
0 0.849454 0.657785 0.0503468 0.21736 0.7893
0 0.504823 0.31966 0.0327606 0.180667 0.777313
0 0.457778 0.326911 0.0299854 0.181412 0.768752
0 0.978058 0.310256 0.033005 0.169336 0.734427
0 0.902394 0.262157 0.034724 0.160127 0.703979
0 0.214723 0.569706 0.0405915 0.206988 0.692818
0 0.484019 0.936148 0.0303115 0.127705 0.683392
0 0.274195 0.371589 0.0326469 0.174317 0.680413
0 0.210485 0.379407 0.035741 0.17642 0.679581
0 0.172138 0.575259 0.0344415 0.186161 0.65338
0 0.319317 0.612829 0.0363714 0.227902 0.605673
0 0.168596 0.381326 0.032577 0.174082 0.548878
0 0.907605 0.732674 0.0459431 0.225967 0.539982
0 0.135544 0.204669 0.0291406 0.147241 0.395676
0 0.162017 0.191678 0.0276271 0.153911 0.375995
0 0.783101 0.260396 0.0321854 0.134525 0.350896
0 0.270523 0.236287 0.0230668 0.131605 0.288491
26 0.633239 0.684269 0.0140524 0.0588988 0.267159
58 0.345831 0.303198 0.0480067 0.0982598 0.266225
