2 0.691501 0.408701 0.13902 0.238463 0.900373
0 0.219249 0.471008 0.0426113 0.212859 0.811857
0 0.917464 0.520002 0.0376995 0.194411 0.801826
0 0.0732145 0.623038 0.0417258 0.225347 0.761973
0 0.956971 0.29955 0.0347898 0.171352 0.746962
0 0.29493 0.230456 0.0310093 0.171277 0.706414
0 0.428081 0.216884 0.0332052 0.164025 0.693768
0 0.85738 0.310656 0.0332005 0.164437 0.648305
0 0.612276 0.950209 0.0314896 0.0995815 0.644245
0 0.4812 0.204784 0.0456959 0.166756 0.598324
0 0.735277 0.643212 0.0590272 0.229746 0.59517
0 0.555643 0.213498 0.0320415 0.160297 0.568442
3 0.836376 0.606631 0.13002 0.160166 0.519257
0 0.270966 0.214334 0.0284057 0.158926 0.503366
0 0.727447 0.635835 0.043841 0.21267 0.477772
0 0.197508 0.175699 0.0305032 0.16118 0.449509
0 0.752515 0.303676 0.0397352 0.171277 0.383493
0 0.0122462 0.891343 0.0244708 0.216351 0.336718
0 0.123929 0.440138 0.0312583 0.159486 0.326893
0 0.787795 0.0994027 0.0273098 0.0675214 0.310126
0 0.14444 0.43497 0.0275215 0.185847 0.30626
0 0.161738 0.192753 0.0258732 0.145444 0.27918
0 0.55601 0.239977 0.0284995 0.107333 0.272492
