2 0.691288 0.407851 0.138479 0.236243 0.890543
0 0.916247 0.519584 0.0378723 0.194181 0.828645
0 0.231268 0.420511 0.0440457 0.219305 0.822305
0 0.776023 0.279653 0.031045 0.178117 0.790928
0 0.64145 0.949259 0.0448755 0.101482 0.789517
0 0.229266 0.923825 0.0562364 0.15235 0.784064
0 0.0725473 0.621697 0.0406847 0.224663 0.776879
0 0.0220963 0.804856 0.038062 0.217042 0.762209
0 0.275574 0.264047 0.0377466 0.180255 0.736493
0 0.734424 0.641456 0.056608 0.229642 0.605194
0 0.539029 0.253074 0.0292157 0.165262 0.578479
3 0.836756 0.60749 0.129238 0.155546 0.51244
0 0.162627 0.184274 0.0281786 0.166185 0.511536
0 0.481589 0.245304 0.0285292 0.150393 0.506853
0 0.713281 0.252772 0.0410835 0.118698 0.495589
0 0.72807 0.63507 0.0416515 0.213169 0.490725
0 0.19976 0.173089 0.0334719 0.165373 0.486167
0 0.788069 0.0996111 0.0294139 0.0697041 0.410132
0 0.253657 0.166159 0.0308227 0.143752 0.409775
0 0.44347 0.268722 0.0289957 0.149707 0.398415
0 0.430179 0.207538 0.0363193 0.142416 0.395137
2 0.0685471 0.348928 0.0849636 0.171879 0.379388
0 0.683857 0.237954 0.0326321 0.120949 0.313785
58 0.810736 0.310103 0.0514484 0.136404 0.271325
0 0.98955 0.35389 0.0203827 0.22993 0.270234
