0 0.64613 0.752594 0.0437683 0.242123 0.871974
0 0.197389 0.883154 0.0506695 0.233692 0.863186
2 0.690997 0.408559 0.139129 0.233538 0.826668
0 0.914439 0.518514 0.0386353 0.19356 0.809356
0 0.496432 0.383505 0.0324812 0.189204 0.803966
0 0.275023 0.316124 0.034885 0.167106 0.790126
0 0.848912 0.656482 0.0512016 0.214803 0.786301
0 0.454868 0.389794 0.0331821 0.182737 0.782571
0 0.929415 0.734936 0.0494862 0.230964 0.762322
0 0.22118 0.499621 0.0390927 0.202721 0.751335
0 0.630114 0.180981 0.0309885 0.151261 0.74247
0 0.179654 0.504443 0.0377206 0.187229 0.7134
0 0.496146 0.933191 0.0358116 0.133618 0.706996
0 0.879599 0.199932 0.0297026 0.144592 0.671251
0 0.94358 0.245577 0.0291601 0.157175 0.658391
0 0.228811 0.330821 0.0403331 0.175636 0.552862
0 0.183277 0.326548 0.0288861 0.166597 0.50167
0 0.780238 0.228166 0.028378 0.137505 0.415816
0 0.435329 0.207752 0.0270587 0.160088 0.370463
1 0.703566 0.197903 0.0950272 0.096952 0.289817
