2 0.691077 0.410666 0.139281 0.234258 0.871056
0 0.915703 0.520969 0.0379627 0.19554 0.827642
0 0.513793 0.92683 0.0441576 0.142288 0.769993
0 0.223136 0.529339 0.0409295 0.212313 0.757823
0 0.128727 0.650119 0.035854 0.227629 0.725118
0 0.769835 0.65048 0.040217 0.232303 0.702021
0 0.305474 0.482966 0.0328752 0.188053 0.691058
0 0.552211 0.175398 0.0330479 0.165551 0.685251
0 0.506033 0.15531 0.0320917 0.167015 0.68171
0 0.260377 0.4708 0.0328023 0.198129 0.653135
0 0.16731 0.861154 0.0412051 0.23642 0.647783
0 0.135014 0.470327 0.0314926 0.166338 0.617189
0 0.875002 0.0913182 0.0294807 0.141792 0.574296
0 0.588106 0.162168 0.029945 0.147076 0.565857
0 0.181938 0.738616 0.0580037 0.122661 0.556477
0 0.478373 0.448186 0.0350618 0.172888 0.508474
0 0.441866 0.446048 0.0313458 0.183612 0.488631
0 0.258555 0.224428 0.0364292 0.18447 0.485686
0 0.407531 0.398479 0.0300966 0.168512 0.473912
0 0.776026 0.098414 0.0289312 0.128885 0.434706
3 0.701686 0.197656 0.0991374 0.101542 0.413492
0 0.194816 0.17634 0.0281053 0.166487 0.365394
3 0.846756 0.620777 0.108511 0.134776 0.337047
0 0.219781 0.091475 0.026897 0.151796 0.265303
0 0.165328 0.188211 0.0273304 0.16722 0.252692
