0 0.511184 0.609775 0.0359638 0.204773 0.857634
0 0.915414 0.518645 0.0386482 0.194603 0.844394
2 0.691213 0.408713 0.138762 0.234287 0.844151
0 0.16058 0.652111 0.040912 0.227059 0.834301
0 0.556784 0.592003 0.0386787 0.216734 0.817372
0 0.470351 0.936911 0.0410721 0.126178 0.740371
0 0.847236 0.658161 0.0504862 0.213554 0.701072
0 0.43081 0.208763 0.0353519 0.166011 0.669215
0 0.243805 0.341893 0.0321486 0.178152 0.64781
0 0.209528 0.338318 0.0256438 0.157902 0.631333
0 0.870423 0.0833359 0.0299454 0.15159 0.609185
0 0.20158 0.336616 0.0412276 0.163473 0.553949
0 0.174447 0.247647 0.0289659 0.16275 0.538254
0 0.783693 0.113999 0.0290043 0.140434 0.523281
0 0.571252 0.0454118 0.027318 0.0878031 0.502776
0 0.748551 0.102247 0.0302349 0.151384 0.500887
0 0.695203 0.0846663 0.0418217 0.165376 0.387199
3 0.701919 0.192875 0.0993877 0.108176 0.38184
0 0.262008 0.191258 0.0324968 0.183994 0.324971
58 0.345313 0.307928 0.0470652 0.111566 0.311909
0 0.304541 0.188399 0.0290858 0.154268 0.311698
58 0.809357 0.285474 0.0534203 0.0908963 0.290321
0 0.33674 0.786774 0.033507 0.132657 0.27327
0 0.192659 0.235706 0.0230717 0.136999 0.270834
58 0.810543 0.309487 0.053421 0.139904 0.250087
