2 0.691523 0.408931 0.139143 0.238007 0.881608
0 0.214136 0.486219 0.0417167 0.220938 0.80944
0 0.559593 0.205765 0.03473 0.165265 0.753736
0 0.0726987 0.622093 0.0409781 0.225956 0.720624
0 0.922578 0.523748 0.0397797 0.201346 0.719036
0 0.299204 0.216891 0.0315918 0.171223 0.696926
0 0.42789 0.216897 0.0328562 0.163326 0.684045
0 0.59111 0.953878 0.0382404 0.0922445 0.680688
0 0.589617 0.275878 0.0299374 0.164622 0.671928
0 0.948815 0.27382 0.0291218 0.175796 0.619649
0 0.736306 0.643841 0.0606668 0.231483 0.619627
0 0.8687 0.325372 0.0349426 0.169136 0.605827
3 0.836803 0.606866 0.129331 0.157374 0.54967
0 0.275355 0.202151 0.026785 0.157487 0.540919
0 0.473021 0.195219 0.0295481 0.162641 0.511241
0 0.72798 0.635166 0.0442807 0.21377 0.493165
0 0.157015 0.446937 0.0274189 0.181135 0.469933
0 0.199219 0.176133 0.0318804 0.161629 0.445102
0 0.134945 0.459977 0.0328561 0.18582 0.419263
0 0.489925 0.196064 0.0212114 0.148812 0.364386
0 0.787985 0.0993786 0.0275307 0.0679812 0.311258
0 0.0113151 0.905329 0.0225157 0.187386 0.30636
0 0.76953 0.303911 0.0320536 0.143493 0.302687
0 0.227704 0.16147 0.0261703 0.150395 0.288602
58 0.347248 0.311379 0.0501162 0.116537 0.271544
0 0.162969 0.188675 0.0275785 0.154752 0.265991
