0 0.212262 0.924766 0.0531075 0.150468 0.861028
0 0.619894 0.667864 0.0450568 0.230969 0.852815
0 0.915501 0.518375 0.0421843 0.191836 0.839748
2 0.691389 0.409483 0.138949 0.232858 0.838772
0 0.89985 0.238143 0.0295593 0.14602 0.811569
0 0.500018 0.33402 0.0342052 0.186065 0.788193
0 0.848295 0.657352 0.0522297 0.212542 0.762669
0 0.455064 0.346844 0.0345511 0.184617 0.743721
0 0.170364 0.558649 0.0435692 0.187375 0.702891
0 0.487853 0.938433 0.0324193 0.123134 0.693177
0 0.971498 0.291758 0.0334789 0.168549 0.654915
0 0.920705 0.744506 0.0491089 0.220954 0.595309
0 0.21847 0.545312 0.0404832 0.2072 0.582708
0 0.274969 0.356664 0.0320815 0.17703 0.563811
0 0.324814 0.619063 0.0434938 0.223412 0.556385
0 0.663 0.213335 0.0313173 0.16537 0.543948
0 0.170009 0.364294 0.0331556 0.176505 0.532689
0 0.778896 0.246661 0.0309204 0.144323 0.489421
0 0.177872 0.5601 0.0293733 0.179719 0.471075
0 0.930198 0.642417 0.0327059 0.1271 0.383593
0 0.217744 0.359815 0.0421138 0.177683 0.364842
0 0.135034 0.202951 0.02848 0.143495 0.274751
0 0.161548 0.191113 0.0278131 0.147964 0.250738
