2 0.691164 0.410053 0.139019 0.234241 0.870919
0 0.91613 0.521143 0.0381561 0.196596 0.8521
0 0.242455 0.285659 0.0392694 0.188163 0.775288
0 0.517653 0.922045 0.0321359 0.152368 0.774405
0 0.229043 0.660994 0.0431032 0.225976 0.771417
0 0.0699794 0.720873 0.0600533 0.225541 0.764738
0 0.610972 0.211756 0.0303099 0.168067 0.743384
0 0.284332 0.395379 0.0391855 0.198809 0.737255
0 0.132006 0.579033 0.0312943 0.183017 0.724709
0 0.483156 0.22689 0.0335981 0.168028 0.687037
0 0.329433 0.378703 0.0292783 0.149137 0.66215
0 0.734695 0.643627 0.0542072 0.230784 0.63697
0 0.067109 0.572562 0.033144 0.133682 0.567448
0 0.410375 0.366417 0.0317294 0.181543 0.556267
0 0.0210758 0.671517 0.0399635 0.216591 0.544275
3 0.837057 0.613194 0.128091 0.149441 0.50547
0 0.642299 0.203066 0.0322035 0.151567 0.49618
0 0.429075 0.217712 0.0323881 0.158792 0.482911
0 0.439995 0.375254 0.0307237 0.173882 0.465093
0 0.729638 0.635505 0.0379498 0.215906 0.421233
0 0.548196 0.19613 0.0294626 0.139143 0.411191
0 0.163976 0.191579 0.0272058 0.156873 0.404647
0 0.789914 0.102151 0.0303419 0.0713348 0.365229
0 0.197044 0.177264 0.0331139 0.161353 0.363322
0 0.283214 0.194113 0.0250057 0.148736 0.354186
58 0.810676 0.283193 0.0532026 0.0806006 0.253662
