0 0.196652 0.902939 0.0474489 0.194121 0.85096
0 0.634727 0.706229 0.0434771 0.232644 0.849603
2 0.691225 0.40826 0.13912 0.233136 0.828504
0 0.915513 0.517976 0.0384644 0.189969 0.827783
0 0.498902 0.35853 0.0350912 0.185619 0.763826
0 0.849408 0.655527 0.0517269 0.215979 0.760501
0 0.929308 0.736431 0.0480221 0.228433 0.745425
0 0.640516 0.205987 0.032836 0.159726 0.706463
0 0.454724 0.366856 0.0314827 0.185265 0.705538
0 0.888278 0.224258 0.0317894 0.152983 0.69615
0 0.489909 0.938122 0.033368 0.123756 0.677576
0 0.179156 0.530523 0.0331067 0.176945 0.664545
0 0.277597 0.334296 0.0325577 0.17041 0.613202
0 0.218117 0.52035 0.0399537 0.201364 0.580159
0 0.955219 0.26621 0.0307129 0.171764 0.488767
0 0.224933 0.350328 0.0365519 0.184338 0.35975
0 0.17537 0.344572 0.0318041 0.168341 0.329509
0 0.784276 0.234539 0.0326563 0.135878 0.313378
0 0.13467 0.193551 0.029149 0.158001 0.271011
0 0.960781 0.737476 0.0458511 0.294797 0.254927
0 0.436018 0.20709 0.0294335 0.160769 0.252425
