0 0.191692 0.834387 0.0464955 0.24544 0.862439
2 0.691213 0.408673 0.138811 0.23453 0.826287
0 0.461604 0.430406 0.0339601 0.190978 0.824146
0 0.669849 0.820321 0.0471083 0.244747 0.822956
0 0.914329 0.51845 0.0373362 0.192343 0.806175
0 0.930113 0.73456 0.0486263 0.226169 0.75672
0 0.501497 0.420695 0.0350548 0.193263 0.755927
0 0.222019 0.459182 0.0387547 0.189186 0.752703
0 0.499111 0.932579 0.0367677 0.134843 0.732197
0 0.847939 0.656939 0.049427 0.212506 0.723378
0 0.186484 0.470725 0.0359228 0.175317 0.654377
0 0.927794 0.206429 0.0269722 0.165844 0.631108
0 0.612228 0.144544 0.0304663 0.149115 0.613829
0 0.866065 0.171196 0.0274931 0.14362 0.591541
0 0.264232 0.285961 0.0332948 0.17013 0.497227
0 0.433173 0.207608 0.0347965 0.161997 0.448148
0 0.694799 0.0863695 0.0446041 0.168298 0.338868
0 0.337049 0.782522 0.0308569 0.136677 0.326759
0 0.782751 0.19942 0.031277 0.138269 0.30872
3 0.799834 0.618646 0.0490826 0.0957993 0.274134
3 0.804449 0.608062 0.0618389 0.120476 0.273626
1 0.7027 0.196218 0.0969746 0.100502 0.271709
3 0.701562 0.194656 0.0995922 0.099527 0.270366
0 0.135268 0.199719 0.0291751 0.144766 0.267987
58 0.810951 0.311209 0.0523552 0.140589 0.261179
