0 0.729866 0.928639 0.0507895 0.136228 0.873107
0 0.916043 0.518992 0.0377964 0.190992 0.82435
0 0.524011 0.515853 0.0397004 0.202741 0.818681
0 0.480047 0.527979 0.0345139 0.195844 0.816379
2 0.691236 0.409061 0.139052 0.235003 0.814837
0 0.172697 0.720119 0.0426581 0.227565 0.803575
0 0.192603 0.394842 0.0392034 0.160648 0.707923
0 0.586474 0.0750241 0.0307177 0.144548 0.704442
0 0.936311 0.736301 0.0419376 0.215213 0.703061
0 0.494123 0.932879 0.0411912 0.134242 0.70062
0 0.847606 0.659128 0.0520832 0.211016 0.694065
0 0.238163 0.390768 0.0325868 0.179845 0.659494
0 0.751782 0.0754013 0.0288738 0.140669 0.503999
0 0.433575 0.208267 0.0351378 0.16111 0.49501
0 0.695179 0.0849145 0.0435091 0.166691 0.458525
0 0.183633 0.238473 0.0390864 0.178197 0.45279
0 0.222996 0.241788 0.0259363 0.156988 0.396351
0 0.838013 0.087146 0.0272497 0.111058 0.384509
0 0.261737 0.237457 0.0354133 0.182761 0.380464
0 0.898601 0.13706 0.0245111 0.129258 0.366053
0 0.135492 0.193865 0.0309222 0.155501 0.296172
58 0.809013 0.281935 0.0533742 0.0832212 0.295746
1 0.703127 0.196184 0.0969023 0.1025 0.29213
3 0.807972 0.608456 0.06877 0.11791 0.27503
1 0.882378 0.618398 0.0393499 0.120785 0.253745
