0 0.915991 0.518477 0.0383953 0.193812 0.840889
0 0.17135 0.565553 0.0386056 0.214042 0.825492
2 0.691512 0.408833 0.138976 0.237048 0.821828
0 0.562732 0.713829 0.0359301 0.228294 0.761239
0 0.47834 0.943524 0.0460512 0.112951 0.754787
0 0.846577 0.657029 0.0510017 0.213763 0.733904
0 0.598074 0.689576 0.0417051 0.226362 0.722337
0 0.315547 0.647867 0.0358831 0.231796 0.711592
0 0.247064 0.284295 0.0330146 0.174302 0.680207
0 0.220172 0.285672 0.0286612 0.156779 0.489018
58 0.34599 0.306362 0.0483398 0.107877 0.426955
0 0.183199 0.25442 0.0283018 0.156914 0.417907
0 0.299584 0.193683 0.0313132 0.145656 0.412649
0 0.76375 0.136861 0.0288754 0.142439 0.409877
0 0.604248 0.689071 0.0336723 0.205714 0.408987
0 0.15871 0.255885 0.0263961 0.158278 0.382835
3 0.701147 0.191813 0.100549 0.108177 0.340192
0 0.694387 0.0885835 0.0434811 0.171485 0.308978
0 0.260401 0.13655 0.0326701 0.151891 0.279197
0 0.789057 0.0731866 0.0284227 0.121422 0.276893
1 0.696607 0.191979 0.0897087 0.113673 0.273905
3 0.805404 0.605729 0.0599894 0.134314 0.257858
