0 0.237388 0.399075 0.0420787 0.209963 0.902076
2 0.6914 0.409467 0.138716 0.235628 0.8795
0 0.229202 0.901601 0.0532545 0.196798 0.873776
0 0.916157 0.5197 0.0382727 0.19398 0.840405
0 0.633883 0.94439 0.0438955 0.11122 0.824207
0 0.0720598 0.621631 0.0399009 0.226296 0.788839
0 0.278937 0.28354 0.0414831 0.181753 0.765451
0 0.0290389 0.770371 0.0396617 0.211356 0.761906
0 0.733235 0.644296 0.0539298 0.229387 0.720721
0 0.75758 0.271442 0.0316771 0.168533 0.692066
0 0.527871 0.257866 0.0338526 0.175779 0.670697
0 0.428586 0.216953 0.0268373 0.155796 0.648522
3 0.83706 0.60789 0.129562 0.156679 0.529684
0 0.784189 0.261002 0.027966 0.146892 0.498637
0 0.450832 0.252457 0.0242729 0.16954 0.484368
0 0.405997 0.252607 0.0223913 0.153138 0.44243
0 0.239549 0.0886962 0.0272145 0.146584 0.442226
0 0.698155 0.240772 0.0317938 0.109127 0.440387
0 0.166185 0.191823 0.0291358 0.155081 0.432086
0 0.78792 0.0998184 0.0286638 0.0682253 0.40808
0 0.123066 0.191519 0.0276862 0.140359 0.365317
0 0.472955 0.25655 0.0273885 0.158419 0.36113
0 0.199067 0.171397 0.0326495 0.17302 0.324549
0 0.340943 0.774153 0.0249398 0.14464 0.314623
58 0.810453 0.310657 0.051199 0.136529 0.309263
0 0.262089 0.17782 0.0277549 0.125611 0.300031
0 0.463044 0.253348 0.0431488 0.17162 0.292183
