0 0.184716 0.635631 0.0466114 0.227614 0.834577
0 0.915778 0.521705 0.0370831 0.193972 0.788665
0 0.464317 0.58309 0.0381819 0.203003 0.785077
0 0.240809 0.656501 0.0355981 0.218538 0.783215
0 0.533459 0.921091 0.0437518 0.1551 0.782635
0 0.25437 0.3412 0.0370002 0.188248 0.768048
2 0.691305 0.412185 0.138663 0.238378 0.767452
0 0.936475 0.178709 0.0320312 0.154401 0.721696
0 0.620928 0.527743 0.0366179 0.18198 0.721142
0 0.503287 0.588549 0.037805 0.190466 0.687878
0 0.539131 0.112859 0.030008 0.14947 0.684814
0 0.510753 0.102276 0.0288555 0.153568 0.640098
0 0.868972 0.116315 0.0281025 0.148329 0.610865
0 0.428323 0.217629 0.0322372 0.159021 0.53981
0 0.234363 0.163501 0.0242552 0.154419 0.456276
0 0.261522 0.151236 0.0399392 0.16886 0.42616
3 0.839552 0.601994 0.126051 0.161067 0.408434
0 0.159585 0.191574 0.0315167 0.148997 0.382031
0 0.384519 0.0609902 0.0248297 0.120856 0.35671
0 0.695369 0.085824 0.0411928 0.165647 0.32974
0 0.857169 0.693233 0.0295652 0.236654 0.329147
3 0.701887 0.194908 0.0988899 0.0988971 0.277203
0 0.130058 0.201481 0.0264787 0.14072 0.269535
1 0.703712 0.198406 0.0960495 0.0956606 0.267574
58 0.809726 0.28431 0.0525078 0.0854937 0.265446
3 0.813793 0.617652 0.0781258 0.124664 0.261547
