0 0.590983 0.752199 0.0402485 0.218905 0.834905
2 0.691312 0.407971 0.139167 0.237585 0.827963
0 0.914865 0.518474 0.0398327 0.194058 0.827353
0 0.628149 0.742429 0.0456926 0.243049 0.813794
0 0.177333 0.526716 0.0406991 0.208053 0.780637
0 0.471433 0.940791 0.0449999 0.118419 0.779313
0 0.280502 0.636256 0.0349771 0.222633 0.734116
0 0.847615 0.658841 0.0503651 0.215916 0.701247
0 0.254346 0.256432 0.0343316 0.17992 0.58821
0 0.224387 0.269551 0.0250704 0.140761 0.517382
3 0.70083 0.192111 0.100262 0.104808 0.491253
0 0.794529 0.0648011 0.0322241 0.119069 0.48353
0 0.186901 0.260073 0.0280924 0.156315 0.445338
0 0.424512 0.203739 0.0299229 0.155621 0.438734
36 0.279539 0.734978 0.0306078 0.0342799 0.402475
0 0.250031 0.109712 0.0294518 0.131293 0.383088
58 0.344817 0.306697 0.0465369 0.10862 0.355413
0 0.152785 0.258699 0.0279334 0.172839 0.343496
0 0.843798 0.123653 0.0258381 0.0876272 0.292647
0 0.33693 0.783335 0.0315904 0.138277 0.292209
3 0.809348 0.608801 0.0695703 0.132147 0.281014
0 0.301635 0.192316 0.0330573 0.153759 0.250068
