0 0.18547 0.920411 0.0477985 0.159162 0.833816
2 0.691515 0.409716 0.139138 0.23657 0.833632
0 0.881509 0.302946 0.0378872 0.17284 0.809292
0 0.207552 0.332375 0.0329836 0.176598 0.804256
0 0.151346 0.951533 0.0466342 0.096934 0.789946
0 0.916 0.519222 0.0378128 0.194912 0.786461
0 0.577884 0.895453 0.0412672 0.203515 0.710544
0 0.787805 0.0668375 0.0309494 0.129941 0.694148
0 0.629562 0.903322 0.0459702 0.192758 0.678884
0 0.536771 0.933975 0.0332973 0.13205 0.650485
0 0.987084 0.331292 0.0250179 0.16348 0.580498
0 0.201462 0.172409 0.0306308 0.166466 0.577413
0 0.16307 0.187945 0.0296694 0.164659 0.563092
0 0.844068 0.659203 0.0592079 0.212345 0.509902
3 0.701274 0.195527 0.100392 0.100403 0.471358
0 0.23604 0.140215 0.0258379 0.148273 0.468683
0 0.8658 0.0540597 0.0287327 0.102293 0.440679
0 0.102561 0.33047 0.0287237 0.180078 0.423132
58 0.34569 0.307336 0.0489603 0.110753 0.381725
0 0.260132 0.17058 0.0270313 0.139421 0.372694
0 0.262978 0.142847 0.0289986 0.18831 0.370251
3 0.841186 0.599022 0.12539 0.153011 0.358686
0 0.43575 0.217963 0.0284554 0.152028 0.345587
0 0.436881 0.168064 0.0313755 0.231317 0.327645
0 0.695655 0.0843841 0.0413355 0.165674 0.31705
0 0.308082 0.182578 0.0313112 0.154419 0.312889
58 0.809519 0.308721 0.0526421 0.139251 0.296896
0 0.856169 0.656819 0.0367531 0.203092 0.268616
0 0.376102 0.256703 0.038369 0.127786 0.262342
0 0.133927 0.33728 0.0361318 0.164671 0.261775
