2 0.691302 0.411225 0.139161 0.238872 0.82495
0 0.917637 0.5184 0.0439785 0.196341 0.814874
0 0.681143 0.898341 0.047204 0.202585 0.801504
0 0.212179 0.60474 0.0584312 0.228276 0.788339
0 0.728664 0.882336 0.0503178 0.230132 0.776779
0 0.859299 0.223011 0.0354921 0.16611 0.773107
0 0.451868 0.925536 0.0398312 0.146461 0.769062
0 0.178224 0.433656 0.0342646 0.194055 0.717963
0 0.787677 0.0664918 0.0309039 0.12979 0.649825
0 0.266096 0.199865 0.0304948 0.166631 0.565042
0 0.571766 0.0445162 0.0264786 0.0847822 0.525266
0 0.141604 0.284702 0.0301253 0.167102 0.495298
0 0.847312 0.659282 0.051358 0.212497 0.486477
0 0.233459 0.203916 0.0235162 0.14581 0.479201
0 0.433267 0.21148 0.0274139 0.157317 0.478062
3 0.701376 0.191465 0.100924 0.109653 0.30984
58 0.346963 0.30701 0.051579 0.106941 0.308428
0 0.694791 0.0855477 0.0409117 0.166478 0.303642
0 0.167274 0.27942 0.0302407 0.155115 0.299229
0 0.854337 0.658736 0.0367222 0.205824 0.276761
1 0.702736 0.194883 0.0980933 0.101434 0.264672
