2 0.691381 0.409823 0.139231 0.236295 0.823886
0 0.150693 0.926185 0.0427894 0.147631 0.815727
0 0.882344 0.333435 0.0323351 0.180969 0.748898
0 0.177368 0.896887 0.054303 0.206225 0.743398
0 0.563632 0.875963 0.0418814 0.235901 0.712941
0 0.213711 0.305745 0.033954 0.170843 0.703659
0 0.913914 0.52217 0.0407446 0.197022 0.68778
0 0.39639 0.658327 0.043615 0.226009 0.678262
0 0.539191 0.929973 0.0439761 0.140054 0.64691
0 0.786999 0.0673498 0.030125 0.130723 0.631257
0 0.971601 0.31716 0.0402746 0.163754 0.630331
0 0.435658 0.17844 0.037949 0.237446 0.623111
0 0.605615 0.880333 0.0430723 0.225559 0.557108
0 0.873658 0.0616865 0.0263973 0.123373 0.523385
3 0.701103 0.195061 0.100978 0.103633 0.518043
0 0.847031 0.657719 0.053487 0.215388 0.477025
0 0.16301 0.180377 0.0307199 0.181792 0.471442
0 0.260461 0.154109 0.0271526 0.163416 0.460485
0 0.202476 0.164279 0.0300083 0.148658 0.408519
0 0.695078 0.0856981 0.0424597 0.167907 0.362734
0 0.091033 0.337538 0.0339273 0.187203 0.352136
58 0.811033 0.312006 0.0532601 0.145002 0.343013
0 0.376338 0.257597 0.0394902 0.122031 0.323576
3 0.839926 0.600187 0.129943 0.156481 0.311429
58 0.345358 0.305537 0.048084 0.108119 0.274785
0 0.855008 0.657842 0.039167 0.209445 0.273622
0 0.244639 0.185968 0.0228838 0.150128 0.264874
