2 0.69141 0.410362 0.139159 0.235158 0.878934
0 0.916008 0.520907 0.0380915 0.195262 0.843188
0 0.231716 0.736167 0.0488865 0.243181 0.787304
0 0.237894 0.317753 0.0382173 0.197494 0.78136
0 0.0708591 0.623476 0.0375975 0.229756 0.752798
0 0.542654 0.920924 0.0321428 0.153239 0.742959
0 0.734291 0.648687 0.052685 0.222305 0.707059
0 0.136176 0.640175 0.036433 0.199948 0.699546
0 0.465352 0.259022 0.0343624 0.170884 0.698716
0 0.515028 0.19348 0.0352291 0.16166 0.583663
0 0.198083 0.17544 0.0327374 0.161182 0.536224
3 0.837146 0.611524 0.127262 0.151771 0.52824
0 0.407095 0.33433 0.0298947 0.178475 0.524576
0 0.285256 0.329474 0.041406 0.252288 0.517923
0 0.431391 0.342887 0.0290271 0.168028 0.506341
0 0.017342 0.669864 0.0345824 0.216933 0.491389
0 0.164243 0.193771 0.027229 0.155496 0.431854
0 0.594681 0.188173 0.0302603 0.0934937 0.418882
0 0.658072 0.22307 0.0402115 0.155492 0.394232
0 0.427774 0.20939 0.0307907 0.141046 0.393088
0 0.34061 0.772192 0.0255717 0.147256 0.391355
3 0.718464 0.194493 0.0667103 0.0896558 0.340649
0 0.329754 0.349663 0.026093 0.133205 0.278142
0 0.287518 0.35553 0.0386556 0.184045 0.262938
0 0.788035 0.101224 0.0281178 0.0701403 0.260479
