2 0.691305 0.410051 0.139123 0.236607 0.835244
0 0.917205 0.518298 0.0435598 0.196162 0.812643
0 0.213447 0.606368 0.051513 0.229483 0.803737
0 0.450461 0.925616 0.0414072 0.145103 0.762731
0 0.856749 0.214912 0.0360428 0.166299 0.755848
0 0.723945 0.878862 0.0499476 0.235046 0.753785
0 0.677589 0.894598 0.0450766 0.210804 0.731469
0 0.178231 0.441126 0.0348338 0.196241 0.711814
0 0.787784 0.0669565 0.0312624 0.129319 0.644065
0 0.266944 0.19847 0.0309562 0.170899 0.599885
0 0.567104 0.0450069 0.0211615 0.0849247 0.554574
0 0.142717 0.2819 0.029952 0.172981 0.536121
3 0.701041 0.191557 0.101249 0.111563 0.493846
0 0.845008 0.659531 0.0548622 0.211672 0.455144
0 0.432549 0.210298 0.0272403 0.156905 0.406273
0 0.233789 0.205407 0.0251466 0.15012 0.354293
3 0.839837 0.600464 0.128022 0.15664 0.329341
58 0.346533 0.306149 0.0509373 0.107512 0.323946
0 0.168699 0.278978 0.0299059 0.155344 0.305216
