2 0.691437 0.411031 0.13892 0.235435 0.845329
0 0.128774 0.836544 0.0467667 0.252647 0.815709
0 0.167523 0.857732 0.0425732 0.230504 0.807633
0 0.449643 0.678687 0.0352568 0.227364 0.747724
0 0.512072 0.768053 0.043519 0.244106 0.722075
0 0.257436 0.215576 0.0360655 0.161567 0.719442
0 0.912626 0.51902 0.0353985 0.190696 0.717875
0 0.558717 0.762118 0.0369196 0.196985 0.661331
0 0.562542 0.930283 0.0410114 0.138729 0.656934
0 0.856791 0.367123 0.0285713 0.177357 0.649053
0 0.925363 0.262006 0.0286003 0.15069 0.603322
0 0.223676 0.255407 0.0298098 0.173559 0.597166
0 0.424127 0.21496 0.0309061 0.16057 0.567599
0 0.827409 0.667274 0.0505146 0.200985 0.565316
0 0.792129 0.0605578 0.0290028 0.121116 0.562855
0 0.889749 0.0949645 0.0344406 0.15041 0.540454
3 0.700571 0.192286 0.102348 0.107352 0.535781
0 0.979505 0.271963 0.0406544 0.176128 0.522665
0 0.855094 0.0894696 0.0305838 0.152791 0.496734
0 0.162321 0.186242 0.0276484 0.170346 0.464128
0 0.133477 0.183852 0.030472 0.172462 0.454672
0 0.203691 0.184002 0.0356812 0.172287 0.415602
0 0.695397 0.0883211 0.0436646 0.172118 0.387025
0 0.250665 0.0784801 0.0304203 0.146181 0.380882
0 0.532532 0.0577977 0.0275682 0.107117 0.376556
0 0.194257 0.204228 0.0371795 0.22252 0.310673
0 0.500175 0.0557516 0.0278061 0.106815 0.301952
0 0.912648 0.383381 0.0482605 0.13349 0.300774
0 0.186852 0.235911 0.0242861 0.149668 0.295699
0 0.0989281 0.388972 0.0334188 0.171447 0.294204
0 0.475986 0.0581481 0.0299354 0.108847 0.287179
0 0.37498 0.257306 0.0367333 0.126228 0.278002
0 0.91042 0.651463 0.0344364 0.142097 0.269922
0 0.279816 0.168611 0.0200993 0.160453 0.255506
1 0.70189 0.195723 0.102593 0.110891 0.255411
