0 0.915807 0.518744 0.0376978 0.193657 0.84242
2 0.691342 0.408462 0.139184 0.236167 0.841339
0 0.171095 0.568009 0.0424554 0.205868 0.809857
0 0.554232 0.686028 0.0375271 0.209194 0.800681
0 0.590373 0.676101 0.0412959 0.23389 0.797863
0 0.246279 0.294991 0.0303349 0.165503 0.714957
0 0.47736 0.941075 0.0379511 0.11785 0.709791
0 0.848054 0.659365 0.0480164 0.214724 0.68471
0 0.328853 0.653355 0.0388455 0.225005 0.633308
0 0.220328 0.29423 0.0265006 0.153168 0.57002
0 0.760913 0.133555 0.0316887 0.142584 0.509136
0 0.261373 0.155458 0.0347317 0.17858 0.434121
0 0.160151 0.252873 0.025222 0.161505 0.412421
0 0.299736 0.193528 0.0287787 0.149633 0.294184
3 0.708053 0.191967 0.0903336 0.0934368 0.285951
1 0.705209 0.195379 0.0916108 0.0983532 0.270158
1 0.724953 0.194768 0.0558787 0.0871288 0.268634
26 0.597402 0.661895 0.0287734 0.0805709 0.260799
0 0.562998 0.0211775 0.0139397 0.0393706 0.257193
0 0.133982 0.185735 0.0314791 0.175983 0.255324
