2 0.691515 0.408365 0.138688 0.237352 0.898253
0 0.916504 0.520061 0.0381329 0.195125 0.829753
0 0.548196 0.231597 0.032239 0.167319 0.801893
0 0.0724579 0.623324 0.0428362 0.22617 0.781813
0 0.503806 0.263869 0.0441568 0.165159 0.768496
0 0.224447 0.449047 0.0470949 0.217463 0.767435
0 0.0172918 0.863873 0.0345836 0.231334 0.739526
0 0.279003 0.241759 0.0353715 0.172003 0.718464
0 0.978566 0.319312 0.0393042 0.176841 0.699378
0 0.636032 0.955122 0.0346779 0.0897559 0.669746
0 0.738157 0.64201 0.0639819 0.230502 0.621032
0 0.427389 0.218191 0.0312504 0.16074 0.601186
0 0.224547 0.9594 0.0504752 0.0811994 0.553506
0 0.727532 0.634844 0.0429044 0.213878 0.503359
3 0.836512 0.607705 0.129021 0.156157 0.497673
0 0.466806 0.221402 0.0297379 0.166594 0.460634
0 0.111257 0.4323 0.0335079 0.162634 0.454127
0 0.734585 0.286103 0.0384016 0.163989 0.425571
0 0.838241 0.280586 0.0262096 0.127015 0.335785
0 0.271003 0.23473 0.027411 0.163706 0.325033
0 0.787949 0.0995638 0.0279533 0.0680265 0.315208
