2 0.691128 0.40977 0.13851 0.234777 0.890292
0 0.239763 0.349504 0.0409897 0.199317 0.859347
0 0.916144 0.520159 0.0383297 0.194199 0.838126
0 0.226239 0.813772 0.0529302 0.252065 0.828836
0 0.566425 0.208745 0.048543 0.162549 0.784309
0 0.577494 0.927735 0.0395124 0.144074 0.765305
0 0.0710402 0.618662 0.0386447 0.221716 0.734269
0 0.291874 0.329911 0.0287172 0.188342 0.727664
0 0.734135 0.647362 0.0542816 0.224932 0.721302
0 0.441142 0.308761 0.0315055 0.154779 0.686956
0 0.315444 0.314568 0.0279833 0.162498 0.664293
0 0.478744 0.275111 0.0285206 0.164529 0.643458
0 0.198365 0.174286 0.0329205 0.165395 0.590266
0 0.416811 0.303339 0.0283373 0.157945 0.560283
0 0.0875343 0.684469 0.0369102 0.197725 0.554051
0 0.635421 0.225199 0.0291468 0.152519 0.538411
3 0.836608 0.609267 0.127484 0.155911 0.537879
0 0.163001 0.191704 0.0279406 0.152856 0.50615
0 0.340346 0.770422 0.026359 0.143705 0.457111
0 0.78836 0.0981069 0.0273804 0.0703259 0.361002
0 0.707499 0.239134 0.0458633 0.141281 0.354244
0 0.426788 0.19316 0.0293556 0.110189 0.311466
0 0.373706 0.288862 0.0355387 0.183817 0.300835
0 0.382478 0.0721805 0.0267669 0.139949 0.280949
58 0.809257 0.287134 0.0536753 0.0912808 0.271407
