0 0.633047 0.702252 0.0448381 0.240593 0.842807
2 0.691388 0.409491 0.139202 0.233372 0.828335
0 0.200289 0.90604 0.0479503 0.187919 0.818026
0 0.91512 0.518212 0.0384453 0.191902 0.804426
0 0.499367 0.353495 0.0333309 0.185037 0.778593
0 0.849045 0.656058 0.051968 0.214157 0.756141
0 0.929667 0.739402 0.0467079 0.23559 0.75334
0 0.889833 0.226402 0.0321117 0.145984 0.732095
0 0.489531 0.938381 0.0331762 0.123237 0.721876
0 0.959965 0.274405 0.0339512 0.175735 0.718817
0 0.454856 0.363552 0.0305802 0.189691 0.683484
0 0.277182 0.342159 0.0322595 0.172245 0.665098
0 0.180294 0.53134 0.0313807 0.179428 0.619055
0 0.644961 0.211233 0.0331661 0.163599 0.613446
0 0.220053 0.52342 0.040473 0.207617 0.604059
0 0.331656 0.622516 0.0428244 0.220766 0.512208
0 0.174853 0.348445 0.0328929 0.166599 0.491708
0 0.783619 0.235993 0.0319859 0.137347 0.484327
0 0.433832 0.20695 0.0327709 0.161165 0.33562
0 0.958449 0.736207 0.050219 0.296321 0.272848
0 0.134979 0.196699 0.0290318 0.154847 0.25688
0 0.163406 0.19368 0.0268378 0.151872 0.254421
