0 0.915549 0.519849 0.0407223 0.193906 0.861143
0 0.611725 0.638208 0.0409491 0.228248 0.856378
2 0.691423 0.410856 0.138812 0.235038 0.822442
0 0.504385 0.313895 0.0337469 0.183005 0.8148
0 0.84947 0.657386 0.048661 0.217156 0.795207
0 0.458548 0.325569 0.0308921 0.180092 0.764643
0 0.905675 0.263924 0.0323841 0.151316 0.7322
0 0.223674 0.942497 0.0456537 0.115007 0.724953
0 0.481635 0.935125 0.0309942 0.129751 0.711883
0 0.980936 0.308906 0.0319757 0.176363 0.693954
0 0.213243 0.56977 0.0390979 0.206182 0.685994
0 0.170596 0.582804 0.0395855 0.187667 0.649477
0 0.272519 0.377775 0.0344556 0.175642 0.645159
0 0.319511 0.612714 0.0348109 0.227438 0.56019
0 0.169771 0.382369 0.033742 0.171223 0.554766
0 0.896846 0.714758 0.0411522 0.254535 0.541442
0 0.676284 0.231467 0.0280784 0.130573 0.49094
0 0.208181 0.378009 0.0391206 0.16818 0.451986
0 0.135489 0.204567 0.0283534 0.146416 0.338115
0 0.161943 0.19328 0.0267998 0.150303 0.315889
0 0.784122 0.265025 0.0341274 0.140313 0.274341
