0 0.17306 0.66059 0.0475583 0.225696 0.808359
2 0.690752 0.415571 0.138393 0.245356 0.801761
0 0.537067 0.103701 0.0290376 0.146713 0.785672
0 0.915935 0.517945 0.0365999 0.196972 0.783231
0 0.22801 0.685685 0.0398033 0.217421 0.757009
0 0.469572 0.613238 0.0372892 0.218775 0.75396
0 0.254952 0.320249 0.0416863 0.184779 0.746163
0 0.5308 0.929066 0.0458564 0.141297 0.744888
0 0.881705 0.138508 0.0363487 0.156777 0.721057
0 0.506724 0.612427 0.0388823 0.189215 0.712521
0 0.508856 0.0930749 0.0284449 0.158084 0.652238
0 0.65724 0.549458 0.0411463 0.188177 0.605303
0 0.935639 0.173236 0.0301601 0.18587 0.589062
0 0.427954 0.216595 0.0325958 0.158983 0.585876
0 0.847003 0.683233 0.0501942 0.215401 0.569733
0 0.391947 0.629245 0.0421565 0.225228 0.55279
0 0.259293 0.149769 0.0391218 0.178166 0.533094
0 0.160613 0.193602 0.0320615 0.147433 0.492713
3 0.8392 0.600405 0.128166 0.16285 0.469846
3 0.701497 0.194004 0.0993909 0.101099 0.440231
0 0.23324 0.169008 0.024615 0.152397 0.401826
0 0.976972 0.149767 0.0261444 0.152018 0.387938
0 0.446424 0.0615307 0.0245159 0.123061 0.367745
0 0.69515 0.0860361 0.0409304 0.167544 0.352504
0 0.941449 0.16762 0.0384163 0.197641 0.340378
0 0.200743 0.182533 0.0283497 0.15712 0.333469
58 0.809703 0.291429 0.0530043 0.100912 0.331499
1 0.70312 0.196997 0.0969503 0.0987784 0.286103
0 0.0664513 0.426701 0.0300831 0.134636 0.276955
3 0.822739 0.612395 0.0989151 0.147354 0.255599
