0 0.915391 0.519245 0.0427008 0.195347 0.83261
2 0.691226 0.408432 0.139226 0.237156 0.831214
0 0.594556 0.768148 0.0381872 0.229448 0.813294
0 0.632938 0.742104 0.0432397 0.234497 0.808225
0 0.467329 0.940625 0.0444736 0.11875 0.803892
0 0.176287 0.515729 0.0406723 0.198018 0.796011
0 0.270793 0.638103 0.0474283 0.230056 0.71364
0 0.84652 0.658338 0.052182 0.212982 0.697437
0 0.255008 0.252528 0.0345917 0.189489 0.512132
0 0.272296 0.635163 0.0335049 0.222843 0.508581
0 0.793049 0.0657862 0.0306591 0.110891 0.503266
0 0.225316 0.26849 0.0251064 0.1343 0.499096
0 0.422587 0.203667 0.0307028 0.155522 0.47243
3 0.700476 0.190813 0.101138 0.108985 0.440483
0 0.466723 0.0352866 0.0243525 0.0662336 0.39501
0 0.846148 0.161837 0.0274471 0.157215 0.356842
0 0.187595 0.26125 0.0287756 0.154848 0.342374
0 0.845812 0.127518 0.0280453 0.0906001 0.336554
58 0.345234 0.306601 0.0475609 0.108709 0.327394
3 0.805303 0.607748 0.0627008 0.121373 0.317733
0 0.202579 0.186019 0.0292422 0.159567 0.313104
0 0.302791 0.191361 0.0316137 0.154976 0.296145
0 0.151587 0.262393 0.0277823 0.166717 0.292952
0 0.24674 0.110674 0.0307878 0.127802 0.283733
0 0.163803 0.193623 0.0280727 0.150394 0.265366
