2 0.691522 0.40848 0.138863 0.237877 0.903843
0 0.916909 0.519892 0.0378944 0.194457 0.828057
0 0.220528 0.461522 0.0436649 0.21952 0.804974
0 0.0154645 0.87595 0.030929 0.229075 0.780042
0 0.072713 0.623147 0.0424691 0.226063 0.75078
0 0.846988 0.305673 0.0326382 0.164326 0.704113
0 0.622987 0.952211 0.0352964 0.0955774 0.703087
0 0.428074 0.217471 0.0325857 0.165126 0.680407
0 0.286965 0.237178 0.0287741 0.175339 0.643468
0 0.535527 0.270665 0.0512087 0.159782 0.625811
0 0.735662 0.64285 0.0597664 0.23043 0.621724
0 0.967998 0.310715 0.03326 0.17131 0.608816
0 0.470661 0.211998 0.0280053 0.168581 0.562493
3 0.836839 0.608144 0.1294 0.157564 0.532936
0 0.491664 0.217161 0.0267829 0.155199 0.526902
0 0.727255 0.635875 0.043078 0.213165 0.500469
0 0.549872 0.215086 0.0318943 0.151829 0.485474
0 0.122522 0.434763 0.0383864 0.182178 0.469038
0 0.198922 0.176486 0.0306397 0.160397 0.40878
0 0.787899 0.0992553 0.0275307 0.0669957 0.355616
58 0.345916 0.309994 0.0489281 0.115875 0.315878
0 0.161704 0.192335 0.0274847 0.147513 0.26535
