2 0.691586 0.409994 0.139147 0.236337 0.826169
0 0.180498 0.903548 0.0546818 0.185418 0.820576
0 0.609757 0.887889 0.0500313 0.213949 0.803359
0 0.56948 0.884564 0.0431868 0.229503 0.797163
0 0.150181 0.935181 0.043575 0.126492 0.789822
0 0.878553 0.317666 0.0413687 0.177962 0.770687
0 0.213467 0.318582 0.0328698 0.177211 0.721433
0 0.978311 0.317944 0.0326443 0.162714 0.707275
0 0.914339 0.521863 0.0373808 0.194693 0.682236
0 0.543525 0.928745 0.0388021 0.140803 0.679881
0 0.786949 0.067165 0.0299585 0.130318 0.63668
0 0.38669 0.651227 0.0419765 0.234603 0.619871
0 0.438591 0.174737 0.0342997 0.237168 0.576121
3 0.700883 0.195314 0.102011 0.103723 0.525427
0 0.844245 0.659136 0.0588696 0.214464 0.508204
0 0.202134 0.169787 0.0313044 0.158897 0.491814
0 0.16336 0.186583 0.0291615 0.170637 0.431674
0 0.870791 0.0593509 0.0259918 0.11833 0.401709
0 0.0953049 0.33676 0.032848 0.181415 0.400317
0 0.26067 0.153337 0.0271972 0.174162 0.358419
0 0.695403 0.085556 0.0423167 0.167622 0.343843
0 0.232363 0.129625 0.0240088 0.151341 0.312982
0 0.251994 0.156231 0.0236835 0.182441 0.303037
58 0.809923 0.311782 0.0532135 0.143034 0.286371
0 0.376196 0.261011 0.0385837 0.125283 0.283036
3 0.841993 0.601023 0.125436 0.143782 0.251071
