0 0.627329 0.698413 0.0474525 0.239954 0.857423
2 0.691321 0.409 0.139164 0.231806 0.843407
0 0.915386 0.517957 0.0394756 0.192505 0.816551
0 0.203931 0.911131 0.0497681 0.177737 0.798956
0 0.500744 0.351132 0.0312929 0.186141 0.765895
0 0.893074 0.227726 0.028944 0.147127 0.742429
0 0.963393 0.270874 0.0314766 0.170729 0.734247
0 0.48877 0.939026 0.0334906 0.121949 0.721605
0 0.849058 0.656237 0.0524237 0.214531 0.711502
0 0.455585 0.357755 0.0322827 0.18416 0.708261
0 0.276085 0.34962 0.0343491 0.172235 0.62247
0 0.330968 0.620931 0.0449045 0.219235 0.592571
0 0.930391 0.735878 0.0443024 0.22967 0.584126
0 0.179933 0.534256 0.0354587 0.178303 0.543263
0 0.219844 0.537647 0.0424938 0.20968 0.531732
0 0.174264 0.357665 0.0332394 0.175407 0.488021
0 0.650644 0.21344 0.0305243 0.15207 0.436128
0 0.782463 0.241787 0.0320815 0.144489 0.357859
0 0.226362 0.354456 0.0479389 0.183107 0.332958
0 0.2136 0.532463 0.0357873 0.199517 0.310342
3 0.711218 0.193434 0.0820843 0.0953074 0.301333
0 0.222798 0.33296 0.0393485 0.143547 0.291504
0 0.134643 0.201266 0.0289099 0.143892 0.277269
