2 0.691426 0.409871 0.138974 0.236391 0.832825
0 0.151467 0.921608 0.0444516 0.156784 0.788573
0 0.212508 0.306804 0.0331536 0.176543 0.756242
0 0.401612 0.655765 0.0402836 0.217663 0.721419
0 0.168706 0.893087 0.0516306 0.213825 0.686699
0 0.886014 0.335638 0.0319611 0.172487 0.68486
0 0.915349 0.522429 0.0402861 0.197666 0.675903
0 0.788195 0.0669796 0.0316474 0.130048 0.665948
0 0.968372 0.310849 0.0371136 0.157609 0.638833
0 0.539213 0.929723 0.0527834 0.13995 0.623532
0 0.598005 0.876237 0.0485588 0.229578 0.570487
0 0.26056 0.159266 0.0284654 0.156776 0.549959
0 0.433629 0.181753 0.0378594 0.231884 0.549195
3 0.700654 0.194369 0.102321 0.105833 0.525713
0 0.848022 0.657523 0.0505928 0.214489 0.504126
0 0.875055 0.0650442 0.0270172 0.129022 0.500936
0 0.1622 0.17982 0.0310496 0.186122 0.483051
0 0.556713 0.869534 0.0456734 0.243512 0.427526
3 0.839963 0.598658 0.128385 0.155443 0.409462
0 0.203084 0.164821 0.0303864 0.145825 0.400713
0 0.375972 0.261303 0.0389429 0.126536 0.385046
0 0.121886 0.347759 0.0328096 0.18173 0.37544
0 0.695147 0.0864446 0.0424038 0.169109 0.369203
58 0.810391 0.310534 0.0553383 0.145476 0.331583
58 0.345506 0.306235 0.0478901 0.11024 0.316082
1 0.701998 0.197095 0.0991585 0.0999903 0.294149
0 0.4673 0.0483575 0.0232767 0.0848325 0.284566
0 0.238963 0.16998 0.0280778 0.189842 0.275117
0 0.602885 0.867242 0.0363043 0.220598 0.273297
0 0.556068 0.82271 0.0421392 0.157749 0.266437
