0 0.698952 0.89377 0.0495733 0.21246 0.829886
2 0.691211 0.409825 0.138381 0.234414 0.8278
0 0.915564 0.518714 0.0372667 0.192039 0.793885
0 0.46777 0.482679 0.0340623 0.185253 0.792705
0 0.182009 0.767907 0.0452095 0.239522 0.777912
0 0.516514 0.472956 0.0347623 0.194909 0.754126
0 0.492297 0.940873 0.0398144 0.118253 0.752638
0 0.849198 0.132556 0.0266886 0.145313 0.731805
0 0.909668 0.161331 0.0285297 0.152568 0.728858
0 0.595715 0.106965 0.0295649 0.148961 0.70778
0 0.229922 0.417082 0.0387128 0.192191 0.703337
0 0.847921 0.658151 0.0497494 0.209823 0.681353
0 0.935593 0.739501 0.039814 0.225792 0.677082
0 0.190826 0.429438 0.0335929 0.171074 0.664779
0 0.258759 0.261302 0.0374456 0.184805 0.531025
0 0.433784 0.207951 0.0360353 0.15916 0.519456
3 0.701729 0.194093 0.0990164 0.105169 0.436014
0 0.182601 0.240487 0.0411444 0.177075 0.402194
0 0.695695 0.08487 0.0415911 0.166238 0.380838
0 0.136538 0.195114 0.0286974 0.152555 0.335609
0 0.75422 0.0622662 0.0283157 0.119126 0.321388
0 0.783636 0.171713 0.0279812 0.139617 0.320543
3 0.803215 0.606918 0.058646 0.126176 0.286077
3 0.800691 0.621378 0.0489275 0.0952751 0.278668
58 0.809769 0.284036 0.0525053 0.0862198 0.273989
58 0.346285 0.306878 0.0498999 0.110094 0.254184
