0 0.915669 0.518702 0.0378963 0.194108 0.834603
2 0.691455 0.409275 0.139133 0.237498 0.826267
0 0.172294 0.543437 0.0387106 0.208185 0.824462
0 0.573455 0.726237 0.0410006 0.220198 0.77112
0 0.612971 0.708365 0.0423571 0.231025 0.770213
0 0.476874 0.942222 0.0465822 0.115557 0.762009
0 0.29931 0.641579 0.0463561 0.223858 0.738076
0 0.84745 0.658382 0.050679 0.216282 0.699009
0 0.251506 0.269228 0.0324316 0.189109 0.648861
0 0.222489 0.273412 0.0260267 0.150467 0.541018
0 0.184462 0.255443 0.0310909 0.15469 0.45929
0 0.158567 0.253644 0.0266294 0.162698 0.341374
0 0.425371 0.2032 0.0289877 0.155673 0.33774
3 0.700968 0.189275 0.104192 0.10995 0.33378
58 0.345266 0.305211 0.0475101 0.104777 0.323813
1 0.697785 0.193038 0.0928095 0.11131 0.303194
0 0.693691 0.0899276 0.0439484 0.174395 0.296895
3 0.80581 0.605721 0.0619598 0.129016 0.28664
0 0.257588 0.125544 0.0346935 0.15125 0.265693
0 0.401634 0.098408 0.0236033 0.124629 0.252598
