2 0.691503 0.408377 0.138571 0.236793 0.904653
0 0.916502 0.520346 0.0379944 0.19447 0.827663
0 0.22359 0.452801 0.0490576 0.214315 0.82226
0 0.0726601 0.623129 0.0434852 0.226116 0.788632
0 0.0164169 0.871402 0.0328338 0.237266 0.77241
0 0.628096 0.953774 0.0347305 0.0924514 0.688932
0 0.427723 0.218276 0.0320436 0.160946 0.658719
0 0.283145 0.241045 0.0307711 0.173547 0.638427
0 0.546651 0.225577 0.0370252 0.166214 0.631554
0 0.973874 0.317845 0.0389463 0.17532 0.617241
0 0.737648 0.64196 0.0632474 0.229177 0.616281
0 0.84302 0.298891 0.0299442 0.161479 0.60516
0 0.522137 0.264881 0.0284642 0.163831 0.561806
0 0.727374 0.634567 0.0427048 0.212724 0.557375
0 0.491815 0.219985 0.0293419 0.150287 0.538192
0 0.468093 0.21478 0.0271445 0.163373 0.512148
3 0.836638 0.607925 0.129175 0.157646 0.451364
0 0.199724 0.177413 0.03181 0.157429 0.449169
0 0.116033 0.433696 0.0326184 0.163988 0.423888
0 0.16135 0.189588 0.0264998 0.150349 0.370264
0 0.787726 0.0993678 0.027693 0.0670833 0.308134
0 0.738686 0.29492 0.037373 0.168414 0.257804
