2 0.691303 0.408318 0.139064 0.237172 0.891972
0 0.91661 0.520428 0.0376572 0.194989 0.826579
0 0.224001 0.450978 0.048435 0.213117 0.796969
0 0.0726385 0.623249 0.0431025 0.225831 0.78553
0 0.0165997 0.871026 0.0331995 0.239967 0.769901
0 0.547454 0.228221 0.0331897 0.16241 0.695831
0 0.630157 0.954569 0.0349412 0.0908512 0.670557
0 0.28071 0.241145 0.0332154 0.172618 0.665
0 0.977433 0.318197 0.0400278 0.176143 0.659476
0 0.515501 0.265907 0.0309319 0.164032 0.655159
0 0.4281 0.217495 0.0320648 0.164391 0.640787
0 0.737808 0.642399 0.0642103 0.229866 0.617642
0 0.46717 0.216447 0.0278648 0.166166 0.603125
0 0.841875 0.294786 0.0281761 0.158567 0.585604
0 0.490832 0.221329 0.0273014 0.152249 0.519268
0 0.727014 0.634744 0.0430822 0.211476 0.516546
3 0.836741 0.608002 0.128833 0.156326 0.501099
0 0.11455 0.431207 0.0319243 0.163288 0.494026
0 0.223781 0.962933 0.0474047 0.074134 0.47412
0 0.738391 0.288731 0.0345648 0.165349 0.349841
0 0.787469 0.0997588 0.0286574 0.0675198 0.341783
0 0.1616 0.190187 0.0265346 0.150524 0.309924
0 0.199314 0.176811 0.0313353 0.159048 0.278251
0 0.273912 0.23779 0.0348897 0.175506 0.274001
