0 0.133369 0.806823 0.0484786 0.24202 0.840109
2 0.691449 0.412077 0.139134 0.238436 0.829358
0 0.173509 0.835897 0.0428059 0.237399 0.772689
0 0.446705 0.677947 0.0396771 0.228768 0.761464
0 0.504217 0.744921 0.0454615 0.231234 0.726357
0 0.88265 0.653141 0.0406704 0.200999 0.703379
0 0.555444 0.934112 0.0399427 0.131776 0.678548
0 0.920151 0.25505 0.0367859 0.157608 0.666925
0 0.918975 0.51856 0.0372004 0.195384 0.665692
0 0.860098 0.378519 0.0303852 0.163292 0.630893
0 0.259332 0.22832 0.0322946 0.166058 0.613206
0 0.827116 0.668516 0.0472502 0.211981 0.55864
0 0.534865 0.0614824 0.0269983 0.11845 0.55374
0 0.552383 0.750165 0.038585 0.212381 0.547313
0 0.930545 0.403533 0.0342552 0.183848 0.538118
0 0.203511 0.177319 0.0326993 0.169623 0.52659
0 0.22757 0.238692 0.0288393 0.166615 0.521192
0 0.893348 0.107116 0.0336903 0.160784 0.472883
0 0.860345 0.104726 0.0306408 0.16207 0.471704
3 0.700926 0.195969 0.101653 0.10125 0.471105
0 0.973042 0.255846 0.0417789 0.17651 0.470305
0 0.432637 0.210845 0.0278873 0.165703 0.397569
0 0.794145 0.0616936 0.027936 0.116955 0.39109
0 0.695978 0.0852045 0.0429083 0.164593 0.365947
0 0.500719 0.0599901 0.026441 0.118376 0.360405
0 0.162115 0.190312 0.0261879 0.156096 0.360351
0 0.131969 0.183288 0.0278251 0.170716 0.318211
0 0.249369 0.0878473 0.0328063 0.15805 0.285215
58 0.345252 0.306302 0.0477749 0.107516 0.260093
0 0.373693 0.261521 0.0333759 0.13555 0.253122
