2 0.691204 0.410541 0.138978 0.232717 0.879523
0 0.916018 0.520707 0.0379578 0.195799 0.849075
0 0.241815 0.286908 0.0387095 0.189183 0.789396
0 0.229671 0.667734 0.045491 0.219934 0.768564
0 0.131961 0.588681 0.0321075 0.187117 0.763711
0 0.285441 0.394097 0.0420059 0.198391 0.757861
0 0.0637351 0.712306 0.0489371 0.222797 0.752639
0 0.329228 0.376472 0.0302842 0.158563 0.72891
0 0.520032 0.922616 0.0329931 0.151231 0.715778
0 0.480998 0.229337 0.0366802 0.172108 0.689779
0 0.614045 0.212355 0.0297258 0.169979 0.681195
0 0.734113 0.642661 0.0538961 0.229486 0.634989
0 0.410079 0.36671 0.0306021 0.178448 0.564622
3 0.83656 0.611574 0.127224 0.152245 0.531767
0 0.645591 0.208064 0.0356052 0.159279 0.515162
0 0.0661516 0.568295 0.030847 0.124783 0.504939
0 0.428039 0.21987 0.0325014 0.159888 0.502283
0 0.285561 0.196749 0.0314855 0.14377 0.49185
0 0.164217 0.19271 0.027477 0.153362 0.478206
0 0.551967 0.195876 0.028026 0.134795 0.457913
0 0.196872 0.177467 0.0323417 0.159709 0.438537
0 0.014322 0.666614 0.0286359 0.22705 0.426476
0 0.729573 0.633981 0.0383724 0.210869 0.39915
0 0.790109 0.101203 0.029607 0.0689921 0.382576
0 0.437128 0.372171 0.0272316 0.168747 0.343087
3 0.708029 0.197384 0.0867346 0.0939305 0.275522
0 0.78954 0.13177 0.0306358 0.13052 0.254077
