2 0.691262 0.410818 0.138986 0.236186 0.856807
0 0.91604 0.521086 0.0379246 0.195227 0.843801
0 0.282247 0.423131 0.03962 0.201757 0.810693
0 0.11238 0.76389 0.0477738 0.238338 0.776569
0 0.22071 0.615838 0.0509506 0.223919 0.768887
0 0.504244 0.916502 0.0347801 0.166996 0.73773
0 0.586735 0.198624 0.0326448 0.165162 0.698138
0 0.625427 0.190079 0.0311867 0.146458 0.664986
0 0.322631 0.413182 0.0320152 0.162054 0.654732
0 0.838263 0.0627409 0.0267294 0.125482 0.648202
0 0.24769 0.264708 0.0363963 0.19085 0.621081
0 0.423295 0.398062 0.0335975 0.189551 0.598485
0 0.497547 0.198359 0.0338601 0.171701 0.571184
0 0.129025 0.5458 0.031174 0.186213 0.569534
0 0.735492 0.64795 0.0532896 0.223961 0.56501
3 0.837141 0.612254 0.127655 0.150329 0.481352
0 0.452383 0.398308 0.0290047 0.168056 0.421422
0 0.16369 0.194483 0.0264027 0.147027 0.402604
0 0.428296 0.214342 0.0351501 0.171694 0.384858
0 0.076188 0.624878 0.0395832 0.215022 0.371122
0 0.789405 0.0978171 0.0283663 0.0678549 0.362129
1 0.693471 0.201333 0.0849356 0.102316 0.302906
0 0.19555 0.17569 0.0329316 0.164213 0.290933
3 0.702264 0.198208 0.0988465 0.0992117 0.267634
58 0.810531 0.283182 0.0527933 0.0810414 0.252728
