2 0.691185 0.410272 0.139187 0.233796 0.858496
0 0.915874 0.521098 0.0383965 0.195628 0.854807
0 0.488809 0.21718 0.0360662 0.170398 0.790324
0 0.283841 0.407612 0.0361551 0.202969 0.777478
0 0.506542 0.918408 0.0356806 0.163183 0.767808
0 0.228905 0.640287 0.0447194 0.226923 0.734511
0 0.598852 0.204391 0.0279762 0.16421 0.700174
0 0.242606 0.271348 0.0350011 0.189445 0.686031
0 0.0962526 0.734995 0.0597397 0.233412 0.682152
0 0.127752 0.558686 0.0311428 0.188408 0.654606
0 0.733953 0.645727 0.0548416 0.230971 0.635504
0 0.632664 0.200604 0.0254965 0.149866 0.603184
0 0.32558 0.40592 0.031109 0.171068 0.588519
0 0.417539 0.381771 0.0385356 0.176252 0.538766
3 0.837333 0.612291 0.128382 0.151528 0.533534
0 0.0589644 0.692311 0.0535581 0.229326 0.526454
0 0.0692078 0.575694 0.0449517 0.129773 0.485246
0 0.445051 0.387921 0.0313087 0.163322 0.458085
0 0.163394 0.193856 0.0266729 0.14766 0.390215
0 0.427502 0.220642 0.0309645 0.160752 0.386763
0 0.790887 0.100877 0.0280285 0.0712601 0.381842
58 0.810678 0.283439 0.0528555 0.0815208 0.261357
