2 0.691463 0.419355 0.138302 0.25134 0.811305
0 0.17282 0.662828 0.0481392 0.225374 0.805382
0 0.915824 0.517723 0.0371277 0.197907 0.786191
0 0.537145 0.103959 0.0288446 0.146561 0.776368
0 0.469673 0.614715 0.0370769 0.220771 0.752706
0 0.530837 0.929309 0.047348 0.14102 0.733091
0 0.88208 0.139078 0.0361069 0.157308 0.731579
0 0.254478 0.321507 0.0431335 0.182827 0.730449
0 0.50703 0.614556 0.0402288 0.189763 0.729066
0 0.226007 0.686055 0.0407854 0.217085 0.713583
0 0.660567 0.553709 0.0451805 0.179827 0.704422
0 0.50864 0.0918748 0.0290445 0.159799 0.662234
0 0.934975 0.176501 0.0294209 0.178988 0.615082
0 0.428034 0.216642 0.0323389 0.158534 0.56945
0 0.847004 0.684352 0.0491373 0.216578 0.553818
0 0.393309 0.627451 0.0394314 0.22216 0.541853
3 0.839018 0.599489 0.128633 0.163638 0.49942
0 0.160558 0.193375 0.0317075 0.147462 0.492787
3 0.700812 0.193307 0.101443 0.102155 0.472948
0 0.974625 0.150786 0.0275875 0.159486 0.469931
0 0.258905 0.150629 0.039862 0.177523 0.408937
0 0.695077 0.0862427 0.0416739 0.168297 0.363746
0 0.233624 0.169472 0.0257378 0.155379 0.356523
0 0.446648 0.061569 0.024056 0.123138 0.326672
58 0.809625 0.286229 0.0531015 0.0901427 0.320039
0 0.199877 0.182384 0.0281537 0.155295 0.304716
3 0.810722 0.614252 0.074338 0.133787 0.283951
1 0.702906 0.19701 0.0970274 0.0989356 0.281567
