2 0.691322 0.408197 0.138783 0.235714 0.890218
0 0.916143 0.519806 0.0378853 0.194391 0.831059
0 0.228018 0.91997 0.0565922 0.160061 0.825318
0 0.23247 0.412314 0.0438621 0.207739 0.810012
0 0.0223085 0.797314 0.0364869 0.214031 0.797013
0 0.0725892 0.62196 0.0405111 0.225336 0.756331
0 0.638161 0.947583 0.045263 0.104006 0.743412
0 0.2744 0.26845 0.0387932 0.176534 0.734542
0 0.53763 0.253913 0.0314728 0.162935 0.709902
0 0.772783 0.278266 0.0346458 0.179319 0.698789
0 0.433108 0.260208 0.0384974 0.167209 0.632761
0 0.479964 0.246349 0.0331259 0.156651 0.630109
0 0.734333 0.641426 0.0568977 0.229742 0.620621
0 0.162598 0.19307 0.0273467 0.155798 0.5341
0 0.727835 0.634686 0.0426859 0.212271 0.493662
0 0.991561 0.366528 0.0161625 0.178979 0.482358
3 0.836734 0.608728 0.128274 0.152452 0.480519
0 0.71247 0.249246 0.0349016 0.107257 0.449157
0 0.19855 0.173127 0.0333117 0.165956 0.444829
0 0.788378 0.0994836 0.0285124 0.0696087 0.404654
0 0.454689 0.236454 0.025935 0.163962 0.367849
58 0.811025 0.310085 0.0507978 0.136464 0.321945
0 0.257096 0.176141 0.0295883 0.162535 0.303668
2 0.0645482 0.348487 0.0832727 0.169913 0.283496
0 0.375123 0.256391 0.0359645 0.132611 0.25915
0 0.12127 0.187958 0.0268904 0.133206 0.25373
