2 0.691204 0.409482 0.138656 0.235853 0.895104
0 0.230455 0.840535 0.0515409 0.256082 0.867789
0 0.240631 0.35646 0.0407765 0.197631 0.855021
0 0.916288 0.519665 0.0381334 0.194283 0.844973
0 0.58973 0.928953 0.0427762 0.142095 0.76527
0 0.73417 0.64654 0.0535173 0.226539 0.712436
0 0.291281 0.320146 0.0344861 0.178697 0.698821
0 0.492316 0.284194 0.0289745 0.172584 0.692856
0 0.591411 0.209483 0.0302776 0.161334 0.656348
0 0.264564 0.232386 0.0304449 0.156197 0.629889
0 0.0717043 0.624207 0.0390106 0.235748 0.619425
0 0.199069 0.173257 0.0341548 0.16684 0.544288
0 0.163929 0.191858 0.0295642 0.152017 0.532457
0 0.423854 0.291556 0.033086 0.170997 0.529662
3 0.836916 0.609512 0.127405 0.153455 0.516147
0 0.646802 0.232146 0.0347257 0.133218 0.466276
0 0.340796 0.770495 0.0260264 0.144901 0.431742
0 0.449969 0.298484 0.0298504 0.154671 0.427717
0 0.788117 0.0985802 0.0287592 0.0685929 0.362668
0 0.123619 0.184276 0.0276014 0.145842 0.272568
58 0.809393 0.28742 0.0538141 0.091905 0.262309
