0 0.91619 0.521615 0.0378206 0.194927 0.849782
2 0.691554 0.411213 0.139169 0.236718 0.845312
0 0.242404 0.533918 0.0390864 0.206966 0.788023
0 0.286397 0.533758 0.0359773 0.192436 0.781913
0 0.532864 0.14877 0.0308133 0.163573 0.749862
0 0.559554 0.145555 0.027791 0.143612 0.713005
0 0.504395 0.918946 0.035434 0.160711 0.703704
0 0.137163 0.423144 0.0308636 0.170897 0.702079
0 0.499957 0.113866 0.0311524 0.157912 0.691592
0 0.214767 0.91996 0.0526917 0.160081 0.687416
0 0.200821 0.649734 0.0462023 0.224387 0.659734
0 0.817082 0.670259 0.0447258 0.217888 0.638842
0 0.905529 0.121077 0.027063 0.141259 0.583283
0 0.455878 0.496995 0.0386298 0.189249 0.565535
0 0.427218 0.193964 0.0330763 0.206669 0.538345
0 0.483545 0.4993 0.0286442 0.173406 0.499757
0 0.2281 0.416723 0.0462811 0.126116 0.456503
0 0.252724 0.196092 0.0359359 0.17005 0.434954
0 0.48949 0.421456 0.0271114 0.141304 0.416308
0 0.767364 0.0627017 0.0297443 0.125403 0.409933
0 0.224595 0.824024 0.041451 0.132331 0.397605
0 0.158779 0.196535 0.031313 0.158268 0.355346
0 0.429605 0.214293 0.0293377 0.165369 0.349032
0 0.695124 0.0877419 0.0418856 0.172646 0.302125
1 0.86134 0.630988 0.0680199 0.106951 0.278245
0 0.834204 0.0507429 0.0205435 0.0975347 0.274748
0 0.0667586 0.432432 0.0264891 0.128105 0.273551
1 0.702979 0.200742 0.0967281 0.0959657 0.253733
0 0.231311 0.119641 0.0292859 0.148626 0.251433
