2 0.691552 0.409523 0.138277 0.236709 0.88205
0 0.24006 0.38908 0.0422529 0.209102 0.839959
0 0.916258 0.519663 0.0378159 0.194229 0.836273
0 0.0312507 0.74857 0.0362017 0.19968 0.820325
0 0.231082 0.89133 0.0530661 0.217339 0.807658
0 0.0714611 0.622351 0.0401299 0.229094 0.753996
0 0.626763 0.940541 0.0396713 0.118919 0.749401
0 0.734339 0.644534 0.05502 0.227434 0.690375
0 0.28283 0.289593 0.0412279 0.182443 0.677629
0 0.637729 0.223197 0.0462955 0.154589 0.647821
0 0.521092 0.267026 0.0316819 0.162431 0.622569
3 0.836973 0.607536 0.129319 0.157772 0.559607
0 0.748253 0.269248 0.0302143 0.179041 0.55669
0 0.770614 0.262106 0.0315182 0.166491 0.542232
0 0.681858 0.24029 0.0398705 0.112538 0.473285
0 0.467816 0.270081 0.0277433 0.14718 0.426875
0 0.44575 0.259341 0.0300934 0.166991 0.406428
0 0.426436 0.225156 0.0289419 0.177516 0.40317
0 0.167487 0.191983 0.02873 0.156462 0.363894
0 0.788222 0.0997267 0.0278553 0.0680699 0.359438
0 0.289925 0.285094 0.0325437 0.176045 0.358943
0 0.264509 0.178939 0.0275789 0.119161 0.352268
0 0.121743 0.191633 0.0293809 0.142055 0.332115
0 0.1993 0.174888 0.0331326 0.166596 0.326264
0 0.388462 0.253001 0.0236276 0.157398 0.321892
0 0.0721082 0.432885 0.0286457 0.128829 0.27507
0 0.14563 0.176542 0.0257459 0.157798 0.25909
