2 0.69154 0.411038 0.138668 0.237743 0.849196
0 0.916207 0.520829 0.038271 0.194202 0.831807
0 0.222676 0.57021 0.0435008 0.22043 0.795362
0 0.280827 0.649228 0.0613154 0.219198 0.792083
0 0.924813 0.142296 0.0296284 0.14434 0.778978
0 0.516557 0.929406 0.0438141 0.139115 0.759601
0 0.833516 0.691883 0.0538559 0.224946 0.745342
0 0.543249 0.473781 0.0337223 0.182231 0.728151
0 0.249817 0.957852 0.0558944 0.0842962 0.695708
0 0.243124 0.407843 0.0385653 0.195804 0.677878
0 0.266427 0.916699 0.0448221 0.152691 0.642807
0 0.550975 0.133764 0.029624 0.152385 0.636361
0 0.489796 0.537232 0.0361732 0.194281 0.621773
0 0.520115 0.129562 0.0301388 0.158111 0.576922
0 0.459011 0.529185 0.0353642 0.203586 0.572595
0 0.497715 0.0834721 0.0315908 0.149064 0.546274
0 0.128953 0.38597 0.0309253 0.163574 0.498984
3 0.837793 0.598077 0.127823 0.162911 0.472761
0 0.249902 0.174067 0.0365145 0.170851 0.44641
0 0.429507 0.219635 0.0306314 0.156662 0.405111
0 0.855244 0.0693338 0.0306683 0.134506 0.399979
3 0.701213 0.194811 0.100548 0.103351 0.388658
0 0.984416 0.11906 0.0265198 0.1333 0.379913
1 0.703076 0.198029 0.0974447 0.0992443 0.374828
0 0.266267 0.566268 0.0338012 0.171991 0.29885
0 0.96857 0.542401 0.0503763 0.205624 0.288811
0 0.206491 0.179154 0.0318719 0.162646 0.282663
