0 0.179532 0.737606 0.0494202 0.228777 0.889904
0 0.715523 0.914543 0.0507975 0.170915 0.848686
0 0.473838 0.507835 0.0328444 0.193397 0.824302
2 0.691336 0.408993 0.13855 0.235431 0.81966
0 0.915626 0.518966 0.0376951 0.191432 0.803807
0 0.522398 0.499076 0.0397453 0.207398 0.776247
0 0.234225 0.39816 0.0354486 0.190094 0.743152
0 0.192593 0.411662 0.0320245 0.164063 0.727006
0 0.494399 0.935894 0.0369769 0.128212 0.712986
0 0.592045 0.0876018 0.0269417 0.147526 0.688953
0 0.848053 0.658803 0.0503971 0.211763 0.666812
0 0.933553 0.736378 0.0428568 0.220182 0.654314
0 0.263688 0.245604 0.0385514 0.180308 0.525257
0 0.844276 0.114893 0.0256779 0.139944 0.516039
0 0.183625 0.239799 0.0371721 0.176505 0.510944
0 0.434161 0.208703 0.0321618 0.16008 0.469987
0 0.755269 0.0655392 0.0266353 0.131078 0.46258
0 0.695131 0.0831715 0.0421593 0.163557 0.41296
3 0.701363 0.193118 0.0999203 0.102231 0.397218
0 0.216174 0.256768 0.0295799 0.157461 0.377705
0 0.140011 0.195474 0.0271263 0.157948 0.309247
58 0.809577 0.284331 0.0528229 0.0891191 0.289235
0 0.375709 0.253569 0.03761 0.113369 0.268721
3 0.810099 0.60699 0.0716593 0.132365 0.26482
