2 0.6905 0.409124 0.1388 0.234825 0.83916
0 0.459212 0.938914 0.0443808 0.122173 0.827993
0 0.605123 0.782652 0.0416365 0.231296 0.820628
0 0.917424 0.518939 0.0433224 0.19569 0.809407
0 0.256995 0.631795 0.0427378 0.225291 0.796801
0 0.173362 0.507659 0.0370699 0.200693 0.784927
0 0.846877 0.658611 0.0491669 0.212291 0.743635
0 0.646971 0.773522 0.0481699 0.238554 0.662814
0 0.227831 0.260974 0.0282776 0.145121 0.618639
0 0.258532 0.245793 0.0363226 0.177211 0.518696
0 0.187306 0.262349 0.028371 0.155118 0.505359
0 0.789373 0.063496 0.0300285 0.107678 0.433043
3 0.701153 0.1929 0.100304 0.102697 0.386013
58 0.345161 0.304784 0.0478961 0.105985 0.29732
0 0.336953 0.783888 0.0324524 0.143361 0.291376
0 0.422096 0.206255 0.0245201 0.153573 0.279557
0 0.164111 0.196139 0.0275499 0.147379 0.271158
0 0.847682 0.173151 0.0283142 0.156772 0.264111
