2 0.691332 0.410009 0.13923 0.235797 0.881691
0 0.916177 0.520803 0.0379047 0.1958 0.840465
0 0.232726 0.732935 0.0480874 0.244898 0.790439
0 0.237598 0.317163 0.0382543 0.198593 0.773109
0 0.0706838 0.623441 0.0376137 0.22924 0.746402
0 0.541965 0.921523 0.0327205 0.154412 0.742274
0 0.136565 0.637028 0.0349201 0.195276 0.713866
0 0.466179 0.255668 0.0353357 0.170651 0.699188
0 0.73437 0.648915 0.0527466 0.22113 0.686898
0 0.198188 0.175675 0.0326948 0.161423 0.566246
0 0.511447 0.194093 0.0391743 0.158194 0.560252
0 0.406881 0.335125 0.030831 0.179398 0.54541
3 0.837192 0.610894 0.127377 0.153093 0.538429
0 0.431547 0.342831 0.0299684 0.168199 0.504658
0 0.287193 0.349835 0.0378794 0.206547 0.481928
0 0.592912 0.189202 0.0293233 0.0968059 0.459296
0 0.658111 0.220862 0.0416004 0.163422 0.433431
0 0.164343 0.193354 0.0272426 0.156448 0.422961
0 0.340586 0.772386 0.025577 0.147413 0.413734
26 0.217308 0.722274 0.0172924 0.0483785 0.388867
0 0.427951 0.210186 0.0304493 0.142667 0.386903
0 0.0184168 0.672605 0.0367039 0.216573 0.371262
3 0.714739 0.192666 0.0749209 0.0954296 0.352036
0 0.329904 0.349452 0.0259669 0.133554 0.299967
0 0.788085 0.101212 0.0280933 0.0696718 0.276882
