0 0.91594 0.518856 0.037867 0.193584 0.842925
0 0.551985 0.684747 0.0404092 0.221485 0.830511
2 0.691216 0.408553 0.139103 0.234363 0.825885
0 0.170148 0.582047 0.0425919 0.214648 0.824047
0 0.588753 0.673928 0.0438328 0.23264 0.789901
0 0.846501 0.658202 0.04993 0.21265 0.722019
0 0.476411 0.939477 0.0366099 0.121046 0.70225
0 0.245847 0.289456 0.0306299 0.177038 0.664667
0 0.220204 0.301235 0.0266674 0.158961 0.510249
0 0.160675 0.252667 0.0259788 0.164218 0.473428
0 0.261977 0.158326 0.0339336 0.173549 0.429944
0 0.332305 0.644829 0.0356564 0.212852 0.412825
0 0.191897 0.254437 0.0271606 0.155345 0.383225
0 0.760325 0.130328 0.0294899 0.137824 0.349362
3 0.808708 0.608233 0.0686941 0.133366 0.345532
3 0.701552 0.191784 0.102317 0.10345 0.341491
0 0.694168 0.0855263 0.0427315 0.16638 0.271119
58 0.345601 0.308189 0.0478566 0.112766 0.269621
0 0.421428 0.207923 0.0225581 0.15141 0.251509
