2 0.691565 0.411637 0.139317 0.239514 0.83608
0 0.130343 0.828454 0.0476246 0.252175 0.830004
0 0.16923 0.851431 0.0455123 0.236316 0.796271
0 0.448971 0.679354 0.0361929 0.226588 0.753846
0 0.510134 0.753013 0.0434953 0.226214 0.735205
0 0.915247 0.521109 0.0342598 0.190089 0.715657
0 0.923406 0.258303 0.0301016 0.145897 0.709864
0 0.858199 0.368079 0.0287378 0.176752 0.698013
0 0.259126 0.215904 0.03518 0.162037 0.689362
0 0.561265 0.931869 0.0427204 0.136261 0.653867
0 0.890001 0.096684 0.0331001 0.149634 0.621913
0 0.901217 0.669439 0.0500549 0.2013 0.619208
0 0.824652 0.669349 0.0545588 0.199196 0.612061
0 0.557151 0.760084 0.0401873 0.203194 0.608195
0 0.977464 0.264791 0.0404373 0.17931 0.594704
0 0.534925 0.0586681 0.0308504 0.113048 0.565248
0 0.249673 0.0810988 0.031833 0.147859 0.534131
0 0.855136 0.0907172 0.0277422 0.153385 0.507421
0 0.163309 0.188619 0.0288469 0.163898 0.496928
0 0.793229 0.0614923 0.0276255 0.119533 0.481965
0 0.475197 0.0593355 0.029953 0.111738 0.474229
0 0.203512 0.178121 0.0314653 0.164527 0.470581
0 0.428283 0.21205 0.0254613 0.164626 0.461201
3 0.700615 0.19415 0.102224 0.101449 0.457093
0 0.500154 0.0553143 0.0265179 0.106571 0.449353
0 0.224976 0.249168 0.0289235 0.160173 0.438092
0 0.91816 0.384868 0.041404 0.131614 0.429422
0 0.69536 0.0863462 0.0425346 0.168544 0.384298
0 0.133172 0.183739 0.0296553 0.171994 0.349174
0 0.374033 0.25209 0.0343447 0.133719 0.337227
0 0.833866 0.670389 0.0368271 0.19837 0.269618
0 0.337342 0.78019 0.0311607 0.141143 0.262034
58 0.345462 0.305509 0.0480872 0.106427 0.256384
1 0.691977 0.19733 0.084049 0.108785 0.253441
