2 0.690967 0.410284 0.139054 0.233947 0.849349
0 0.915823 0.520135 0.0380024 0.194041 0.83524
0 0.316318 0.448616 0.0331019 0.182971 0.811942
0 0.272235 0.452146 0.0364647 0.207656 0.750874
0 0.507812 0.920943 0.0364571 0.154013 0.746182
0 0.13978 0.803906 0.0446948 0.242031 0.737536
0 0.747339 0.642131 0.0445837 0.236236 0.705591
0 0.610219 0.177207 0.0310049 0.156645 0.700712
0 0.570578 0.188899 0.0293199 0.168048 0.69152
0 0.858763 0.0753059 0.0274982 0.136034 0.684443
3 0.838239 0.615933 0.125731 0.147867 0.678011
0 0.505159 0.181724 0.0349981 0.167792 0.672194
0 0.0946505 0.637602 0.0476194 0.223891 0.657941
0 0.130409 0.5148 0.0327625 0.187219 0.607532
0 0.225639 0.570443 0.0434142 0.212871 0.605065
0 0.253864 0.245512 0.0381614 0.187878 0.563764
0 0.43338 0.417736 0.0349709 0.187439 0.52401
0 0.467244 0.421004 0.0362261 0.178163 0.510765
3 0.700728 0.195206 0.102203 0.102649 0.438462
0 0.125058 0.693931 0.0461449 0.131178 0.411355
0 0.782289 0.114063 0.0262452 0.123954 0.407568
0 0.429791 0.216747 0.0307453 0.158288 0.370335
0 0.163374 0.195349 0.0276912 0.148578 0.276912
0 0.695423 0.0868872 0.0426054 0.16739 0.270446
