0 0.500311 0.415658 0.0384001 0.199126 0.852371
0 0.66126 0.800635 0.0494363 0.235404 0.841441
0 0.190728 0.849574 0.0452557 0.243393 0.824652
2 0.691276 0.408765 0.13898 0.234117 0.823142
0 0.914496 0.51834 0.0381275 0.192547 0.811573
0 0.459867 0.420534 0.0340372 0.189566 0.807509
0 0.871149 0.17659 0.0282621 0.149471 0.785389
0 0.184891 0.475227 0.0335816 0.18214 0.740962
0 0.929015 0.735924 0.0482136 0.230934 0.735299
0 0.848138 0.656992 0.0497673 0.212646 0.729169
0 0.615444 0.151238 0.0288146 0.153518 0.72367
0 0.501332 0.930502 0.0382899 0.138997 0.701458
0 0.22214 0.478542 0.0388306 0.193228 0.683014
0 0.9322 0.213426 0.0290157 0.155154 0.657366
0 0.23579 0.310749 0.0317152 0.175287 0.642494
0 0.269 0.296594 0.0324292 0.161307 0.590098
0 0.433083 0.207349 0.0325713 0.162251 0.47959
0 0.188197 0.313706 0.0283703 0.145655 0.349536
0 0.694727 0.0876725 0.0442003 0.171283 0.3326
1 0.701261 0.19815 0.0996376 0.10027 0.321545
3 0.701104 0.196058 0.100385 0.100164 0.319413
0 0.162703 0.194482 0.0295116 0.155415 0.305743
