2 0.69127 0.410588 0.139332 0.234219 0.857896
0 0.915833 0.521139 0.0380913 0.194649 0.848749
0 0.283573 0.406891 0.0372898 0.205226 0.773775
0 0.506651 0.918468 0.0361572 0.163063 0.761562
0 0.489001 0.216921 0.0365379 0.170117 0.757652
0 0.0942598 0.734431 0.0578339 0.231426 0.755229
0 0.599488 0.205381 0.0283098 0.164322 0.734804
0 0.229454 0.64276 0.045529 0.227204 0.717209
0 0.242553 0.27204 0.0360284 0.187838 0.681535
0 0.734069 0.646181 0.0544441 0.231425 0.661079
0 0.0549674 0.691927 0.0493001 0.212867 0.627921
0 0.127796 0.560986 0.0308591 0.187757 0.626831
0 0.417164 0.380979 0.0394948 0.177556 0.595947
0 0.632846 0.2013 0.0262299 0.146167 0.595803
0 0.325941 0.402755 0.0310606 0.167169 0.594119
0 0.0691303 0.577281 0.0448896 0.131892 0.54006
3 0.83699 0.611563 0.127776 0.152843 0.503212
0 0.445859 0.387336 0.0321342 0.166007 0.444836
0 0.428128 0.221058 0.0323436 0.160687 0.395831
0 0.790971 0.100796 0.0282771 0.0712288 0.388982
0 0.16354 0.194097 0.026917 0.147474 0.360292
1 0.68644 0.202352 0.0734694 0.103453 0.264221
1 0.705462 0.199179 0.0923788 0.095711 0.260906
58 0.81064 0.283382 0.052739 0.0818034 0.250903
