0 0.867825 0.280322 0.0372692 0.173806 0.85529
2 0.691262 0.409569 0.139503 0.234633 0.812116
0 0.913983 0.518485 0.042104 0.195332 0.801903
0 0.19071 0.943788 0.0509543 0.112424 0.796801
0 0.530453 0.93759 0.0326931 0.124819 0.75372
0 0.203499 0.358172 0.0327695 0.186487 0.673581
0 0.326745 0.612627 0.0496036 0.217631 0.666394
0 0.788775 0.0674108 0.0326028 0.129601 0.64227
0 0.597201 0.918166 0.0421487 0.163669 0.64034
0 0.435521 0.213173 0.0284214 0.161968 0.557287
0 0.149786 0.973924 0.0382378 0.0521512 0.55404
0 0.843706 0.65938 0.0590492 0.211004 0.512229
0 0.203219 0.173293 0.0315412 0.171328 0.488898
0 0.6392 0.92416 0.0414942 0.15168 0.4587
0 0.16301 0.189135 0.0308465 0.162293 0.372618
0 0.141463 0.327204 0.0361805 0.152882 0.369474
0 0.106322 0.324403 0.0299464 0.165179 0.360048
3 0.700831 0.194427 0.101809 0.0994841 0.338976
58 0.809529 0.304545 0.0535345 0.127916 0.326382
0 0.855204 0.656736 0.0385696 0.212648 0.305925
3 0.841293 0.59836 0.12427 0.1514 0.305444
0 0.376133 0.260682 0.0385218 0.1188 0.2581
