2 0.690958 0.409875 0.139098 0.233987 0.856191
0 0.91583 0.520485 0.0384789 0.194217 0.832427
0 0.315953 0.448888 0.0332854 0.182675 0.798801
0 0.508286 0.921152 0.0369706 0.154502 0.77168
0 0.272278 0.45196 0.0355704 0.206685 0.760253
0 0.140676 0.808095 0.0429513 0.241556 0.746623
0 0.505389 0.180458 0.0348051 0.16656 0.702179
0 0.570056 0.189052 0.0296564 0.167739 0.695025
0 0.22516 0.565119 0.0421469 0.208364 0.69406
0 0.859381 0.0764648 0.0282654 0.137226 0.684934
0 0.609671 0.175849 0.0302118 0.15692 0.681887
0 0.748584 0.640556 0.0461723 0.232568 0.677252
3 0.838068 0.616134 0.125076 0.146601 0.644925
0 0.0952288 0.636839 0.0479531 0.225003 0.631822
0 0.13048 0.515417 0.0330012 0.189973 0.600244
0 0.46725 0.420341 0.0373257 0.178158 0.563095
0 0.254267 0.242714 0.0392933 0.185761 0.557961
0 0.433626 0.417987 0.0353144 0.188732 0.49153
3 0.700664 0.194555 0.102476 0.101826 0.457616
0 0.782053 0.115029 0.0269536 0.129942 0.403436
0 0.127967 0.694895 0.0467125 0.131735 0.399263
0 0.429585 0.216304 0.0311226 0.159203 0.386966
0 0.695452 0.0888752 0.0428692 0.169821 0.277352
0 0.163221 0.194888 0.0274348 0.148747 0.256728
