2 0.691482 0.409574 0.138414 0.235418 0.852739
0 0.916291 0.518421 0.0402119 0.193325 0.792132
0 0.196748 0.606355 0.046586 0.213793 0.78691
0 0.251976 0.368383 0.0384229 0.190288 0.766044
0 0.251813 0.628017 0.037781 0.210278 0.755945
0 0.530807 0.9193 0.0455469 0.158138 0.746841
0 0.589066 0.507648 0.0350559 0.183155 0.73906
0 0.493378 0.567607 0.0414564 0.189419 0.727745
0 0.306919 0.954223 0.0482047 0.0915548 0.691818
0 0.938573 0.164521 0.0309185 0.148709 0.673867
0 0.459764 0.561536 0.035327 0.207368 0.668241
3 0.837817 0.601362 0.127447 0.160241 0.641726
0 0.542559 0.12193 0.0264713 0.156191 0.627295
0 0.854561 0.715453 0.0306263 0.197756 0.582396
0 0.868446 0.0929755 0.0360262 0.155414 0.56414
0 0.513532 0.10961 0.0271914 0.157956 0.507072
0 0.426981 0.219927 0.0332647 0.15578 0.49193
0 0.950096 0.512592 0.0338619 0.215743 0.457807
0 0.200104 0.175226 0.0322244 0.172822 0.41913
0 0.253092 0.155837 0.0311072 0.171046 0.344306
0 0.278011 0.154099 0.026701 0.154502 0.324306
0 0.160399 0.192576 0.02976 0.155035 0.311927
0 0.333345 0.619986 0.0337666 0.192483 0.310313
0 0.955476 0.513268 0.049457 0.216559 0.307246
3 0.701841 0.195291 0.0986568 0.0971687 0.304371
0 0.377382 0.0625996 0.0246075 0.117846 0.282975
3 0.874327 0.594706 0.0566109 0.157452 0.27202
0 0.494659 0.0651087 0.0256229 0.130217 0.27087
0 0.69551 0.0851578 0.0408753 0.163915 0.269591
0 0.444023 0.0539705 0.0226056 0.0992962 0.266188
0 0.232816 0.155695 0.0211477 0.165062 0.265731
58 0.809755 0.283847 0.0528486 0.0839923 0.26462
