0 0.261332 0.63276 0.0481589 0.223231 0.846037
0 0.60387 0.7837 0.0411098 0.233713 0.835098
2 0.691276 0.408849 0.139219 0.236308 0.834561
0 0.917942 0.518374 0.0432259 0.191859 0.815535
0 0.460557 0.939313 0.043702 0.121375 0.81267
0 0.846989 0.658194 0.0492218 0.213795 0.775482
0 0.173786 0.51198 0.036365 0.205001 0.766697
0 0.645117 0.768726 0.0470193 0.234813 0.706247
0 0.227181 0.263831 0.0277431 0.146186 0.673602
0 0.257358 0.251158 0.0373552 0.172611 0.566283
0 0.188034 0.261606 0.0287089 0.157513 0.493317
3 0.70145 0.192184 0.0997112 0.103151 0.481759
0 0.847667 0.168629 0.0274895 0.154153 0.470588
0 0.790428 0.0640866 0.0305996 0.103062 0.408848
0 0.651315 0.774239 0.0344311 0.223338 0.335425
58 0.345201 0.305187 0.048115 0.106742 0.315797
0 0.400554 0.108532 0.0242239 0.132627 0.304946
0 0.421894 0.205686 0.0259878 0.156324 0.302402
0 0.163931 0.196407 0.0271673 0.146983 0.27712
0 0.336914 0.782544 0.0320062 0.140453 0.26312
