2 0.691347 0.410093 0.138736 0.235794 0.884888
0 0.237407 0.335464 0.0399443 0.202755 0.847477
0 0.916217 0.520415 0.0378756 0.193848 0.835667
0 0.0713801 0.620973 0.0394371 0.228818 0.828595
0 0.23278 0.776303 0.0509519 0.239195 0.786385
0 0.540549 0.202027 0.0400946 0.157905 0.737766
0 0.559998 0.921546 0.0316177 0.153588 0.737508
0 0.733935 0.646319 0.0529886 0.223514 0.719632
0 0.29293 0.347404 0.0268421 0.178934 0.69658
0 0.117632 0.665646 0.0327768 0.198293 0.687419
0 0.686006 0.227779 0.0507806 0.141845 0.669444
0 0.46416 0.27391 0.0343334 0.177591 0.661759
0 0.323494 0.332492 0.0289431 0.163761 0.660083
3 0.836468 0.607228 0.129185 0.158343 0.590084
0 0.411915 0.318662 0.0311974 0.16243 0.546351
0 0.163348 0.191778 0.0258623 0.151356 0.508328
0 0.197684 0.172568 0.031783 0.167448 0.491137
0 0.34016 0.771783 0.0272948 0.147964 0.450353
0 0.427384 0.202942 0.0299033 0.131943 0.376916
0 0.788768 0.0992551 0.0272181 0.0686691 0.327498
0 0.436354 0.318503 0.0252529 0.13969 0.317622
0 0.246273 0.10596 0.0274644 0.150852 0.296317
0 0.616665 0.195336 0.0270052 0.088359 0.291684
58 0.809244 0.291957 0.0539899 0.101877 0.271921
0 0.376621 0.28466 0.0386585 0.180153 0.251504
