2 0.691459 0.409465 0.138699 0.236383 0.831263
0 0.915397 0.518685 0.0380554 0.191385 0.829261
0 0.170971 0.708769 0.0446249 0.2318 0.82819
0 0.735454 0.943843 0.0528822 0.112313 0.821803
0 0.483477 0.544164 0.0352081 0.203779 0.81954
0 0.529675 0.532316 0.0358594 0.210289 0.796044
0 0.847903 0.658735 0.0505177 0.211941 0.753424
0 0.492696 0.934348 0.0408437 0.131304 0.736935
0 0.581598 0.0712616 0.0314809 0.142523 0.731339
0 0.19478 0.385419 0.0407011 0.170508 0.719753
0 0.239907 0.379555 0.0332737 0.180795 0.702729
0 0.836125 0.0817579 0.030938 0.104538 0.617943
0 0.74999 0.0766437 0.0310085 0.137661 0.55056
0 0.433863 0.208663 0.0351408 0.161991 0.543161
0 0.938371 0.737535 0.0380131 0.220453 0.538853
0 0.182859 0.239408 0.0380707 0.179569 0.448483
0 0.695559 0.0832442 0.0430532 0.162913 0.392268
0 0.133636 0.189812 0.0292072 0.161338 0.360182
26 0.182611 0.35532 0.0180285 0.0612746 0.338611
58 0.809323 0.284492 0.053051 0.0884594 0.310902
0 0.793573 0.0572325 0.0284951 0.10804 0.305882
3 0.702152 0.194621 0.0996907 0.104946 0.297538
0 0.224485 0.232348 0.0266984 0.154071 0.276316
1 0.722557 0.197911 0.0590555 0.0928852 0.270647
3 0.809303 0.608376 0.0700089 0.132156 0.269138
0 0.892924 0.116756 0.0283325 0.164675 0.262678
3 0.796755 0.620484 0.0428716 0.0964372 0.253365
