0 0.914693 0.518175 0.0401962 0.195345 0.83516
2 0.691233 0.407877 0.139392 0.235366 0.823448
0 0.177516 0.529913 0.0417756 0.210106 0.808543
0 0.588503 0.749784 0.0398312 0.224319 0.795602
0 0.473022 0.941525 0.0454808 0.11695 0.793011
0 0.627135 0.740099 0.0463617 0.236109 0.780729
0 0.284766 0.6367 0.0366117 0.225871 0.778718
0 0.847213 0.657431 0.0502333 0.213681 0.728696
0 0.253015 0.258256 0.0348284 0.176422 0.595409
0 0.223995 0.268929 0.0247627 0.146661 0.518558
0 0.793933 0.0650558 0.0309 0.119664 0.483414
0 0.186334 0.259479 0.0277323 0.157299 0.460325
0 0.424569 0.203294 0.0302063 0.154768 0.414386
3 0.701374 0.192121 0.0997107 0.104945 0.378751
0 0.251278 0.109684 0.029824 0.132048 0.372678
58 0.344924 0.306836 0.0469559 0.109311 0.340124
0 0.153892 0.259334 0.0276243 0.169527 0.335982
0 0.45955 0.0345249 0.032342 0.066344 0.322368
0 0.402236 0.105172 0.0270504 0.135966 0.265712
3 0.808953 0.609244 0.0688152 0.132342 0.264737
0 0.302034 0.191535 0.036432 0.157878 0.255063
