0 0.915958 0.518373 0.0381241 0.193521 0.82948
0 0.171376 0.566202 0.0390269 0.21518 0.823414
2 0.691461 0.408821 0.138613 0.236855 0.797939
0 0.561523 0.708771 0.0370534 0.226935 0.767893
0 0.478497 0.943325 0.0448539 0.113351 0.75224
0 0.597218 0.683015 0.041473 0.217356 0.748971
0 0.846604 0.657729 0.050444 0.212806 0.734139
0 0.317033 0.645196 0.0357421 0.226709 0.684036
0 0.246906 0.285225 0.0336906 0.177114 0.634398
0 0.22096 0.283584 0.0271732 0.161259 0.484583
0 0.603873 0.68742 0.0303732 0.195437 0.444985
0 0.184041 0.254242 0.0278879 0.157622 0.436618
0 0.159135 0.255565 0.0264673 0.160566 0.400841
0 0.763611 0.1355 0.0304726 0.143905 0.398751
58 0.345987 0.306179 0.0485212 0.108156 0.374965
0 0.78902 0.073975 0.0285904 0.119835 0.374829
0 0.29936 0.194054 0.0310403 0.146553 0.350527
0 0.694114 0.0890875 0.0441051 0.17251 0.336964
1 0.697626 0.193065 0.0914896 0.111206 0.309884
1 0.725545 0.193422 0.0543528 0.0864689 0.304689
3 0.70097 0.191985 0.102518 0.10861 0.304313
0 0.259969 0.142123 0.0335778 0.157953 0.278059
