2 0.691548 0.409171 0.139458 0.236964 0.830871
0 0.916855 0.517754 0.0426949 0.195712 0.793024
0 0.236729 0.601186 0.0341002 0.225607 0.775061
0 0.863313 0.229919 0.0373013 0.167752 0.770609
0 0.182096 0.408362 0.0381477 0.190139 0.754257
0 0.715601 0.916909 0.0422047 0.166182 0.743295
0 0.760377 0.903554 0.0540916 0.192331 0.70429
0 0.465836 0.930787 0.035453 0.138272 0.694108
0 0.787689 0.064925 0.0318151 0.129221 0.652285
0 0.593979 0.96695 0.0392414 0.0642524 0.642447
0 0.435847 0.21184 0.0283665 0.161972 0.623474
0 0.847453 0.658679 0.0506996 0.212811 0.544633
0 0.263651 0.184823 0.0284864 0.164238 0.47777
0 0.638591 0.973316 0.0296896 0.0533676 0.476193
3 0.701526 0.192088 0.100174 0.108815 0.427344
0 0.134491 0.289958 0.0328066 0.157266 0.419844
0 0.200628 0.182281 0.0317924 0.152783 0.372805
0 0.236436 0.189491 0.02261 0.141722 0.367911
58 0.346623 0.308429 0.0506494 0.113236 0.326105
58 0.810416 0.310657 0.0534986 0.141474 0.319813
0 0.376635 0.259312 0.0397697 0.123307 0.312957
1 0.703192 0.195057 0.0962137 0.104075 0.295104
0 0.162975 0.192449 0.0300844 0.150823 0.293379
