2 0.691477 0.410767 0.139089 0.236337 0.862829
0 0.916166 0.52197 0.0383579 0.195988 0.854679
0 0.282348 0.559952 0.0343395 0.203132 0.764083
0 0.507833 0.92345 0.0309335 0.150608 0.76128
0 0.499214 0.105148 0.0310249 0.157903 0.707341
0 0.527757 0.143838 0.0286246 0.160332 0.668237
0 0.821018 0.676815 0.0377903 0.204921 0.662995
0 0.221387 0.91883 0.047986 0.11948 0.662827
0 0.909562 0.133821 0.0273575 0.135901 0.661371
0 0.459081 0.504017 0.0381969 0.195552 0.618587
0 0.554421 0.14314 0.0263441 0.149284 0.612494
0 0.135672 0.41374 0.029529 0.171335 0.606969
0 0.251498 0.186227 0.0351098 0.170801 0.571633
0 0.232172 0.598482 0.0596405 0.332549 0.569981
0 0.24319 0.886391 0.0476512 0.203863 0.546341
0 0.48671 0.507973 0.0264378 0.182418 0.543894
0 0.508853 0.453052 0.0302114 0.176199 0.543528
0 0.42954 0.220809 0.0288452 0.152239 0.522668
0 0.764753 0.0569063 0.0288704 0.113813 0.45252
0 0.233368 0.403685 0.038251 0.123633 0.444175
1 0.862705 0.630731 0.0571114 0.10603 0.373646
0 0.160298 0.195989 0.0314939 0.160632 0.349214
0 0.234485 0.536179 0.053135 0.203493 0.34908
0 0.232365 0.663585 0.0575397 0.207131 0.341207
26 0.43677 0.537027 0.0235375 0.0473256 0.329579
3 0.701463 0.197724 0.100007 0.102174 0.312611
24 0.813379 0.636901 0.0224155 0.0612005 0.30232
1 0.664972 0.204153 0.0321985 0.0892999 0.284097
0 0.204367 0.179283 0.0329531 0.154735 0.283371
0 0.694834 0.0876875 0.0414345 0.169886 0.26443
24 0.810543 0.645192 0.0210529 0.076671 0.253106
