2 0.691504 0.408963 0.13909 0.237321 0.910735
0 0.219978 0.46785 0.041891 0.222595 0.848396
0 0.91727 0.520311 0.0386374 0.193985 0.815413
0 0.0729922 0.622661 0.042125 0.225103 0.775294
0 0.852434 0.308249 0.0343382 0.168075 0.701029
0 0.427856 0.217259 0.0327929 0.164401 0.691607
0 0.617416 0.950702 0.0318768 0.0985965 0.640643
0 0.961597 0.298133 0.0318277 0.174685 0.617349
0 0.290173 0.2343 0.0292594 0.169625 0.601694
0 0.736253 0.642881 0.0594769 0.229757 0.597657
0 0.545865 0.242779 0.0432987 0.215281 0.577191
0 0.0132516 0.888452 0.0262992 0.223096 0.557672
3 0.836498 0.606856 0.129288 0.158456 0.549099
0 0.473737 0.209902 0.0291697 0.163161 0.5398
0 0.727665 0.635458 0.0423271 0.212597 0.504259
0 0.198664 0.175818 0.0303423 0.160119 0.482552
0 0.266854 0.220247 0.0286407 0.150501 0.443576
0 0.551377 0.216711 0.0312426 0.162924 0.442058
0 0.747704 0.30108 0.0398813 0.167409 0.436542
0 0.121831 0.440425 0.0310034 0.175687 0.410782
58 0.345743 0.310641 0.0486391 0.117055 0.355718
0 0.491451 0.207923 0.0252666 0.157171 0.324902
0 0.787699 0.0994109 0.0278099 0.0677983 0.314942
0 0.137386 0.432275 0.0319708 0.188313 0.31258
0 0.162256 0.192904 0.0276693 0.146661 0.308067
0 0.227881 0.143273 0.0259918 0.149422 0.284235
0 0.481766 0.208905 0.0445311 0.161937 0.27483
