2 0.69133 0.412198 0.138386 0.237333 0.838636
0 0.916305 0.520499 0.0387493 0.194488 0.835445
0 0.220723 0.573242 0.0424079 0.213407 0.833356
0 0.926253 0.148515 0.0284037 0.148409 0.78498
0 0.835938 0.693074 0.0545095 0.226533 0.769303
0 0.517285 0.928885 0.0436327 0.141031 0.75171
0 0.280637 0.646207 0.0612461 0.219718 0.743379
0 0.242553 0.405648 0.0421013 0.19557 0.680676
0 0.550109 0.478338 0.0422311 0.180373 0.646636
0 0.550987 0.133028 0.0296146 0.149933 0.643485
0 0.45934 0.532431 0.0362667 0.198376 0.638493
0 0.270687 0.921301 0.043033 0.144523 0.635606
0 0.253802 0.965132 0.0521594 0.069735 0.631946
0 0.49079 0.541427 0.0329054 0.192077 0.577919
0 0.854318 0.0730314 0.025448 0.135984 0.562389
0 0.518964 0.130199 0.0286921 0.161543 0.555189
0 0.264561 0.580255 0.0332626 0.195575 0.528888
0 0.249852 0.171962 0.035506 0.173058 0.469591
3 0.838233 0.596479 0.127881 0.16654 0.452994
0 0.498469 0.0800372 0.0324773 0.146375 0.422061
1 0.703242 0.198464 0.0969351 0.0985647 0.40796
0 0.429256 0.218183 0.0305113 0.160165 0.378229
0 0.127398 0.378842 0.0286652 0.162806 0.327532
0 0.983012 0.124675 0.0265097 0.134907 0.326494
0 0.205605 0.179406 0.0319692 0.161935 0.303421
3 0.701266 0.196163 0.100119 0.101686 0.271769
0 0.759246 0.0505995 0.0256565 0.0981455 0.26903
58 0.810501 0.294162 0.0532684 0.105488 0.260802
1 0.665446 0.200252 0.0327483 0.0964847 0.259157
