0 0.914684 0.5179 0.0406357 0.195297 0.837825
2 0.691372 0.408193 0.138947 0.237329 0.828516
0 0.590058 0.750287 0.0406254 0.220749 0.82549
0 0.177207 0.528591 0.0412444 0.209503 0.800839
0 0.627641 0.740575 0.0469845 0.241124 0.799835
0 0.472172 0.941295 0.0448149 0.11741 0.784343
0 0.28251 0.636869 0.0352679 0.224272 0.760156
0 0.847716 0.658489 0.0497292 0.216211 0.699784
0 0.253912 0.256673 0.0343434 0.17891 0.595401
0 0.224322 0.264485 0.0254887 0.156267 0.539654
0 0.794252 0.0649467 0.0310799 0.118785 0.526668
0 0.186767 0.260156 0.0276006 0.155079 0.444415
0 0.424475 0.203211 0.030147 0.155169 0.432799
3 0.701017 0.191998 0.10018 0.104145 0.411457
58 0.34497 0.307308 0.0468225 0.110574 0.362841
0 0.250815 0.110344 0.0297232 0.132516 0.348592
3 0.809139 0.608136 0.0690935 0.133012 0.325663
0 0.153182 0.26019 0.0271374 0.167565 0.302275
0 0.301656 0.192038 0.0350345 0.156472 0.28513
0 0.843557 0.123282 0.0247358 0.0866724 0.270898
0 0.402433 0.104262 0.0260304 0.132332 0.26198
0 0.461039 0.034757 0.0276781 0.0673187 0.259373
