0 0.915051 0.518648 0.0397461 0.192944 0.846243
0 0.499809 0.581757 0.0348936 0.196077 0.830854
2 0.691343 0.409283 0.13903 0.234834 0.824829
0 0.159861 0.669641 0.0429695 0.212728 0.822967
0 0.541693 0.567236 0.0371429 0.212341 0.786575
0 0.473601 0.93699 0.0440409 0.126019 0.756396
0 0.242356 0.351829 0.0315449 0.185374 0.725086
0 0.848289 0.658406 0.0488285 0.215308 0.723067
0 0.435424 0.209522 0.0372114 0.161865 0.597322
0 0.199714 0.358432 0.0348699 0.151468 0.576417
0 0.746025 0.0944576 0.0319087 0.14208 0.502665
0 0.573399 0.0533589 0.0307888 0.106718 0.461519
0 0.258846 0.208288 0.0346081 0.183463 0.458365
0 0.695539 0.0853512 0.0438141 0.166531 0.396315
0 0.176522 0.244138 0.0320867 0.170564 0.351626
0 0.13572 0.195196 0.0311189 0.158194 0.331093
0 0.827755 0.0653338 0.0262768 0.11939 0.328766
0 0.231779 0.208304 0.026436 0.153898 0.327501
0 0.779268 0.125777 0.0292702 0.137926 0.297015
1 0.701898 0.194217 0.0998665 0.108723 0.287295
1 0.723012 0.197126 0.057309 0.0917886 0.270997
3 0.807368 0.608916 0.0660577 0.125464 0.269569
0 0.376128 0.256618 0.038292 0.129018 0.267411
58 0.345095 0.306229 0.0474422 0.110018 0.253172
