2 0.691245 0.408486 0.13893 0.235452 0.884095
0 0.916454 0.520124 0.0379604 0.194346 0.820944
0 0.227157 0.917339 0.0578605 0.165321 0.805397
0 0.233072 0.409224 0.0437903 0.209175 0.803661
0 0.637056 0.946173 0.0460536 0.107653 0.770395
0 0.0722951 0.62214 0.0402801 0.224226 0.750346
0 0.023294 0.782318 0.0367062 0.203206 0.744863
0 0.534869 0.256689 0.029033 0.16615 0.739087
0 0.275359 0.2688 0.041398 0.176583 0.704366
0 0.767714 0.278135 0.0396673 0.178638 0.671171
0 0.733795 0.641518 0.0559256 0.229574 0.632886
0 0.427118 0.262463 0.0438993 0.159185 0.604773
0 0.478401 0.250423 0.0307814 0.159617 0.585024
3 0.836978 0.607459 0.129407 0.157333 0.526303
0 0.453603 0.240388 0.0290899 0.163809 0.516709
0 0.707921 0.246103 0.0384262 0.109826 0.476065
0 0.163426 0.194283 0.0288271 0.152089 0.475659
0 0.198347 0.173191 0.0328017 0.165721 0.47114
0 0.727166 0.633363 0.0421217 0.210414 0.421003
0 0.788175 0.0990647 0.0280219 0.0684123 0.384793
2 0.0652697 0.348624 0.0758531 0.167997 0.382918
0 0.260019 0.196666 0.0300487 0.177898 0.318875
58 0.811026 0.310763 0.0519545 0.138066 0.301546
0 0.672052 0.232761 0.0266426 0.12764 0.283838
