2 0.691258 0.408599 0.139199 0.233418 0.855006
0 0.542576 0.674838 0.039789 0.223545 0.833037
0 0.580171 0.647132 0.0397221 0.221447 0.832089
0 0.915514 0.518622 0.0375601 0.194374 0.830417
0 0.164763 0.595828 0.0378811 0.212839 0.793416
0 0.244233 0.308265 0.0330593 0.177451 0.758941
0 0.845836 0.658072 0.0517105 0.213668 0.711814
0 0.475034 0.936078 0.0291704 0.127843 0.652456
0 0.217767 0.304787 0.0261597 0.157388 0.56598
0 0.160839 0.25244 0.0273688 0.164159 0.545543
0 0.852613 0.0627099 0.0252361 0.124963 0.517875
0 0.192218 0.250612 0.0260238 0.15276 0.4905
0 0.784577 0.0973362 0.0303282 0.133616 0.404399
0 0.262522 0.163777 0.0324199 0.171942 0.402519
0 0.419214 0.205885 0.0260861 0.152408 0.400164
3 0.700859 0.192532 0.101552 0.107205 0.393009
0 0.233855 0.164742 0.0258803 0.150417 0.329384
0 0.694717 0.0856064 0.0427406 0.166726 0.326183
0 0.301673 0.192663 0.0305739 0.151594 0.32206
58 0.345439 0.310323 0.0470817 0.117689 0.317051
0 0.759651 0.12012 0.0296686 0.142416 0.306376
0 0.19996 0.163654 0.0259463 0.120258 0.263231
1 0.697343 0.196334 0.0881086 0.105787 0.253822
