2 0.691361 0.409808 0.13942 0.236378 0.829004
0 0.152082 0.922039 0.0455383 0.155922 0.762714
0 0.171673 0.893679 0.0502977 0.212642 0.70396
0 0.213587 0.30617 0.034129 0.174578 0.703172
0 0.399225 0.657747 0.0408834 0.227433 0.699235
0 0.91397 0.522591 0.0401274 0.196467 0.69606
0 0.885208 0.333806 0.0309437 0.169909 0.688411
0 0.968581 0.31433 0.0359234 0.158982 0.63594
0 0.788031 0.0673463 0.0317108 0.130723 0.635382
0 0.603285 0.878708 0.0415216 0.229053 0.559905
0 0.434682 0.180178 0.0372931 0.236375 0.559147
3 0.700764 0.194176 0.10237 0.105291 0.540932
0 0.874675 0.0635421 0.0278065 0.126655 0.526641
0 0.261038 0.155811 0.0288344 0.15986 0.523276
0 0.560144 0.871992 0.0468918 0.245022 0.522882
0 0.5384 0.930457 0.0476176 0.139087 0.49278
0 0.162537 0.18084 0.0298881 0.182492 0.484252
0 0.847832 0.658215 0.0513617 0.213181 0.470208
0 0.376147 0.261108 0.0391277 0.127218 0.401329
0 0.202503 0.165379 0.030213 0.148678 0.393068
0 0.695225 0.0868707 0.0430996 0.169601 0.378152
58 0.811263 0.311207 0.0541752 0.145118 0.375082
0 0.121713 0.345299 0.0350101 0.178703 0.367942
0 0.176361 0.895896 0.0351422 0.208208 0.34887
3 0.839841 0.599406 0.129497 0.154941 0.327063
58 0.345587 0.306572 0.0483303 0.110283 0.316667
0 0.0902701 0.343357 0.0330374 0.178996 0.316214
0 0.432934 0.210493 0.0348351 0.177309 0.309673
1 0.701726 0.197546 0.0998324 0.0992101 0.271801
0 0.467235 0.0475408 0.023375 0.0857399 0.252354
