2 0.691432 0.411905 0.13917 0.240478 0.822951
0 0.915437 0.519693 0.0424276 0.197984 0.820291
0 0.26152 0.607663 0.0397171 0.222168 0.802872
0 0.191855 0.387786 0.0363976 0.186914 0.755847
0 0.744865 0.939727 0.0467542 0.119739 0.728162
0 0.859666 0.25273 0.0318295 0.165384 0.711359
0 0.492943 0.930124 0.0347177 0.139751 0.693459
0 0.436016 0.213819 0.0281896 0.163721 0.653785
0 0.787498 0.0672891 0.0308791 0.132613 0.645502
0 0.609925 0.946521 0.0476363 0.106959 0.619355
0 0.255948 0.171981 0.0287286 0.165793 0.56131
0 0.202867 0.173996 0.0352756 0.175126 0.489502
0 0.843848 0.659845 0.056551 0.21105 0.487981
0 0.126621 0.306495 0.0286171 0.155956 0.473674
0 0.789426 0.934012 0.0460457 0.131976 0.470171
0 0.155259 0.303186 0.0269248 0.160562 0.408874
3 0.701094 0.194489 0.100684 0.103789 0.404139
0 0.64437 0.953094 0.0352623 0.0938124 0.377941
0 0.305907 0.187121 0.0301979 0.148991 0.35617
0 0.162143 0.192743 0.0314571 0.149853 0.340768
0 0.376651 0.26223 0.0408429 0.129506 0.332364
3 0.840385 0.598683 0.125966 0.150327 0.323303
58 0.809518 0.312148 0.0538659 0.141348 0.287003
58 0.346223 0.307473 0.0496363 0.106757 0.28415
1 0.703018 0.197021 0.0967831 0.0987845 0.27495
0 0.854458 0.659075 0.0348545 0.210793 0.258596
