2 0.691286 0.410072 0.139238 0.234658 0.816985
0 0.191415 0.945184 0.0522663 0.109631 0.802087
0 0.914301 0.518885 0.0414597 0.195638 0.800055
0 0.866844 0.279652 0.0393814 0.174218 0.785237
0 0.52934 0.93712 0.0326818 0.125761 0.735388
0 0.599827 0.921246 0.0451063 0.157507 0.712947
0 0.788697 0.0670738 0.0326757 0.130266 0.670747
0 0.319313 0.610944 0.0403159 0.220079 0.670572
0 0.202598 0.359674 0.03377 0.185774 0.619759
0 0.43541 0.213306 0.0288359 0.161585 0.533264
0 0.642334 0.926985 0.0411739 0.145958 0.519746
0 0.844164 0.659329 0.0581184 0.211955 0.516242
0 0.2036 0.173676 0.031372 0.169695 0.513201
0 0.149949 0.975709 0.0365145 0.0485813 0.508557
3 0.840645 0.596968 0.125247 0.151208 0.405676
3 0.700623 0.194394 0.10203 0.0998829 0.404649
0 0.162434 0.191853 0.0325927 0.155509 0.380274
0 0.108335 0.324813 0.0313851 0.16514 0.332403
58 0.809636 0.296213 0.0530157 0.110357 0.331937
0 0.243788 0.151284 0.0235969 0.153785 0.331488
0 0.856607 0.656626 0.0357412 0.213272 0.294588
0 0.140943 0.324734 0.037081 0.154342 0.288755
0 0.376438 0.260044 0.0389164 0.118116 0.264163
