0 0.693382 0.884536 0.0499649 0.230927 0.850902
0 0.466858 0.475125 0.0339388 0.195877 0.828285
2 0.691404 0.409881 0.138517 0.235513 0.827224
0 0.914696 0.518414 0.0387653 0.191495 0.807695
0 0.51271 0.466415 0.0379536 0.206607 0.806393
0 0.492008 0.941 0.0402542 0.118 0.777486
0 0.181739 0.775337 0.0436436 0.236521 0.765009
0 0.935964 0.739886 0.040379 0.232111 0.733016
0 0.853038 0.140006 0.0258377 0.145567 0.725661
0 0.847145 0.657744 0.0504524 0.211364 0.71179
0 0.599116 0.114223 0.0298048 0.147627 0.709024
0 0.229098 0.427654 0.0349648 0.191266 0.702355
0 0.190225 0.43394 0.0334559 0.163785 0.673271
0 0.912611 0.172017 0.0254757 0.161414 0.642046
0 0.255974 0.269375 0.0355664 0.187103 0.518138
0 0.434603 0.20878 0.0324409 0.160497 0.466045
0 0.182251 0.240457 0.0402133 0.175274 0.423443
0 0.782562 0.174689 0.0286264 0.1444 0.408781
0 0.694669 0.0874243 0.0436558 0.171847 0.399266
1 0.697292 0.195023 0.09135 0.111453 0.339663
0 0.751695 0.0619641 0.0258257 0.112413 0.320522
0 0.137446 0.192587 0.0266977 0.160104 0.314707
0 0.205901 0.272044 0.0312452 0.145695 0.279077
58 0.810952 0.293477 0.0520432 0.105576 0.266476
3 0.804905 0.604654 0.0627476 0.128971 0.251709
