2 0.691421 0.408599 0.139133 0.235812 0.836101
0 0.91606 0.518846 0.038068 0.194353 0.833752
0 0.54434 0.677832 0.0374015 0.223518 0.826641
0 0.58163 0.649228 0.0419922 0.218573 0.814309
0 0.166688 0.595138 0.039908 0.21523 0.801186
0 0.845855 0.658273 0.0517586 0.213004 0.748624
0 0.244808 0.304661 0.0316762 0.18209 0.742309
0 0.475652 0.937108 0.0287594 0.125783 0.688699
0 0.219206 0.304829 0.0276014 0.15948 0.557895
0 0.160871 0.252218 0.0271284 0.162303 0.54985
0 0.85209 0.0619744 0.0247093 0.122491 0.49144
0 0.418525 0.205681 0.0253387 0.151689 0.473015
0 0.785494 0.0943044 0.030937 0.13773 0.422084
0 0.263522 0.145772 0.0310232 0.135682 0.384574
0 0.233187 0.166398 0.0303997 0.158114 0.380933
0 0.192154 0.251367 0.0260527 0.154185 0.380383
3 0.701784 0.192861 0.0998683 0.104676 0.371215
0 0.760678 0.122515 0.0292321 0.14265 0.328488
58 0.345567 0.309438 0.0479269 0.115557 0.320118
0 0.695206 0.0825087 0.0420931 0.160601 0.302257
0 0.199929 0.169093 0.0260097 0.133092 0.267774
