2 0.69142 0.410704 0.138332 0.234791 0.827305
0 0.916655 0.519288 0.0395481 0.192895 0.80161
0 0.572285 0.491444 0.0346051 0.178842 0.768043
0 0.524583 0.92224 0.0396749 0.151288 0.746682
0 0.545623 0.127483 0.0288932 0.151763 0.740367
0 0.205353 0.597599 0.048762 0.230366 0.731196
0 0.931611 0.16186 0.0332001 0.145042 0.6926
0 0.460238 0.548425 0.0348862 0.207043 0.686407
0 0.844773 0.699247 0.0457195 0.226268 0.685511
0 0.299294 0.942842 0.0594743 0.114316 0.682683
0 0.24737 0.383596 0.0373061 0.193423 0.68208
0 0.258039 0.61029 0.033888 0.217659 0.6799
0 0.492711 0.557357 0.0415279 0.188819 0.678464
0 0.311319 0.642756 0.0503936 0.228764 0.662661
0 0.512547 0.118833 0.0294489 0.160451 0.563953
0 0.956061 0.519868 0.0315437 0.197154 0.537769
0 0.861139 0.0824485 0.0283592 0.151616 0.478628
0 0.963591 0.138957 0.0266949 0.132584 0.392706
0 0.428055 0.21689 0.0317698 0.156827 0.386283
1 0.703304 0.199879 0.0971101 0.0949683 0.346786
0 0.695086 0.0860948 0.0427395 0.166677 0.341326
0 0.245219 0.158977 0.0399015 0.175012 0.335732
3 0.701162 0.196114 0.101396 0.101667 0.324082
3 0.838252 0.595681 0.125726 0.16789 0.300027
58 0.809428 0.286439 0.0529806 0.089852 0.294993
0 0.201346 0.180848 0.0348392 0.165888 0.281995
0 0.496744 0.0720429 0.0293259 0.144086 0.267874
