2 0.691563 0.408065 0.138501 0.237134 0.890678
0 0.230331 0.428974 0.0437188 0.211454 0.851329
0 0.229227 0.937683 0.0545513 0.124634 0.838569
0 0.91626 0.519706 0.0376137 0.194636 0.828215
0 0.0724433 0.622486 0.0411495 0.224837 0.806107
0 0.0207975 0.818747 0.0394029 0.210245 0.755828
0 0.783149 0.286367 0.0334768 0.17818 0.698806
0 0.646431 0.951805 0.0434492 0.0962839 0.688486
0 0.276394 0.255647 0.0378384 0.173492 0.675485
0 0.540914 0.244775 0.0330682 0.166804 0.653576
0 0.735713 0.642278 0.06014 0.230276 0.638554
0 0.427749 0.217784 0.0320356 0.164946 0.614517
0 0.463952 0.244251 0.050512 0.199153 0.542925
0 0.728821 0.634845 0.0443804 0.216851 0.491744
0 0.199574 0.173384 0.0347883 0.168399 0.481401
3 0.836471 0.608377 0.128493 0.155699 0.462891
0 0.162096 0.185123 0.0272507 0.166619 0.428898
0 0.48432 0.239499 0.0254766 0.159699 0.410311
0 0.986587 0.339881 0.0260359 0.199185 0.40507
0 0.724158 0.268258 0.0351576 0.139205 0.390051
0 0.788382 0.0982146 0.0285795 0.0658301 0.385728
58 0.345381 0.309434 0.0479351 0.115758 0.268063
0 0.811935 0.310317 0.0474087 0.137965 0.253135
