2 0.691364 0.409544 0.13888 0.236201 0.898843
0 0.230197 0.828388 0.050736 0.245031 0.875111
0 0.916086 0.51962 0.038105 0.194349 0.840841
0 0.24053 0.35472 0.0420919 0.19988 0.82196
0 0.0717673 0.621916 0.0391867 0.226661 0.794579
0 0.587375 0.929277 0.0434612 0.141445 0.769169
0 0.290998 0.323138 0.0337886 0.187853 0.72048
0 0.734392 0.646743 0.0530191 0.224852 0.701746
0 0.490073 0.281266 0.0298286 0.173786 0.613666
0 0.264261 0.233555 0.0315288 0.157471 0.587887
0 0.422521 0.293935 0.0312741 0.175486 0.546581
0 0.586611 0.207296 0.0304308 0.157665 0.542261
0 0.163927 0.191853 0.0290863 0.152684 0.541863
0 0.19897 0.173658 0.0333694 0.164615 0.538004
3 0.837222 0.608779 0.127443 0.15651 0.51805
0 0.448638 0.300898 0.0327801 0.157336 0.508619
0 0.717772 0.243568 0.0449556 0.16273 0.468144
0 0.340899 0.770626 0.025417 0.143596 0.464808
0 0.30942 0.307734 0.0266551 0.174358 0.449847
0 0.642815 0.230879 0.0332384 0.140219 0.427771
0 0.788129 0.0986518 0.0282757 0.067702 0.3217
0 0.123776 0.186562 0.0268726 0.137862 0.301734
58 0.809283 0.287239 0.0536839 0.091665 0.257349
