0 0.914869 0.518828 0.0398533 0.194632 0.848708
2 0.691226 0.409075 0.13889 0.235929 0.843452
0 0.158354 0.660681 0.0436721 0.220013 0.817422
0 0.503107 0.600587 0.0337708 0.214809 0.789277
0 0.472367 0.93722 0.0445425 0.125559 0.784736
0 0.547504 0.57681 0.0372217 0.207836 0.761485
0 0.847004 0.658388 0.0506741 0.213493 0.75533
0 0.435173 0.207698 0.0372219 0.16269 0.678195
0 0.243309 0.344364 0.0305966 0.180988 0.67761
0 0.747809 0.097401 0.0323317 0.145026 0.669872
0 0.202663 0.35164 0.0316193 0.164692 0.587236
0 0.572101 0.0515951 0.0293232 0.10319 0.56887
0 0.87584 0.0928309 0.0262619 0.14438 0.508953
0 0.695293 0.086003 0.0440868 0.167736 0.474187
0 0.175684 0.245203 0.0297643 0.167755 0.338592
0 0.826841 0.0649094 0.0263348 0.124 0.323633
1 0.702533 0.19745 0.0978682 0.10188 0.320693
0 0.26162 0.20038 0.034008 0.175047 0.319911
0 0.13496 0.194833 0.0295851 0.158389 0.31002
0 0.230415 0.204736 0.028565 0.148911 0.30935
3 0.701565 0.194056 0.100399 0.109046 0.30132
0 0.376522 0.25537 0.0392161 0.126386 0.283791
3 0.809279 0.609835 0.0692421 0.134743 0.277702
0 0.304741 0.189806 0.0290209 0.155959 0.276929
0 0.779773 0.121792 0.0303573 0.137319 0.274378
58 0.344965 0.306752 0.0467429 0.109496 0.257567
