2 0.691355 0.41111 0.138799 0.235389 0.864467
0 0.915923 0.522 0.0383995 0.1939 0.838788
0 0.505103 0.922074 0.0335396 0.155851 0.770694
0 0.19073 0.895024 0.053826 0.209953 0.746862
0 0.254865 0.501608 0.0340421 0.205512 0.736351
0 0.501942 0.134469 0.0302839 0.163612 0.728301
0 0.794477 0.658139 0.0513522 0.225043 0.703735
0 0.53863 0.159611 0.0297221 0.160896 0.693345
0 0.22114 0.487769 0.0356486 0.203138 0.69142
0 0.452217 0.474319 0.0403261 0.198467 0.682964
0 0.294883 0.511277 0.0335512 0.191003 0.660717
0 0.572111 0.154299 0.0295761 0.148674 0.643326
0 0.893051 0.109066 0.0290945 0.136725 0.619964
0 0.481772 0.478593 0.0356315 0.183248 0.613553
0 0.138053 0.451333 0.0298476 0.176205 0.607164
0 0.160445 0.65253 0.0441214 0.227578 0.590135
0 0.769431 0.0792173 0.0286053 0.128842 0.506664
0 0.166432 0.649405 0.0314903 0.222927 0.403211
3 0.701921 0.197634 0.0987712 0.101097 0.366765
0 0.256792 0.210806 0.0345244 0.177452 0.359816
1 0.859018 0.626027 0.083547 0.118441 0.350773
0 0.229116 0.104813 0.0299904 0.145958 0.330289
0 0.430018 0.220147 0.0310848 0.158311 0.308585
0 0.160326 0.197585 0.0288954 0.154024 0.300495
0 0.207673 0.836743 0.0468235 0.237273 0.294119
0 0.20664 0.793565 0.0477291 0.143448 0.280109
