2 0.691387 0.410717 0.138734 0.234632 0.857142
0 0.60253 0.616202 0.0418322 0.225966 0.847659
0 0.914937 0.520696 0.0396763 0.193817 0.837804
0 0.502994 0.301384 0.0309538 0.175108 0.774471
0 0.461439 0.308446 0.0327374 0.173763 0.75488
0 0.912501 0.277178 0.0289791 0.146936 0.749327
0 0.239745 0.954005 0.0540264 0.0919905 0.729521
0 0.213989 0.591776 0.0394106 0.217841 0.700335
0 0.16748 0.60243 0.0415779 0.199289 0.677439
0 0.474669 0.932784 0.0294724 0.134432 0.657348
0 0.699206 0.242088 0.0308247 0.115619 0.609254
0 0.845874 0.655719 0.0489317 0.212234 0.608816
0 0.985022 0.329712 0.0289417 0.190351 0.59497
0 0.266804 0.393184 0.0343765 0.172685 0.592266
0 0.320454 0.611796 0.0340886 0.227608 0.573822
0 0.16554 0.400552 0.0344622 0.175781 0.564327
0 0.880087 0.709888 0.0484444 0.242802 0.561534
0 0.20094 0.393132 0.0427506 0.169504 0.494876
3 0.804119 0.605326 0.059314 0.13326 0.266035
0 0.434719 0.209505 0.0284114 0.162563 0.261478
