0 0.915361 0.519059 0.0386471 0.194178 0.836147
2 0.691236 0.408278 0.138946 0.236368 0.832708
0 0.173207 0.541378 0.0392495 0.212148 0.819656
0 0.297414 0.643414 0.0497478 0.22458 0.812205
0 0.617934 0.713564 0.0449541 0.226992 0.784229
0 0.476253 0.942793 0.0457621 0.114413 0.776728
0 0.57853 0.740794 0.0406423 0.232789 0.758356
0 0.848182 0.657862 0.0489178 0.218111 0.707565
0 0.222773 0.273172 0.0263809 0.148099 0.634765
0 0.252354 0.26605 0.0347864 0.192843 0.607559
0 0.184314 0.256 0.0290476 0.155828 0.448096
0 0.15822 0.259134 0.0268779 0.163716 0.383926
0 0.424981 0.203747 0.0303901 0.156518 0.382216
58 0.344922 0.307013 0.0466845 0.108553 0.360524
0 0.790854 0.0694648 0.0302654 0.123198 0.336458
3 0.69985 0.18917 0.100534 0.116708 0.328577
1 0.697693 0.192646 0.0926363 0.111992 0.325058
0 0.694262 0.0876686 0.0424173 0.169477 0.321032
0 0.299805 0.192442 0.0315884 0.149965 0.280937
0 0.770835 0.14799 0.0306041 0.140963 0.276525
3 0.808965 0.609251 0.0680009 0.13347 0.260377
