2 0.691498 0.408951 0.138496 0.236461 0.881307
0 0.23119 0.898126 0.055145 0.203749 0.866755
0 0.238679 0.389621 0.0423335 0.206266 0.859409
0 0.916118 0.519848 0.0384684 0.193384 0.847131
0 0.0304463 0.757108 0.038703 0.209934 0.84084
0 0.281852 0.284441 0.0427027 0.183626 0.763415
0 0.0715135 0.621973 0.0400529 0.229386 0.761075
0 0.630532 0.943887 0.0415762 0.112225 0.745746
0 0.73378 0.64456 0.0539074 0.22737 0.693275
0 0.524543 0.262743 0.0330175 0.168512 0.667952
0 0.752007 0.269938 0.0292946 0.169575 0.582981
0 0.398634 0.257717 0.0354236 0.158081 0.569641
0 0.468617 0.262593 0.0305511 0.159804 0.527913
3 0.836975 0.607529 0.128525 0.156873 0.495955
0 0.777778 0.26202 0.0283955 0.160499 0.483575
0 0.427443 0.218361 0.0279131 0.155835 0.462284
0 0.166881 0.192199 0.0292589 0.155094 0.417944
0 0.44843 0.250866 0.0278705 0.170217 0.412715
0 0.788015 0.0997314 0.0279337 0.0684153 0.412711
0 0.12234 0.192625 0.0285757 0.14097 0.399317
0 0.64985 0.217996 0.0332308 0.159657 0.375373
0 0.688335 0.242211 0.0432118 0.110746 0.31517
0 0.198853 0.173564 0.0336085 0.1684 0.311858
58 0.344653 0.31101 0.0457431 0.113999 0.258549
