0 0.648419 0.774672 0.0465664 0.251338 0.865234
0 0.196811 0.873979 0.0518751 0.241634 0.86472
2 0.691332 0.408159 0.138635 0.233689 0.820242
0 0.914433 0.518281 0.0378731 0.193105 0.793693
0 0.457152 0.402075 0.0318413 0.191953 0.788406
0 0.929445 0.737024 0.0494539 0.233745 0.753816
0 0.849115 0.656994 0.0506676 0.212401 0.750747
0 0.181516 0.488582 0.0378664 0.181356 0.745721
0 0.222625 0.495489 0.0392047 0.209914 0.744563
0 0.498628 0.931654 0.0365437 0.136692 0.730962
0 0.498731 0.392365 0.0334567 0.190589 0.72979
0 0.625363 0.171386 0.0324118 0.151887 0.718777
0 0.941651 0.229403 0.0278727 0.149886 0.685213
0 0.274344 0.313589 0.0320509 0.172955 0.675305
0 0.876371 0.192849 0.0290607 0.144987 0.658466
0 0.231704 0.320219 0.0341885 0.175129 0.558366
0 0.433945 0.208837 0.0299084 0.162088 0.451887
0 0.781894 0.218663 0.0309159 0.141268 0.439037
1 0.703093 0.198198 0.0962763 0.0987976 0.299795
0 0.184429 0.328561 0.0321863 0.159924 0.298987
58 0.345578 0.304954 0.0490888 0.1073 0.285828
0 0.254876 0.145163 0.0352629 0.154483 0.281529
3 0.70182 0.196066 0.0993675 0.101121 0.268362
3 0.803694 0.608027 0.0596466 0.121482 0.257672
