0 0.149238 0.945479 0.0454887 0.109041 0.862331
0 0.182431 0.91424 0.0473368 0.17152 0.821035
2 0.691565 0.409929 0.139382 0.237336 0.819792
0 0.209696 0.326396 0.0335547 0.176167 0.758303
0 0.916473 0.519361 0.0363117 0.193507 0.756243
0 0.879055 0.316595 0.0410818 0.184079 0.737157
0 0.537909 0.93188 0.0332445 0.13624 0.713281
0 0.575549 0.893424 0.0394199 0.211514 0.709347
0 0.787148 0.0672857 0.0301972 0.131604 0.678185
0 0.621571 0.897147 0.0503172 0.203364 0.621111
0 0.163461 0.189231 0.0296082 0.162795 0.558411
0 0.200471 0.166139 0.0313924 0.162415 0.554492
0 0.982984 0.325424 0.0331837 0.17858 0.506284
3 0.70073 0.19486 0.102208 0.104669 0.47669
0 0.843631 0.658081 0.0586609 0.209958 0.465517
0 0.234558 0.13813 0.0237161 0.149977 0.410877
0 0.437314 0.214691 0.0292831 0.15611 0.394208
0 0.101062 0.335687 0.0285409 0.171855 0.387392
0 0.695258 0.0855715 0.0417702 0.168053 0.364316
58 0.345114 0.306653 0.0477624 0.109297 0.343724
0 0.868146 0.0583096 0.0256048 0.104201 0.340903
0 0.256328 0.178003 0.0260141 0.142313 0.335243
0 0.260719 0.151255 0.0308165 0.195215 0.324249
58 0.809643 0.312109 0.0535286 0.142739 0.284924
0 0.438446 0.168085 0.0318619 0.232446 0.284
3 0.840568 0.597079 0.125566 0.153137 0.272668
0 0.265656 0.137129 0.0245221 0.164379 0.272121
0 0.306237 0.183351 0.0298402 0.153871 0.255825
