0 0.9149 0.518948 0.0393421 0.194353 0.842688
2 0.691267 0.409395 0.138747 0.236277 0.837779
0 0.157986 0.654725 0.0420502 0.219864 0.817374
0 0.505452 0.604339 0.034844 0.211272 0.81122
0 0.552384 0.583675 0.040757 0.211619 0.77933
0 0.471989 0.936905 0.0424398 0.12619 0.762278
0 0.846219 0.658718 0.0518152 0.213346 0.726313
0 0.204336 0.346782 0.0333425 0.163607 0.667884
0 0.24291 0.344495 0.0308872 0.178628 0.666174
0 0.434323 0.208538 0.0382299 0.165446 0.660612
0 0.571396 0.0486933 0.0277305 0.0973866 0.542556
0 0.747252 0.0975022 0.0325939 0.139332 0.505027
0 0.875174 0.0816677 0.0252665 0.150165 0.502426
0 0.695233 0.0849843 0.0434052 0.166142 0.401497
0 0.780146 0.121214 0.0309246 0.13764 0.345515
0 0.261739 0.198354 0.0307045 0.182438 0.343646
3 0.701977 0.193346 0.0997559 0.108488 0.328606
0 0.194087 0.242219 0.0247949 0.157062 0.303947
0 0.175766 0.247025 0.0276033 0.164444 0.301362
58 0.344784 0.306623 0.046689 0.108641 0.296029
1 0.723489 0.197822 0.0567467 0.0891955 0.294132
0 0.230003 0.201589 0.0260017 0.150266 0.290049
0 0.376504 0.253377 0.0391363 0.12208 0.270798
1 0.703995 0.198152 0.0949501 0.0982427 0.267535
58 0.809421 0.28297 0.0536633 0.0857701 0.26697
3 0.809748 0.609437 0.070537 0.135537 0.259225
