2 0.691139 0.41089 0.139169 0.233809 0.866932
0 0.915614 0.521939 0.0381767 0.194638 0.820441
0 0.303141 0.489166 0.0344666 0.189482 0.780297
0 0.512826 0.926286 0.0453733 0.143488 0.765041
0 0.22376 0.526552 0.0410967 0.215394 0.729116
0 0.774252 0.651714 0.0458006 0.227429 0.711521
0 0.549287 0.173274 0.0327342 0.163548 0.685834
0 0.505592 0.153928 0.0325216 0.164267 0.669545
0 0.16972 0.866494 0.0428945 0.248199 0.657354
0 0.587081 0.162138 0.030829 0.153121 0.656254
0 0.877018 0.0939198 0.0289871 0.142856 0.64848
0 0.13493 0.46641 0.0314479 0.163904 0.643763
0 0.444688 0.451124 0.0369827 0.192418 0.623653
0 0.259508 0.478004 0.031465 0.202844 0.587971
0 0.133575 0.651741 0.0343297 0.225683 0.528911
0 0.18644 0.747442 0.0578345 0.129868 0.514727
0 0.257644 0.222595 0.0356487 0.186773 0.511087
0 0.478968 0.455631 0.0365827 0.178722 0.441415
0 0.775325 0.0983608 0.0306915 0.134094 0.4099
0 0.194959 0.179847 0.0284471 0.166162 0.381061
0 0.412132 0.398051 0.0287421 0.15431 0.375131
3 0.701568 0.19849 0.0992327 0.100644 0.371191
3 0.847712 0.620151 0.10666 0.135304 0.362745
0 0.165379 0.187913 0.0279666 0.169874 0.301683
0 0.428644 0.217417 0.0310635 0.1547 0.2932
1 0.665429 0.204237 0.0334057 0.0954503 0.258572
