2 0.691567 0.410336 0.138467 0.236431 0.835877
0 0.916624 0.519449 0.0394115 0.192884 0.804707
0 0.523279 0.923499 0.0381412 0.149101 0.752427
0 0.568011 0.489864 0.0347615 0.180998 0.740294
0 0.207477 0.589776 0.0478659 0.223477 0.73611
0 0.546351 0.125451 0.0299322 0.145703 0.721357
0 0.260089 0.609308 0.0339133 0.217823 0.707629
0 0.844768 0.697731 0.0451424 0.230264 0.700455
0 0.306708 0.639567 0.0417246 0.224314 0.677399
0 0.247155 0.384141 0.0359252 0.191777 0.668792
0 0.29601 0.938079 0.0584097 0.123841 0.651773
0 0.929652 0.159874 0.0293709 0.147882 0.629127
0 0.460554 0.546448 0.0347324 0.207874 0.61828
0 0.494172 0.550611 0.0390387 0.187194 0.611003
0 0.51344 0.119323 0.0300611 0.159656 0.588524
0 0.860548 0.0804342 0.027166 0.144334 0.550247
0 0.957108 0.521553 0.0313303 0.201219 0.491282
0 0.246266 0.162159 0.0370926 0.168866 0.449266
0 0.96565 0.143576 0.0314167 0.142114 0.423956
0 0.428651 0.216785 0.0299098 0.156021 0.396629
1 0.703145 0.199441 0.0972753 0.0966337 0.361215
0 0.264829 0.978542 0.0354966 0.0429165 0.348428
3 0.700844 0.195561 0.10193 0.10369 0.341696
0 0.695046 0.08704 0.0430059 0.168663 0.330823
0 0.497661 0.0740483 0.0303413 0.148097 0.322092
0 0.449088 0.0496306 0.0262094 0.0985733 0.30313
58 0.810419 0.291838 0.0535765 0.101146 0.278149
0 0.278513 0.162372 0.0256642 0.153331 0.274427
3 0.857186 0.591261 0.0880312 0.167427 0.257683
3 0.836609 0.604918 0.123777 0.155377 0.253044
