0 0.239785 0.381497 0.0425499 0.207085 0.885513
2 0.691366 0.41025 0.138591 0.235471 0.873869
0 0.227949 0.880177 0.0538002 0.239645 0.863109
0 0.9162 0.519662 0.0376949 0.194227 0.838508
0 0.0344713 0.733607 0.0336916 0.202443 0.803742
0 0.0719662 0.622238 0.0397289 0.228627 0.787013
0 0.285486 0.297267 0.0435086 0.186894 0.754436
0 0.733471 0.645723 0.0529303 0.225638 0.712788
0 0.618377 0.935187 0.0359753 0.129063 0.709168
0 0.511801 0.268121 0.0311949 0.159844 0.701054
0 0.627291 0.222395 0.0360514 0.151307 0.636621
0 0.461661 0.280675 0.0284258 0.146376 0.537843
0 0.264475 0.213925 0.0288044 0.159382 0.51185
3 0.837063 0.61045 0.127859 0.15198 0.492408
0 0.199051 0.172459 0.0337165 0.171306 0.480208
0 0.788202 0.100047 0.028384 0.0683762 0.448782
0 0.436128 0.266771 0.0271514 0.163981 0.398287
0 0.375726 0.253272 0.0348696 0.162209 0.372483
0 0.167649 0.189226 0.030014 0.162239 0.365343
0 0.760619 0.254818 0.0300222 0.152061 0.332933
0 0.426703 0.233628 0.0336079 0.191695 0.275356
0 0.122143 0.193905 0.0272416 0.134718 0.270278
58 0.809487 0.29278 0.0529972 0.101178 0.26048
