2 0.691252 0.409329 0.138877 0.235361 0.824824
0 0.184987 0.402907 0.0349553 0.190137 0.7882
0 0.916427 0.518371 0.0413975 0.197305 0.782311
0 0.860469 0.238217 0.0400459 0.16491 0.712489
0 0.249534 0.601435 0.0338897 0.220076 0.705533
0 0.47415 0.930448 0.0345636 0.139103 0.699751
0 0.725654 0.925732 0.0459923 0.144581 0.681079
0 0.435869 0.212353 0.0282259 0.161243 0.659992
0 0.787459 0.0655278 0.0339252 0.131056 0.637886
0 0.599618 0.960011 0.042808 0.0791892 0.632581
0 0.769551 0.917337 0.0505798 0.164546 0.577462
0 0.260511 0.183473 0.0294136 0.16063 0.568121
0 0.844178 0.65878 0.055411 0.213402 0.551365
0 0.643685 0.965271 0.0422796 0.0694585 0.516829
3 0.701049 0.19212 0.100522 0.105884 0.507259
0 0.201943 0.17593 0.0317315 0.163678 0.493128
36 0.254886 0.701484 0.0298265 0.0286804 0.408304
0 0.23444 0.184789 0.0215993 0.141115 0.381984
0 0.163093 0.199197 0.0307983 0.159736 0.380562
0 0.376276 0.262959 0.0388739 0.134796 0.325618
58 0.810562 0.311292 0.0537916 0.140767 0.323638
58 0.345905 0.308108 0.0491578 0.111463 0.308112
0 0.852923 0.656554 0.038903 0.214726 0.299557
0 0.128891 0.299494 0.0243202 0.15991 0.28664
0 0.40224 0.119653 0.0261137 0.154636 0.284467
