0 0.915794 0.520923 0.0383432 0.19596 0.856688
2 0.691198 0.410142 0.138904 0.233675 0.854349
0 0.283216 0.397459 0.0381797 0.194103 0.81047
0 0.229531 0.651388 0.0423524 0.22215 0.782824
0 0.0795798 0.731362 0.0566244 0.227267 0.752482
0 0.514057 0.920963 0.0321785 0.154197 0.735448
0 0.607235 0.21185 0.0297547 0.16903 0.731114
0 0.485599 0.219432 0.0340939 0.168208 0.727338
0 0.242656 0.283611 0.0385784 0.193029 0.724358
0 0.328598 0.384468 0.0321764 0.160888 0.685216
0 0.73447 0.645093 0.0541189 0.232389 0.673904
0 0.129616 0.575798 0.0344827 0.185782 0.653976
0 0.028036 0.674227 0.0446381 0.208179 0.614258
0 0.410983 0.3757 0.035069 0.181478 0.592513
3 0.836682 0.612294 0.128388 0.151789 0.568108
0 0.0694807 0.581165 0.0346267 0.152678 0.529617
0 0.440903 0.38388 0.0357481 0.176224 0.51793
0 0.63829 0.203173 0.0285369 0.152034 0.496381
0 0.428952 0.223203 0.0341066 0.166371 0.449044
0 0.790915 0.101183 0.0283564 0.0706248 0.376933
0 0.163628 0.194404 0.0262959 0.150799 0.374984
0 0.541171 0.189737 0.029027 0.130258 0.316315
0 0.45877 0.176779 0.0287588 0.14644 0.312347
0 0.284153 0.193718 0.0273963 0.151091 0.297968
