2 0.691479 0.40912 0.138552 0.23458 0.838926
0 0.916604 0.519085 0.0401005 0.19299 0.816716
0 0.254547 0.61625 0.0367699 0.210311 0.790014
0 0.199999 0.604744 0.0509764 0.224389 0.759911
0 0.581578 0.505171 0.0355743 0.184211 0.733539
0 0.30393 0.949636 0.0539576 0.100728 0.726709
0 0.528373 0.922207 0.042852 0.153264 0.72206
0 0.460409 0.557092 0.0350304 0.204464 0.681369
0 0.492404 0.563473 0.0401617 0.18749 0.665477
0 0.25165 0.378437 0.0356036 0.193882 0.659555
0 0.935157 0.167739 0.0306099 0.141273 0.632576
0 0.850457 0.704471 0.036351 0.216451 0.601138
0 0.543196 0.124927 0.0272844 0.153622 0.596462
0 0.51237 0.118677 0.029813 0.16126 0.575161
0 0.865672 0.0850526 0.0306192 0.158139 0.573988
0 0.952965 0.519004 0.0320625 0.204882 0.561554
0 0.324123 0.640227 0.0550721 0.227292 0.543622
3 0.838133 0.600221 0.127742 0.163041 0.458746
0 0.426948 0.217445 0.0340378 0.157801 0.376934
3 0.701424 0.194861 0.0996485 0.100709 0.373585
0 0.200312 0.173898 0.0354614 0.178667 0.370929
58 0.809636 0.285656 0.0534012 0.0880362 0.268034
0 0.277307 0.156839 0.0257529 0.159003 0.264348
0 0.695387 0.0865056 0.0413886 0.167242 0.264047
1 0.703038 0.197851 0.0977098 0.0985717 0.259817
0 0.250205 0.159312 0.0302723 0.169116 0.250081
