0 0.131276 0.812294 0.0484188 0.242413 0.853982
2 0.691596 0.411463 0.139643 0.239336 0.837204
0 0.261804 0.226275 0.0333342 0.161884 0.750775
0 0.448089 0.677382 0.0373302 0.225805 0.745145
0 0.171911 0.838034 0.0451257 0.236053 0.744003
0 0.919997 0.256086 0.0355301 0.159459 0.731703
0 0.507177 0.751982 0.0425441 0.235467 0.69654
0 0.883932 0.653231 0.0364698 0.197759 0.688429
0 0.917868 0.522928 0.0349262 0.190259 0.684145
0 0.557313 0.933135 0.0407717 0.13373 0.626851
0 0.975039 0.261193 0.0439419 0.181456 0.585773
0 0.226169 0.240106 0.0304946 0.162503 0.572026
0 0.552533 0.756014 0.0386938 0.214603 0.570695
0 0.826807 0.66954 0.0496273 0.202281 0.562581
0 0.203372 0.176707 0.0316545 0.167095 0.560574
0 0.535286 0.0592979 0.0289537 0.113633 0.551002
0 0.858837 0.3734 0.0292786 0.166169 0.54162
0 0.891644 0.100864 0.0329885 0.156291 0.538099
0 0.793468 0.0599185 0.0281596 0.119837 0.499798
0 0.926795 0.394081 0.0337994 0.1677 0.486955
3 0.701011 0.194845 0.101553 0.101928 0.486357
0 0.85749 0.102327 0.0280092 0.163097 0.461427
0 0.162639 0.190222 0.027122 0.156314 0.458731
0 0.500184 0.0585107 0.0268969 0.114064 0.455663
0 0.430159 0.210641 0.0301598 0.170916 0.448166
0 0.696335 0.0858102 0.0429059 0.167972 0.377135
0 0.250064 0.085621 0.0301192 0.15394 0.356993
0 0.472535 0.0596435 0.0287724 0.112851 0.337457
0 0.133339 0.183177 0.0295484 0.172545 0.324476
0 0.423837 0.214658 0.0424463 0.170949 0.305264
