2 0.69146 0.40956 0.139106 0.236063 0.832952
0 0.150283 0.925138 0.0419073 0.149725 0.782642
0 0.883479 0.335981 0.0313927 0.183486 0.752795
0 0.176223 0.894929 0.0501762 0.210143 0.739004
0 0.213592 0.306398 0.033688 0.172277 0.698906
0 0.913675 0.522557 0.0407787 0.197033 0.685557
0 0.562883 0.875189 0.0448143 0.239839 0.682327
0 0.397478 0.657348 0.0420199 0.226608 0.673779
0 0.435661 0.179539 0.0375266 0.236025 0.62708
0 0.539074 0.930088 0.0456577 0.139824 0.6211
0 0.787423 0.0673302 0.0307247 0.130474 0.613979
0 0.9701 0.318547 0.039006 0.166651 0.607802
0 0.60491 0.880841 0.0446367 0.227607 0.559646
0 0.874047 0.0620676 0.0269966 0.124135 0.531737
3 0.701029 0.194882 0.101187 0.10419 0.505189
0 0.162984 0.180485 0.0311896 0.183862 0.491124
0 0.260862 0.154193 0.0264926 0.160992 0.470363
0 0.84691 0.657945 0.0534733 0.215875 0.448567
0 0.20222 0.164139 0.0306201 0.149438 0.410642
58 0.811155 0.311665 0.0536909 0.14535 0.381772
3 0.839781 0.599548 0.129405 0.156992 0.368943
0 0.695057 0.0873651 0.0428567 0.171154 0.362265
0 0.375817 0.260979 0.0385617 0.124684 0.315933
58 0.345528 0.305552 0.0483958 0.108853 0.300301
0 0.0898447 0.338476 0.03303 0.183214 0.299035
0 0.244256 0.188107 0.0229326 0.144274 0.276581
1 0.702098 0.197421 0.099268 0.0997406 0.258237
