2 0.69123 0.41055 0.139334 0.234618 0.879307
0 0.91595 0.521667 0.0382507 0.195358 0.832176
0 0.238401 0.709891 0.0502662 0.238859 0.791713
0 0.237202 0.302421 0.0377859 0.194372 0.78178
0 0.530197 0.925516 0.0338566 0.148352 0.776846
0 0.0368916 0.685508 0.0554237 0.220867 0.770972
0 0.0701165 0.621651 0.0389223 0.226538 0.749264
0 0.138144 0.616966 0.0349998 0.193379 0.716875
0 0.733772 0.644575 0.0518761 0.227511 0.70918
0 0.472525 0.249804 0.0390795 0.174742 0.702882
0 0.633319 0.222298 0.0328318 0.170344 0.672552
0 0.289233 0.372962 0.03164 0.195089 0.654992
0 0.409608 0.346164 0.0307557 0.175808 0.59793
0 0.198406 0.177925 0.0313129 0.161092 0.590346
3 0.836665 0.610717 0.127353 0.153995 0.578744
0 0.576208 0.207073 0.0293137 0.146223 0.577608
0 0.427849 0.214135 0.0314808 0.152267 0.499387
0 0.659925 0.217956 0.0291241 0.152239 0.497775
0 0.433229 0.358476 0.0294369 0.163684 0.455286
0 0.16469 0.193121 0.0278279 0.154907 0.448437
3 0.711519 0.193892 0.0809739 0.0926595 0.443559
0 0.33014 0.35925 0.0286596 0.181599 0.437599
0 0.494178 0.186428 0.0295744 0.152655 0.289291
26 0.218799 0.700757 0.0145918 0.0352039 0.251587
