0 0.500323 0.416726 0.0384609 0.198445 0.842693
0 0.662589 0.803731 0.0509404 0.238296 0.834203
2 0.691299 0.408616 0.139022 0.233701 0.8267
0 0.190631 0.846202 0.0451423 0.243327 0.825892
0 0.460055 0.423366 0.0347181 0.188463 0.808152
0 0.914373 0.518529 0.0383774 0.192412 0.807628
0 0.848233 0.656814 0.0486387 0.212917 0.747751
0 0.929425 0.735188 0.0490309 0.22893 0.747715
0 0.8708 0.176242 0.0274828 0.14736 0.747063
0 0.185309 0.47308 0.0343168 0.179917 0.729731
0 0.501155 0.9305 0.0382494 0.138999 0.704177
0 0.223022 0.477046 0.0387725 0.198032 0.680399
0 0.614884 0.15213 0.0291445 0.154029 0.671868
0 0.236331 0.310172 0.0320553 0.175336 0.670831
0 0.931804 0.213199 0.0290331 0.157123 0.650466
0 0.267861 0.296522 0.0324089 0.160217 0.550948
0 0.432555 0.207631 0.0327814 0.16255 0.509367
0 0.188762 0.310623 0.0270097 0.145593 0.359538
0 0.162491 0.19342 0.0296016 0.154776 0.341701
1 0.701879 0.197909 0.0984 0.0982349 0.309098
0 0.781161 0.206783 0.0275805 0.131421 0.301186
3 0.701469 0.19609 0.0997999 0.0979959 0.276449
0 0.694668 0.0872927 0.0435515 0.170945 0.250382
