0 0.150819 0.928046 0.042692 0.143908 0.843495
2 0.691546 0.409879 0.139043 0.236848 0.811338
0 0.880775 0.325385 0.0341862 0.175087 0.769293
0 0.178118 0.898987 0.0522215 0.199361 0.763499
0 0.565839 0.87681 0.042556 0.235121 0.736145
0 0.394386 0.658864 0.0445808 0.227435 0.699672
0 0.973446 0.317958 0.0359127 0.164473 0.688386
0 0.914071 0.522484 0.0399242 0.195923 0.680897
0 0.214281 0.308042 0.0321098 0.173994 0.667868
0 0.787083 0.0671924 0.0302395 0.130169 0.624582
0 0.540199 0.929659 0.0400127 0.140682 0.614806
0 0.435845 0.178996 0.0389822 0.235528 0.606343
3 0.701042 0.194242 0.100913 0.10441 0.541318
0 0.606535 0.881452 0.0423011 0.222161 0.533991
0 0.846411 0.658244 0.0543385 0.215365 0.506028
0 0.163097 0.17996 0.0307358 0.184232 0.469414
0 0.872843 0.0609039 0.0259583 0.121808 0.444441
0 0.26063 0.152685 0.0266274 0.162972 0.408484
0 0.20246 0.163772 0.030198 0.153073 0.386562
0 0.694957 0.0866842 0.0425008 0.170212 0.384446
58 0.809926 0.311182 0.0540016 0.143162 0.345719
0 0.376397 0.261031 0.0392966 0.124664 0.308919
0 0.245907 0.185314 0.0225437 0.148932 0.292125
3 0.840211 0.599824 0.128106 0.156066 0.286188
0 0.0919259 0.33567 0.0335404 0.189782 0.263299
0 0.60947 0.872465 0.0333761 0.182635 0.256756
58 0.34534 0.305895 0.0479537 0.109544 0.255194
