0 0.145782 0.753465 0.0489029 0.242329 0.852758
2 0.691386 0.409455 0.138811 0.235881 0.850636
0 0.446788 0.659117 0.0505816 0.229961 0.817881
0 0.191682 0.772227 0.0390116 0.220085 0.803878
0 0.915731 0.520276 0.0375147 0.191906 0.782912
0 0.537467 0.0720103 0.0289536 0.13709 0.774252
0 0.494311 0.68459 0.0400476 0.21102 0.773299
0 0.251687 0.261359 0.0360134 0.177483 0.751385
0 0.555898 0.92626 0.042528 0.14748 0.712412
0 0.535017 0.699312 0.0434742 0.200554 0.656082
0 0.960475 0.433303 0.0429531 0.186762 0.605538
0 0.502273 0.0650909 0.0274755 0.130182 0.580584
0 0.430213 0.212768 0.0279546 0.16468 0.571067
0 0.202135 0.182487 0.0375252 0.154289 0.512898
0 0.912116 0.228915 0.0311928 0.153004 0.478804
3 0.701442 0.196329 0.100106 0.0986014 0.427424
0 0.82511 0.673902 0.0271591 0.205514 0.425805
0 0.883804 0.124757 0.0334816 0.162151 0.417449
0 0.872149 0.408224 0.0320248 0.175056 0.40573
0 0.245533 0.113461 0.035191 0.161373 0.400752
1 0.867472 0.632419 0.0633137 0.102075 0.358001
0 0.160281 0.19779 0.0328124 0.187508 0.339985
0 0.0774739 0.41279 0.0259903 0.151676 0.334527
0 0.337426 0.781591 0.0315576 0.140963 0.317077
58 0.809725 0.284635 0.0535336 0.087583 0.310493
0 0.803376 0.609902 0.039546 0.174591 0.30813
58 0.345735 0.305867 0.04805 0.10765 0.305046
58 0.810764 0.305961 0.053595 0.130929 0.261267
0 0.474233 0.0631339 0.0211403 0.122665 0.259964
