2 0.691271 0.409426 0.139066 0.234702 0.827263
0 0.917018 0.518198 0.0407108 0.196657 0.781998
0 0.186236 0.402017 0.0346954 0.193753 0.753201
0 0.727372 0.927078 0.0458281 0.141835 0.734105
0 0.476134 0.930387 0.0368109 0.138366 0.716394
0 0.859637 0.239536 0.0394171 0.166717 0.704988
0 0.252122 0.601478 0.0355151 0.219535 0.689471
0 0.435762 0.212219 0.0282328 0.160988 0.655049
0 0.600984 0.959428 0.0414507 0.0805623 0.646778
0 0.770018 0.917696 0.0510241 0.16371 0.63693
0 0.788098 0.0655154 0.0332281 0.131031 0.631061
0 0.643825 0.963877 0.0413557 0.0722458 0.611879
0 0.846668 0.658603 0.0518616 0.212986 0.560287
0 0.260282 0.181436 0.0288435 0.157448 0.557929
0 0.202047 0.174664 0.0319373 0.1661 0.503786
3 0.701058 0.193793 0.100553 0.103886 0.440171
0 0.163419 0.195741 0.0301457 0.153275 0.359435
36 0.256198 0.70246 0.0347192 0.0251726 0.354402
0 0.128168 0.299219 0.023468 0.166371 0.351324
58 0.809986 0.312373 0.0530731 0.142105 0.338517
58 0.345821 0.307906 0.0489113 0.110616 0.335193
0 0.375966 0.262139 0.0385588 0.13135 0.322646
0 0.234437 0.184398 0.0215101 0.142924 0.322152
0 0.402383 0.120758 0.0262572 0.158791 0.300078
0 0.854689 0.65695 0.0349854 0.214397 0.286688
36 0.255981 0.681352 0.0360082 0.063896 0.266125
0 0.307012 0.179992 0.0311565 0.162163 0.265524
36 0.2561 0.691514 0.0360234 0.044074 0.265354
