0 0.211155 0.922921 0.054281 0.154158 0.875418
0 0.621187 0.670045 0.0455268 0.226603 0.832094
0 0.915643 0.517843 0.0427362 0.191816 0.831543
2 0.691434 0.4099 0.138878 0.233191 0.828296
0 0.499852 0.337995 0.0332071 0.182484 0.805018
0 0.898703 0.237515 0.0303577 0.14496 0.78981
0 0.455083 0.347999 0.034551 0.18468 0.746826
0 0.848717 0.657743 0.0514503 0.210963 0.74367
0 0.172405 0.557937 0.0424461 0.190188 0.724865
0 0.488582 0.938771 0.031798 0.122457 0.705472
0 0.970177 0.289386 0.0344997 0.170178 0.662844
0 0.27464 0.354079 0.0323545 0.171542 0.59121
0 0.219025 0.545379 0.04059 0.207318 0.590789
0 0.326815 0.620677 0.0428259 0.222953 0.556536
0 0.779166 0.244668 0.030827 0.143182 0.5496
0 0.9252 0.738517 0.0518803 0.213007 0.538886
0 0.170679 0.36355 0.0352946 0.176016 0.523882
0 0.2199 0.35835 0.0441221 0.179511 0.51325
0 0.660244 0.220693 0.0307037 0.154036 0.454213
0 0.93396 0.636258 0.0334091 0.114422 0.33517
0 0.134812 0.201044 0.0284996 0.147841 0.284858
3 0.719895 0.196912 0.0637999 0.0853662 0.270712
0 0.16189 0.190136 0.0284938 0.150235 0.269993
