2 0.691431 0.410792 0.139169 0.238075 0.857443
0 0.153949 0.721484 0.0475217 0.22953 0.838615
0 0.48468 0.662793 0.0402826 0.219105 0.772762
0 0.198077 0.73947 0.0422341 0.215445 0.767636
0 0.537826 0.082555 0.0293065 0.148382 0.764126
0 0.247857 0.282196 0.0404951 0.176572 0.759988
0 0.555367 0.926234 0.0417269 0.147531 0.744899
0 0.525447 0.668094 0.0410352 0.201489 0.743102
0 0.914356 0.520008 0.0404938 0.191915 0.742545
0 0.432103 0.643466 0.0386079 0.224054 0.726581
0 0.882842 0.420183 0.031382 0.173384 0.705776
0 0.502492 0.0724531 0.0283375 0.144906 0.692207
0 0.921265 0.219681 0.0335587 0.157143 0.62153
0 0.42781 0.212765 0.0282715 0.160727 0.516343
0 0.982201 0.450418 0.0350742 0.183348 0.497662
0 0.903347 0.181474 0.0295338 0.161431 0.480751
3 0.701309 0.195999 0.100146 0.0973996 0.469366
3 0.836281 0.608126 0.124059 0.143886 0.468277
0 0.199566 0.184877 0.0341507 0.149151 0.414288
0 0.161785 0.189493 0.0320701 0.158624 0.406701
0 0.249839 0.123392 0.0329564 0.161059 0.393934
0 0.82917 0.683747 0.037125 0.212473 0.386576
0 0.466256 0.0640103 0.0293792 0.127039 0.37264
0 0.748581 0.59813 0.0528428 0.189393 0.338309
0 0.695821 0.0845499 0.0405725 0.163936 0.276051
1 0.870453 0.632486 0.0568439 0.103927 0.267329
58 0.809594 0.282628 0.0535681 0.0836711 0.262623
58 0.345767 0.308026 0.0479559 0.112707 0.257735
0 0.337229 0.780605 0.032053 0.142183 0.253549
