0 0.192486 0.622514 0.0489041 0.217206 0.88008
2 0.691499 0.410085 0.138626 0.233894 0.84899
0 0.24582 0.635674 0.0419446 0.21165 0.815675
0 0.915034 0.520876 0.037735 0.191635 0.766682
0 0.532563 0.918116 0.0449383 0.159823 0.762832
0 0.250348 0.360194 0.0427706 0.196237 0.756732
0 0.461951 0.572656 0.0376291 0.206432 0.744581
0 0.939095 0.166736 0.0324558 0.159314 0.694917
0 0.602428 0.523354 0.0407764 0.182283 0.647566
0 0.499731 0.583576 0.0365892 0.19358 0.642181
0 0.51239 0.1046 0.0288792 0.155521 0.630686
0 0.86903 0.102908 0.034989 0.15256 0.617092
0 0.541322 0.114461 0.0266933 0.143537 0.564899
0 0.428165 0.218435 0.032034 0.160142 0.526901
3 0.837261 0.600024 0.128037 0.162961 0.490094
0 0.856349 0.707332 0.0253006 0.205971 0.46722
0 0.317921 0.97054 0.0460488 0.0589196 0.455702
0 0.25894 0.153439 0.0355769 0.1679 0.453073
3 0.701787 0.19455 0.0993763 0.101292 0.406006
0 0.234068 0.157361 0.0230114 0.155321 0.393426
0 0.198326 0.178982 0.0313911 0.161774 0.364449
0 0.158245 0.192751 0.0324299 0.148803 0.352476
0 0.695109 0.0852448 0.0413424 0.164161 0.296545
58 0.810709 0.294903 0.053055 0.107107 0.293203
