0 0.63467 0.713301 0.0442691 0.232051 0.856753
0 0.195779 0.899001 0.048171 0.201999 0.830835
0 0.915768 0.518221 0.0388386 0.190715 0.824794
2 0.691171 0.408348 0.139163 0.232704 0.824746
0 0.49772 0.364668 0.0355162 0.192697 0.812839
0 0.849392 0.655857 0.0517799 0.216335 0.768278
0 0.929312 0.736295 0.0478605 0.230227 0.753314
0 0.454376 0.367725 0.0322248 0.182317 0.734449
0 0.639134 0.201454 0.0330139 0.155885 0.710011
0 0.887032 0.220369 0.033283 0.1508 0.708916
0 0.490934 0.937603 0.0329 0.124793 0.703109
0 0.178691 0.527687 0.0356862 0.177228 0.694373
0 0.953827 0.26237 0.0302273 0.160461 0.630014
0 0.218589 0.520742 0.0362028 0.204325 0.559858
0 0.277307 0.332053 0.031389 0.166744 0.55381
0 0.223809 0.347328 0.0386743 0.185312 0.531647
0 0.783556 0.235276 0.0316045 0.136649 0.391303
0 0.175241 0.344349 0.0316228 0.166489 0.353717
0 0.134546 0.19456 0.028494 0.158252 0.293673
0 0.435754 0.20657 0.02974 0.16056 0.279791
