2 0.691157 0.409603 0.139191 0.235578 0.800819
0 0.91266 0.51974 0.0449078 0.194928 0.800325
0 0.872819 0.292941 0.0334007 0.173144 0.795631
0 0.190823 0.936687 0.0521143 0.126162 0.774938
0 0.205395 0.34587 0.0355191 0.181569 0.703502
0 0.594038 0.911986 0.041397 0.176027 0.65766
0 0.534642 0.937785 0.0311021 0.12443 0.651472
0 0.787717 0.0660476 0.0322332 0.12925 0.650183
0 0.152182 0.966721 0.0428331 0.0658423 0.633806
0 0.636528 0.916978 0.0393316 0.166045 0.554366
0 0.1039 0.328032 0.027685 0.162753 0.498039
0 0.845478 0.659585 0.0565208 0.212443 0.442574
0 0.240709 0.146265 0.0264353 0.158513 0.428095
3 0.700852 0.195568 0.100833 0.0997554 0.414778
0 0.202532 0.173535 0.0297976 0.194038 0.410964
0 0.162849 0.190284 0.0314626 0.163313 0.392644
0 0.991112 0.336886 0.0168985 0.218255 0.384908
0 0.435675 0.213093 0.0270697 0.160989 0.361535
0 0.333057 0.615807 0.0396065 0.208679 0.336446
0 0.853627 0.658926 0.0396292 0.210483 0.334521
58 0.346467 0.306506 0.0498081 0.108126 0.286582
0 0.620152 0.916371 0.0261627 0.163071 0.268417
3 0.840977 0.598348 0.123819 0.148033 0.263842
