0 0.618189 0.663833 0.0481195 0.236331 0.842711
0 0.915844 0.514348 0.0418362 0.183554 0.833287
2 0.691426 0.41086 0.138779 0.235093 0.82635
0 0.214302 0.928576 0.0506498 0.14259 0.804335
0 0.501391 0.33351 0.0315632 0.188615 0.789513
0 0.848744 0.658122 0.0507158 0.21331 0.789184
0 0.455394 0.337332 0.0334484 0.183907 0.753363
0 0.901125 0.246535 0.0317842 0.154721 0.741001
0 0.274576 0.367317 0.0327749 0.173539 0.686747
0 0.486701 0.937838 0.0337008 0.124324 0.668525
0 0.914637 0.73589 0.045557 0.223608 0.668178
0 0.974 0.294182 0.0352963 0.168653 0.642734
0 0.217511 0.55885 0.0404356 0.216254 0.544964
0 0.173687 0.561397 0.0349482 0.180614 0.540321
0 0.322736 0.617196 0.041428 0.224074 0.516391
0 0.168622 0.369993 0.0316783 0.173925 0.494542
0 0.665466 0.21607 0.0344369 0.158271 0.476401
0 0.213129 0.351889 0.0354778 0.144505 0.402801
0 0.781034 0.252261 0.0335394 0.1426 0.344818
0 0.162059 0.190976 0.0272724 0.150999 0.321809
0 0.135677 0.201202 0.0292996 0.147975 0.311608
3 0.721668 0.196226 0.0599037 0.0839194 0.285243
