0 0.465402 0.933817 0.0431983 0.132366 0.852873
2 0.691219 0.409105 0.138735 0.234584 0.837528
0 0.634809 0.844813 0.04282 0.247398 0.813207
0 0.918264 0.518179 0.0427284 0.195082 0.805813
0 0.230736 0.620158 0.0518915 0.223163 0.799609
0 0.679009 0.816398 0.0463124 0.243138 0.746088
0 0.174314 0.474809 0.0372845 0.198456 0.738075
0 0.849767 0.194174 0.0310875 0.16514 0.720208
0 0.262708 0.228941 0.0314099 0.164074 0.6883
0 0.847881 0.659364 0.0507713 0.212382 0.61759
0 0.785687 0.0636296 0.0301144 0.123802 0.567076
0 0.519159 0.0375013 0.0237858 0.0703045 0.425752
0 0.231644 0.229622 0.0260337 0.150132 0.339437
3 0.701322 0.189746 0.101023 0.109792 0.333975
1 0.703376 0.193689 0.0961754 0.104652 0.333227
0 0.423396 0.206475 0.022998 0.157924 0.309802
58 0.34541 0.305593 0.0479703 0.10646 0.296138
3 0.810824 0.609474 0.0726098 0.131265 0.280724
26 0.173569 0.244015 0.0296089 0.0862726 0.276532
3 0.84056 0.600462 0.129097 0.15079 0.268485
