2 0.691338 0.409911 0.139281 0.237473 0.812078
0 0.191545 0.927673 0.0563427 0.143124 0.801295
0 0.914279 0.518649 0.0421623 0.192419 0.782585
0 0.15348 0.959712 0.0444321 0.0805764 0.737161
0 0.206106 0.346667 0.0345196 0.181339 0.711168
0 0.876872 0.294674 0.0333908 0.162958 0.705778
0 0.585988 0.907984 0.046184 0.184033 0.689213
0 0.535004 0.93733 0.0306574 0.12534 0.659424
0 0.787822 0.0669181 0.030714 0.130122 0.651204
0 0.634423 0.912898 0.0432667 0.174204 0.633523
0 0.989772 0.338043 0.0196465 0.199221 0.590062
3 0.700803 0.195213 0.101222 0.101802 0.51027
0 0.201334 0.178775 0.0300357 0.180705 0.469921
0 0.162766 0.189569 0.0304962 0.160961 0.460072
0 0.844683 0.659282 0.0579229 0.212675 0.456119
0 0.103477 0.330442 0.0265887 0.172236 0.425539
0 0.238311 0.145436 0.0261097 0.160837 0.387629
0 0.695625 0.0858779 0.0423498 0.169104 0.359715
0 0.266116 0.136283 0.0289213 0.192843 0.356824
0 0.85842 0.0510987 0.0261143 0.0948892 0.333379
0 0.436272 0.213271 0.0263901 0.159823 0.316283
3 0.841449 0.599058 0.124597 0.149091 0.312431
0 0.857462 0.657854 0.0356663 0.203549 0.29356
58 0.345906 0.307092 0.0490102 0.109126 0.281948
0 0.985841 0.333299 0.0276636 0.209377 0.279937
58 0.810366 0.310462 0.0516304 0.135196 0.265099
1 0.702121 0.196619 0.0991543 0.101107 0.255439
