0 0.65113 0.777897 0.0478853 0.250004 0.877612
0 0.196868 0.869505 0.0509067 0.241672 0.841309
2 0.691224 0.407903 0.138784 0.233408 0.8161
0 0.914462 0.517917 0.037986 0.193276 0.803041
0 0.457077 0.406018 0.0317114 0.194745 0.783605
0 0.222448 0.489563 0.0402975 0.205931 0.767679
0 0.929593 0.737282 0.0494358 0.233951 0.749378
0 0.499423 0.391486 0.032383 0.187313 0.737955
0 0.848239 0.657022 0.0520412 0.212628 0.732527
0 0.500549 0.930513 0.0374127 0.138975 0.73068
0 0.274307 0.309599 0.0328842 0.169114 0.706933
0 0.623425 0.170252 0.0330067 0.155376 0.689407
0 0.874935 0.190717 0.0304047 0.144996 0.679599
0 0.185884 0.491074 0.0268022 0.173346 0.651669
0 0.93986 0.230386 0.0292629 0.150819 0.639441
0 0.231506 0.318391 0.034191 0.17432 0.53251
0 0.179886 0.492101 0.0389286 0.177257 0.52161
0 0.434796 0.208653 0.0286163 0.161027 0.448103
0 0.185725 0.323333 0.0316301 0.16166 0.441701
0 0.783216 0.217083 0.0330741 0.138973 0.338745
26 0.66965 0.810013 0.0163122 0.0785533 0.331793
1 0.702516 0.198622 0.0973 0.0999292 0.324992
0 0.256428 0.141877 0.0370555 0.162746 0.308278
58 0.345604 0.304878 0.049045 0.106949 0.28475
3 0.70143 0.197029 0.100106 0.100522 0.276913
