2 0.6915 0.408209 0.138796 0.237195 0.904401
0 0.916905 0.52008 0.0380569 0.195234 0.819371
0 0.220275 0.463122 0.0425545 0.222331 0.815479
0 0.0728204 0.623275 0.0426466 0.22623 0.763658
0 0.0150064 0.877062 0.0300129 0.227461 0.754431
0 0.847524 0.30787 0.0331146 0.165724 0.695587
0 0.621813 0.951933 0.0339185 0.0961334 0.68879
0 0.427697 0.217929 0.0326839 0.161867 0.686986
0 0.287077 0.235814 0.0287311 0.174387 0.667164
0 0.735181 0.642913 0.0587711 0.230698 0.620811
0 0.96845 0.308154 0.0352428 0.169843 0.60857
0 0.536134 0.263386 0.0528938 0.174719 0.607846
0 0.470805 0.211285 0.027874 0.168877 0.584668
0 0.123114 0.426562 0.0391586 0.20148 0.550077
0 0.491941 0.215837 0.0263981 0.156546 0.541058
0 0.727478 0.63608 0.0432975 0.213133 0.476262
3 0.836766 0.607973 0.129606 0.158124 0.465446
0 0.199083 0.176422 0.0301292 0.160682 0.443657
0 0.547367 0.215442 0.0363697 0.153226 0.436716
0 0.787926 0.0987402 0.0275475 0.066061 0.341647
58 0.346268 0.310398 0.0495261 0.117281 0.298183
0 0.225821 0.141582 0.0266843 0.154402 0.268486
0 0.161711 0.192227 0.027885 0.149008 0.264197
0 0.543694 0.238924 0.043445 0.198097 0.252808
