2 0.69124 0.410196 0.13901 0.235231 0.822583
0 0.8719 0.288134 0.034477 0.170271 0.821955
0 0.912964 0.519814 0.0444756 0.195959 0.806979
0 0.190859 0.937964 0.0512295 0.123945 0.800489
0 0.204829 0.348146 0.0363238 0.179473 0.705201
0 0.595939 0.912773 0.0420984 0.174453 0.670952
0 0.533601 0.937411 0.0320828 0.125179 0.657894
0 0.78758 0.0665978 0.0318642 0.127971 0.651401
0 0.151423 0.969406 0.042112 0.0611871 0.649584
0 0.636683 0.917555 0.0386468 0.164889 0.604347
0 0.105037 0.325788 0.0285912 0.162769 0.530888
0 0.328828 0.616139 0.0464507 0.211926 0.495399
0 0.845078 0.658809 0.0573853 0.212922 0.482914
0 0.434262 0.21374 0.0320219 0.161238 0.416831
0 0.241097 0.145537 0.0266215 0.156669 0.400425
0 0.202806 0.179866 0.0299899 0.181274 0.38627
3 0.701048 0.195223 0.100707 0.0978725 0.381006
0 0.162694 0.19011 0.0317896 0.162022 0.380931
0 0.99157 0.338396 0.0160427 0.219374 0.298037
3 0.841532 0.598612 0.123983 0.151161 0.290354
58 0.346409 0.305744 0.0498499 0.10669 0.285994
0 0.855563 0.657076 0.0388199 0.213966 0.273886
3 0.811942 0.60721 0.0741425 0.135478 0.263891
58 0.809691 0.308656 0.0527936 0.134945 0.255928
0 0.139662 0.33159 0.0356783 0.160814 0.252195
