2 0.691012 0.409967 0.13901 0.233286 0.863786
0 0.915767 0.520246 0.0382328 0.193985 0.827002
0 0.314534 0.454437 0.0336083 0.18292 0.815038
0 0.272303 0.453419 0.0372352 0.20587 0.795035
0 0.509738 0.922307 0.0426855 0.148013 0.75991
0 0.102578 0.640365 0.0461346 0.229169 0.725955
0 0.221055 0.560174 0.0476814 0.216844 0.718794
0 0.861462 0.0806321 0.0280251 0.138653 0.716352
0 0.753728 0.639824 0.0405766 0.231179 0.69326
0 0.56689 0.18566 0.0293886 0.165547 0.674561
0 0.147437 0.822985 0.0443901 0.239177 0.654121
0 0.436222 0.42274 0.0385015 0.184549 0.621705
0 0.605068 0.169242 0.0306387 0.157593 0.610454
3 0.838109 0.614715 0.125239 0.150545 0.606753
0 0.131039 0.509752 0.0324798 0.18502 0.56622
0 0.505228 0.17175 0.0321436 0.166648 0.554126
0 0.470219 0.425413 0.0363987 0.17297 0.532086
0 0.255252 0.241069 0.0383185 0.18601 0.520456
0 0.137092 0.693868 0.0428496 0.12266 0.474207
3 0.700708 0.195693 0.102131 0.103349 0.457784
0 0.78201 0.109092 0.0272091 0.135311 0.451115
0 0.163518 0.196027 0.0273267 0.148495 0.369461
0 0.428945 0.215889 0.0307858 0.158582 0.328001
0 0.695456 0.0890335 0.0436443 0.171608 0.304234
1 0.692211 0.198935 0.0850719 0.108716 0.283026
58 0.346952 0.303416 0.0503026 0.0990825 0.250234
