0 0.613265 0.637842 0.0399206 0.222416 0.872053
0 0.915643 0.519946 0.0421125 0.194919 0.867191
2 0.691382 0.409766 0.138947 0.234039 0.847147
0 0.504654 0.316503 0.0326829 0.180944 0.813656
0 0.218917 0.937651 0.0447563 0.124698 0.78621
0 0.849917 0.657362 0.0505335 0.217333 0.778558
0 0.457919 0.327113 0.0302786 0.181722 0.766932
0 0.978322 0.309754 0.0306957 0.169092 0.759738
0 0.273434 0.374918 0.0338286 0.17518 0.710159
0 0.48344 0.936435 0.0304931 0.12713 0.703904
0 0.171708 0.577778 0.0364782 0.186853 0.699878
0 0.213882 0.56947 0.0392344 0.20571 0.687546
0 0.902917 0.263134 0.0354248 0.154783 0.652706
0 0.210357 0.379581 0.0340143 0.176761 0.635614
0 0.319006 0.613538 0.0367785 0.228414 0.606064
0 0.169544 0.380956 0.0328897 0.171255 0.554286
0 0.903662 0.733972 0.0399715 0.219945 0.53441
0 0.783437 0.262601 0.0316845 0.137627 0.417342
0 0.2722 0.232762 0.0230226 0.125453 0.373748
0 0.135507 0.204683 0.0289823 0.146907 0.372245
0 0.162301 0.192409 0.0272305 0.152247 0.343894
58 0.346072 0.304262 0.0489175 0.0994714 0.307724
3 0.700071 0.188738 0.102325 0.100376 0.285867
0 0.434941 0.20983 0.0278718 0.157934 0.277534
