2 0.691186 0.409793 0.138752 0.235163 0.847472
0 0.916151 0.521056 0.0380039 0.195558 0.845393
0 0.283243 0.40236 0.0373451 0.197745 0.802133
0 0.230563 0.650272 0.0474632 0.228621 0.770964
0 0.0830186 0.730224 0.0462562 0.226877 0.768309
0 0.48711 0.217853 0.0344461 0.170456 0.761467
0 0.51112 0.920113 0.0315294 0.158046 0.73139
0 0.242338 0.276653 0.03764 0.190458 0.702721
0 0.603623 0.210222 0.0297117 0.167161 0.694193
0 0.328228 0.399258 0.0324299 0.182132 0.692771
0 0.0436826 0.679696 0.0374402 0.223468 0.663629
0 0.734083 0.644263 0.0527662 0.229885 0.654596
0 0.128742 0.571974 0.0326329 0.184301 0.626188
3 0.836743 0.613544 0.12733 0.151727 0.556609
0 0.413938 0.380096 0.0382227 0.180588 0.539321
0 0.0711144 0.587152 0.0366564 0.155197 0.475847
0 0.444554 0.386213 0.0357388 0.1771 0.4742
0 0.428553 0.222237 0.0319738 0.160082 0.462943
0 0.636407 0.201126 0.029447 0.149707 0.437876
0 0.163305 0.19032 0.0257445 0.158051 0.346742
0 0.53691 0.192921 0.029651 0.136766 0.338481
0 0.791033 0.100483 0.0278075 0.0710244 0.316001
0 0.456233 0.180671 0.0327567 0.160747 0.279103
