0 0.676982 0.855194 0.0463747 0.259666 0.861347
0 0.193293 0.817557 0.0495156 0.244989 0.856817
2 0.691431 0.409421 0.13902 0.235107 0.826377
0 0.914435 0.518583 0.0372261 0.192386 0.816951
0 0.861037 0.161176 0.0283125 0.145172 0.760994
0 0.22379 0.45688 0.0393152 0.196287 0.760793
0 0.50775 0.437676 0.0336782 0.193898 0.754425
0 0.463189 0.453403 0.0310968 0.198446 0.753778
0 0.49563 0.93695 0.0380869 0.126099 0.75285
0 0.930757 0.736109 0.043923 0.22825 0.731023
0 0.604374 0.13806 0.030993 0.154205 0.709664
0 0.922124 0.196352 0.0281162 0.147252 0.70236
0 0.190713 0.456395 0.0334697 0.170027 0.659897
0 0.848865 0.656404 0.0476711 0.212727 0.614238
0 0.434439 0.208476 0.0318426 0.161471 0.479181
0 0.264119 0.283871 0.0291658 0.170545 0.433974
0 0.13715 0.193396 0.0279232 0.156206 0.403321
0 0.694451 0.08683 0.0437826 0.169795 0.394185
1 0.702896 0.196536 0.0968626 0.100934 0.373371
0 0.783968 0.186735 0.0290703 0.149581 0.370436
0 0.17993 0.244305 0.0294397 0.176439 0.292125
0 0.199969 0.298132 0.0274509 0.147022 0.28677
3 0.804136 0.606338 0.0609013 0.12289 0.268225
58 0.345312 0.305532 0.0482584 0.10701 0.257039
