2 0.691367 0.410655 0.139099 0.235283 0.81699
0 0.158119 0.884143 0.0430018 0.229479 0.815854
0 0.937534 0.277913 0.0346148 0.157373 0.81146
0 0.122739 0.860933 0.0463336 0.25889 0.809776
0 0.912486 0.519075 0.0389828 0.190408 0.782409
0 0.90509 0.371242 0.0410753 0.169149 0.728067
0 0.445507 0.674629 0.0317826 0.231775 0.719196
0 0.56963 0.783035 0.0410347 0.180468 0.710723
0 0.524212 0.795091 0.0469352 0.244668 0.702756
0 0.25854 0.195586 0.0318469 0.174228 0.682666
0 0.560887 0.929227 0.0371256 0.141546 0.64568
0 0.788446 0.0617212 0.0300023 0.123442 0.611564
0 0.217761 0.26701 0.0342195 0.18295 0.593228
0 0.419155 0.215085 0.0297994 0.153536 0.562556
0 0.941579 0.691878 0.0351254 0.177529 0.550193
0 0.162457 0.191787 0.0300288 0.154932 0.540647
0 0.252841 0.065198 0.0308038 0.130396 0.525952
3 0.700754 0.193322 0.102101 0.101699 0.501884
0 0.986211 0.299368 0.0270397 0.19308 0.446613
0 0.498708 0.0498499 0.0237959 0.0982568 0.414231
0 0.695213 0.0849222 0.0421795 0.164853 0.385915
0 0.884154 0.08368 0.0300812 0.145726 0.379941
0 0.837658 0.657024 0.042774 0.207752 0.355811
0 0.131258 0.189899 0.0276761 0.155815 0.34783
0 0.530712 0.0522816 0.0264841 0.098041 0.342942
0 0.10473 0.383534 0.0312111 0.173215 0.332158
0 0.475557 0.054445 0.0261246 0.10479 0.322686
0 0.844821 0.343474 0.0272121 0.158171 0.319103
0 0.375201 0.252451 0.0376238 0.131102 0.314099
3 0.840364 0.608271 0.120641 0.135542 0.299835
0 0.284474 0.173126 0.0295539 0.170092 0.296909
1 0.873372 0.62757 0.0519268 0.113061 0.276607
