0 0.123451 0.868983 0.0476871 0.256251 0.828528
2 0.691502 0.409926 0.139277 0.236019 0.822549
0 0.157613 0.888959 0.0430328 0.21478 0.818714
0 0.43525 0.67348 0.0416888 0.235265 0.80464
0 0.913341 0.519624 0.0393673 0.191645 0.789391
0 0.939692 0.288664 0.036912 0.161157 0.777414
0 0.529965 0.805838 0.0439772 0.224552 0.730865
0 0.89822 0.362842 0.0342854 0.175748 0.662686
0 0.78887 0.0613494 0.0290667 0.122699 0.660407
0 0.571952 0.819852 0.0467245 0.222949 0.606063
0 0.217274 0.269449 0.0313665 0.185075 0.579369
0 0.25817 0.185561 0.0280543 0.16387 0.567211
0 0.55473 0.933769 0.0447901 0.132462 0.555685
0 0.419501 0.21754 0.0321437 0.160076 0.528876
0 0.108011 0.375986 0.0298189 0.173069 0.486319
3 0.700501 0.195248 0.102389 0.102211 0.463851
0 0.162999 0.181707 0.0314428 0.174832 0.463131
0 0.471948 0.053278 0.0263597 0.100716 0.376263
0 0.101592 0.374286 0.0426349 0.173979 0.369878
0 0.498853 0.048663 0.0266222 0.09485 0.367888
0 0.880661 0.0758299 0.0310461 0.147565 0.357417
0 0.841359 0.669664 0.0371727 0.195388 0.336033
0 0.695274 0.0855512 0.042149 0.167075 0.32638
0 0.286306 0.171148 0.0292266 0.150943 0.325374
0 0.530581 0.0495334 0.0262563 0.09514 0.319432
3 0.838401 0.609591 0.124599 0.136077 0.310359
