0 0.915981 0.520143 0.0381001 0.196121 0.850525
2 0.691168 0.410395 0.138638 0.235139 0.835156
0 0.273744 0.438723 0.03692 0.204707 0.806472
0 0.319113 0.444423 0.0319297 0.183937 0.758711
0 0.574955 0.191895 0.0298033 0.165829 0.753465
0 0.612846 0.179993 0.0308662 0.152344 0.720669
0 0.505415 0.917226 0.0346619 0.158744 0.715115
0 0.0895847 0.635241 0.044015 0.222367 0.710557
0 0.133189 0.793432 0.0436069 0.22705 0.692214
0 0.745347 0.645199 0.0475218 0.231162 0.691882
0 0.225241 0.584865 0.0455723 0.214529 0.672743
0 0.851485 0.0757558 0.028413 0.134196 0.669595
0 0.503894 0.185201 0.0307583 0.165258 0.631268
0 0.253434 0.250998 0.0389426 0.190459 0.628094
0 0.430108 0.414631 0.032876 0.183142 0.594674
0 0.464179 0.417448 0.0355333 0.177454 0.581495
0 0.130477 0.521965 0.0317254 0.179386 0.570968
3 0.837901 0.611912 0.126843 0.151977 0.515367
0 0.117105 0.725864 0.0445052 0.212217 0.47389
0 0.428887 0.218372 0.0332674 0.15954 0.391937
0 0.782815 0.108953 0.027017 0.101805 0.391875
3 0.700811 0.196376 0.102001 0.101444 0.363021
1 0.702524 0.199294 0.0976007 0.0970538 0.291643
0 0.162845 0.192768 0.0265796 0.15402 0.28786
0 0.694613 0.0888667 0.0436188 0.173082 0.277144
