2 0.691447 0.409813 0.138091 0.232674 0.840393
0 0.916625 0.51865 0.040815 0.192395 0.809168
0 0.201784 0.604325 0.0508193 0.227171 0.782272
0 0.527124 0.922639 0.041387 0.152563 0.737231
0 0.256063 0.612027 0.0368578 0.206819 0.694244
0 0.577338 0.498219 0.0357737 0.174809 0.688142
0 0.460361 0.552684 0.0351437 0.201376 0.684367
0 0.302483 0.946749 0.0571741 0.106502 0.683482
0 0.493134 0.562903 0.0385845 0.189546 0.652483
0 0.249159 0.37986 0.0379188 0.195172 0.651587
0 0.543959 0.12482 0.0274379 0.150447 0.616322
0 0.512244 0.118773 0.0308117 0.161242 0.596782
0 0.849382 0.70107 0.0400702 0.221387 0.594839
0 0.954477 0.519758 0.0330507 0.201234 0.557996
0 0.320364 0.641063 0.0556429 0.225203 0.515093
0 0.863274 0.0849508 0.0291891 0.157004 0.455866
0 0.933311 0.164747 0.0324734 0.145216 0.44786
0 0.427612 0.216718 0.0337984 0.156324 0.410395
3 0.83834 0.597295 0.127586 0.160786 0.385862
3 0.701394 0.194785 0.0999813 0.101348 0.35307
0 0.248238 0.15781 0.0323261 0.17213 0.349689
0 0.200245 0.176229 0.0359088 0.172516 0.290152
0 0.277261 0.1606 0.0262398 0.155251 0.287888
0 0.695539 0.085488 0.0409606 0.165394 0.280392
