0 0.183567 0.75986 0.0476266 0.241632 0.861404
0 0.469675 0.500642 0.0324025 0.203245 0.856216
0 0.706282 0.903624 0.0495675 0.19106 0.84812
2 0.691272 0.409549 0.13895 0.237048 0.825449
0 0.916202 0.519427 0.0365112 0.192828 0.787279
0 0.520671 0.485877 0.0358084 0.198664 0.742039
0 0.492848 0.939791 0.03745 0.120418 0.73477
0 0.190427 0.41351 0.0364922 0.170722 0.719844
0 0.23308 0.417365 0.0344584 0.189561 0.715069
0 0.935636 0.740257 0.0409962 0.221043 0.712017
0 0.845385 0.130024 0.0292301 0.147105 0.674864
0 0.592852 0.101969 0.0307886 0.151127 0.670492
0 0.849908 0.65638 0.0479046 0.212408 0.656534
0 0.261456 0.258341 0.0364426 0.192884 0.590928
0 0.433471 0.208051 0.0366817 0.160786 0.483546
0 0.754847 0.0632098 0.0283291 0.124748 0.478342
0 0.183659 0.239628 0.0393605 0.17602 0.399573
0 0.906238 0.154173 0.0258745 0.157304 0.39322
0 0.69493 0.0858288 0.0434315 0.168582 0.391885
3 0.701183 0.192856 0.100472 0.105967 0.37934
1 0.702329 0.194359 0.0983241 0.10696 0.350858
0 0.137661 0.196177 0.0305557 0.151524 0.31092
3 0.800129 0.619203 0.049399 0.0982056 0.290919
58 0.345682 0.306143 0.0485972 0.108033 0.277075
0 0.213234 0.251548 0.0234744 0.148809 0.261465
