0 0.191784 0.625608 0.0492536 0.220777 0.868779
2 0.691276 0.410219 0.138461 0.233949 0.842846
0 0.245722 0.637915 0.0427301 0.212293 0.817338
0 0.46205 0.572907 0.0377337 0.204595 0.802799
0 0.250454 0.35996 0.0426388 0.199306 0.780838
0 0.915074 0.520123 0.0375042 0.192869 0.773625
0 0.532223 0.918439 0.0458496 0.160015 0.754773
0 0.499172 0.582577 0.0373009 0.191632 0.673516
0 0.938499 0.162527 0.0323881 0.180075 0.655086
0 0.869415 0.101732 0.0362373 0.154279 0.622616
0 0.512515 0.104292 0.0287861 0.155979 0.621334
0 0.604222 0.52573 0.0425955 0.182316 0.616947
0 0.541153 0.113818 0.0270359 0.143521 0.562453
0 0.428378 0.217909 0.0323664 0.160285 0.549775
0 0.856413 0.707735 0.0256804 0.207397 0.531446
3 0.837433 0.600634 0.127846 0.164109 0.521864
0 0.256759 0.154407 0.0381113 0.167826 0.446961
0 0.318827 0.970654 0.0467063 0.0586924 0.446525
0 0.233859 0.158991 0.0228559 0.157984 0.42093
0 0.197518 0.177566 0.0326205 0.166308 0.396806
0 0.158495 0.192985 0.0327878 0.150928 0.377345
3 0.701588 0.194697 0.100112 0.101887 0.356816
58 0.809714 0.285715 0.0527311 0.0884257 0.325343
0 0.695146 0.0851003 0.0407217 0.164439 0.270864
0 0.128283 0.199193 0.0288688 0.138197 0.255633
1 0.703275 0.196934 0.0973156 0.0985174 0.250805
