0 0.171584 0.547714 0.0393082 0.205309 0.839721
0 0.915893 0.518776 0.0378841 0.193851 0.835148
2 0.691387 0.408858 0.139033 0.237116 0.826649
0 0.568823 0.718517 0.0382019 0.226149 0.825103
0 0.477589 0.943357 0.0463146 0.113287 0.787592
0 0.305135 0.641045 0.0400668 0.222145 0.747002
0 0.847397 0.657993 0.0499519 0.216406 0.723424
0 0.609563 0.70609 0.0404435 0.239045 0.712617
0 0.250315 0.268067 0.0337583 0.191597 0.602071
0 0.221823 0.279979 0.0281987 0.158019 0.53139
0 0.617657 0.712394 0.0254675 0.222134 0.407502
3 0.700798 0.190202 0.101144 0.108983 0.383955
58 0.345705 0.304929 0.0479311 0.105628 0.352373
0 0.183116 0.249351 0.02904 0.144197 0.352273
1 0.697352 0.192182 0.0919786 0.113444 0.346108
0 0.299728 0.192117 0.030336 0.150231 0.345228
0 0.158708 0.255225 0.0262433 0.160547 0.325846
0 0.694213 0.0877775 0.042973 0.169958 0.28564
0 0.424143 0.201485 0.0306225 0.158961 0.254952
