2 0.69146 0.410506 0.138878 0.237049 0.849106
0 0.916139 0.521323 0.0378265 0.195308 0.840825
0 0.279093 0.427704 0.0380169 0.19635 0.792513
0 0.11862 0.770138 0.0472354 0.231007 0.78206
0 0.2208 0.602242 0.0457473 0.223255 0.772809
0 0.503892 0.916379 0.0327839 0.16704 0.730953
0 0.49952 0.195422 0.0350333 0.170329 0.728467
0 0.32177 0.422129 0.0298932 0.164939 0.70822
0 0.583824 0.197923 0.0325052 0.166479 0.676518
0 0.25018 0.257091 0.0362968 0.184779 0.651829
0 0.622556 0.187569 0.0320921 0.150632 0.641807
0 0.84169 0.0635046 0.0283321 0.124594 0.617311
0 0.0790644 0.63233 0.0435372 0.223108 0.609985
0 0.129005 0.533415 0.033849 0.182785 0.608981
0 0.738334 0.649035 0.0610895 0.226141 0.599657
0 0.424505 0.403445 0.032078 0.18587 0.584021
3 0.837703 0.613464 0.126679 0.149884 0.557018
0 0.45796 0.407336 0.0269399 0.17062 0.44925
0 0.087199 0.678748 0.03437 0.144732 0.440048
0 0.16309 0.193238 0.0261104 0.151059 0.427823
0 0.42834 0.218069 0.0335011 0.161913 0.403135
0 0.74277 0.641134 0.0428404 0.236195 0.324594
0 0.786497 0.117796 0.0284578 0.119103 0.289755
3 0.701987 0.197183 0.0995087 0.101148 0.276842
1 0.691443 0.202225 0.0814915 0.10167 0.276311
0 0.735509 0.634502 0.0394978 0.215601 0.264744
