2 0.691296 0.408971 0.138718 0.234016 0.847535
0 0.232871 0.622928 0.0499058 0.220467 0.821205
0 0.463001 0.935835 0.0439814 0.128331 0.804101
0 0.918587 0.518069 0.0433876 0.19501 0.800012
0 0.671433 0.812489 0.0483907 0.250443 0.792795
0 0.629749 0.827769 0.0402295 0.234639 0.779465
0 0.174615 0.482978 0.0373668 0.207688 0.771843
0 0.262578 0.231107 0.0323615 0.164449 0.666557
0 0.845367 0.657243 0.0531229 0.211365 0.591484
0 0.784747 0.0633797 0.031757 0.122408 0.497022
0 0.231439 0.242087 0.0252291 0.143806 0.480357
0 0.848466 0.190199 0.0299433 0.164653 0.418571
0 0.511082 0.0376798 0.0240936 0.0714972 0.368463
0 0.150319 0.266126 0.0294535 0.185672 0.357089
58 0.345205 0.306172 0.0476796 0.108097 0.347933
26 0.177511 0.23756 0.0289731 0.0950307 0.344988
1 0.703964 0.19554 0.0945017 0.0994885 0.318825
3 0.701728 0.1914 0.100611 0.104866 0.302226
0 0.423431 0.207949 0.0233553 0.156062 0.279001
58 0.809328 0.288021 0.0527107 0.0932259 0.255352
0 0.694592 0.0845927 0.038982 0.165132 0.252356
3 0.809707 0.609229 0.0710329 0.136307 0.250413
