0 0.220546 0.575141 0.0426039 0.212574 0.842042
0 0.916197 0.520271 0.0383467 0.194209 0.840089
2 0.6915 0.411658 0.138709 0.238383 0.837258
0 0.926642 0.149338 0.0283001 0.147469 0.790413
0 0.836556 0.692759 0.0542135 0.228438 0.771635
0 0.517544 0.928852 0.0430708 0.14078 0.75133
0 0.280771 0.645351 0.0572711 0.22098 0.709993
0 0.242408 0.405036 0.0421811 0.195857 0.698253
0 0.551052 0.132823 0.0303633 0.14962 0.691109
0 0.549567 0.479949 0.0418585 0.178338 0.665246
0 0.272574 0.923663 0.0454119 0.145097 0.658571
0 0.254824 0.966331 0.0515087 0.0673377 0.648675
0 0.459834 0.533555 0.03688 0.201384 0.623585
0 0.517644 0.129193 0.0273859 0.161506 0.587229
0 0.854724 0.0734899 0.0254913 0.139272 0.56182
0 0.264015 0.582836 0.0336457 0.202257 0.561145
0 0.491454 0.542169 0.0327632 0.191366 0.547199
0 0.249809 0.17226 0.0359397 0.173081 0.509817
0 0.126587 0.379958 0.0300919 0.165589 0.488989
0 0.498153 0.0798806 0.0321388 0.149345 0.452848
1 0.702651 0.198128 0.0984222 0.0999278 0.448949
0 0.429175 0.218891 0.0303331 0.15831 0.417805
3 0.838277 0.595339 0.126241 0.16754 0.387133
0 0.982407 0.128253 0.0281958 0.141634 0.386587
0 0.205424 0.179719 0.0304791 0.163005 0.301234
58 0.810552 0.293495 0.0532891 0.104601 0.280092
0 0.695194 0.0877299 0.042164 0.169517 0.254807
