0 0.915795 0.518841 0.0378273 0.193653 0.845145
2 0.69144 0.409272 0.139015 0.236236 0.828689
0 0.563437 0.619515 0.0419094 0.22496 0.827413
0 0.524311 0.633152 0.0365688 0.204144 0.820698
0 0.163865 0.621336 0.0410631 0.215243 0.811696
0 0.471771 0.932723 0.0343008 0.134554 0.718521
0 0.846714 0.658874 0.0517143 0.212749 0.714279
0 0.244381 0.326857 0.0302686 0.174722 0.652215
0 0.783034 0.104488 0.029987 0.132169 0.607587
0 0.21331 0.325652 0.0304779 0.149042 0.567339
0 0.427341 0.206163 0.0352804 0.165455 0.561938
0 0.86346 0.0685123 0.0258039 0.134628 0.527521
0 0.755232 0.10873 0.0310381 0.145853 0.510558
0 0.261513 0.177767 0.0319383 0.193156 0.491318
0 0.164513 0.248054 0.031831 0.164827 0.485845
0 0.694955 0.0842381 0.0428755 0.163616 0.367906
0 0.567621 0.0393417 0.0256855 0.0725361 0.348594
3 0.702279 0.195421 0.098237 0.104184 0.339035
0 0.305221 0.185966 0.0294528 0.157983 0.335913
0 0.236746 0.18389 0.027137 0.157869 0.2789
58 0.345274 0.307208 0.0471073 0.110425 0.268456
1 0.722691 0.197181 0.0577665 0.0917786 0.266047
3 0.809011 0.608552 0.0687627 0.133778 0.25434
1 0.70339 0.198207 0.0952341 0.0989336 0.252541
