0 0.733087 0.938042 0.0503674 0.123916 0.865983
0 0.481938 0.53203 0.0332884 0.193497 0.845855
0 0.171895 0.711005 0.0433841 0.226183 0.833929
0 0.915689 0.519181 0.0370125 0.190555 0.82146
2 0.691323 0.409197 0.138539 0.234372 0.806538
0 0.527301 0.52339 0.0362288 0.206184 0.787692
0 0.193791 0.392165 0.0396556 0.165705 0.753623
0 0.492515 0.933279 0.0418976 0.133442 0.738036
0 0.847846 0.658401 0.0514 0.212452 0.715707
0 0.937143 0.734166 0.0381926 0.2124 0.706535
0 0.238073 0.379613 0.0326044 0.179216 0.676331
0 0.58474 0.0725692 0.0328043 0.145138 0.66961
0 0.749985 0.0762832 0.0319994 0.141144 0.557516
0 0.433686 0.208571 0.0349559 0.161575 0.532447
0 0.836671 0.0841653 0.0280891 0.108908 0.486484
0 0.183362 0.239294 0.0384274 0.180221 0.443842
0 0.134355 0.188684 0.0297988 0.164571 0.344595
0 0.223689 0.235698 0.0267537 0.161582 0.342556
0 0.695474 0.0824865 0.0433453 0.161107 0.324852
0 0.792826 0.0581637 0.0287863 0.113101 0.31877
58 0.809308 0.286316 0.0529652 0.0911971 0.306426
1 0.704993 0.197426 0.0932196 0.0997543 0.305161
3 0.805381 0.608183 0.0631313 0.119455 0.280568
3 0.798074 0.620027 0.0446337 0.0938219 0.26949
