0 0.915686 0.518861 0.0428616 0.192293 0.84896
0 0.614221 0.648361 0.0426619 0.226473 0.838619
2 0.691429 0.41021 0.138791 0.233493 0.830914
0 0.503938 0.32329 0.0319876 0.180884 0.806962
0 0.848745 0.658417 0.0509262 0.216368 0.781776
0 0.457522 0.327309 0.0299614 0.182056 0.768785
0 0.21739 0.933958 0.0477906 0.130532 0.743268
0 0.172556 0.570246 0.0347473 0.189055 0.732562
0 0.903019 0.259419 0.0354666 0.159389 0.729662
0 0.273707 0.368147 0.0336152 0.170736 0.709886
0 0.485126 0.937196 0.0318911 0.125607 0.70505
0 0.209729 0.378648 0.0382994 0.17933 0.691405
0 0.215485 0.568642 0.0410513 0.206305 0.674283
0 0.977798 0.309002 0.0341991 0.166117 0.661306
0 0.906287 0.735702 0.0395216 0.224897 0.594758
0 0.319989 0.614216 0.038398 0.223858 0.582076
0 0.168932 0.380954 0.0316403 0.177346 0.566854
0 0.783399 0.259411 0.0325228 0.134183 0.471145
0 0.670782 0.225615 0.0376936 0.144017 0.451078
0 0.135664 0.205255 0.0293524 0.147611 0.393534
0 0.16186 0.19104 0.027581 0.153039 0.366902
0 0.435184 0.209344 0.0275444 0.159034 0.258024
0 0.268446 0.23455 0.0254586 0.148332 0.255996
58 0.345792 0.303677 0.0481646 0.0978117 0.254267
