2 0.691266 0.408776 0.138847 0.234625 0.896926
0 0.231499 0.781967 0.0480776 0.237202 0.857762
0 0.0717138 0.621151 0.0391418 0.22868 0.839612
0 0.916185 0.520101 0.0380299 0.19483 0.832409
0 0.237345 0.33761 0.0404382 0.199992 0.829734
0 0.733696 0.645969 0.0528074 0.226067 0.746737
0 0.108934 0.669089 0.0307235 0.194 0.720978
0 0.565152 0.924205 0.0316765 0.150751 0.720559
0 0.467425 0.274842 0.031991 0.174738 0.695252
0 0.554046 0.199673 0.0299405 0.159069 0.684179
0 0.291812 0.338594 0.029213 0.180711 0.680995
0 0.412809 0.313313 0.0273163 0.160928 0.591526
0 0.320163 0.324515 0.0291626 0.170312 0.577528
0 0.340016 0.772328 0.0274455 0.14792 0.519878
3 0.836831 0.606005 0.129287 0.159571 0.516349
0 0.438645 0.322235 0.0303406 0.153393 0.46743
0 0.19871 0.173107 0.032722 0.16446 0.464233
0 0.427135 0.199835 0.0296022 0.125207 0.417173
0 0.375322 0.280484 0.0387258 0.187059 0.416544
0 0.163402 0.18957 0.0262051 0.156803 0.405163
0 0.623247 0.216633 0.0298162 0.131212 0.397962
0 0.266618 0.253363 0.0292067 0.148129 0.378875
0 0.788259 0.0987779 0.0274642 0.0689706 0.376995
0 0.692597 0.229742 0.0481083 0.138035 0.356223
0 0.696219 0.0804682 0.0410537 0.158471 0.269002
0 0.251183 0.10146 0.0204891 0.154329 0.261416
58 0.809323 0.287307 0.0533764 0.0917475 0.257631
