2 0.691356 0.410056 0.138849 0.2347 0.858859
0 0.915287 0.520322 0.0401102 0.194666 0.843867
0 0.608066 0.633009 0.0433582 0.226535 0.840578
0 0.504314 0.312396 0.0330413 0.183396 0.796797
0 0.908328 0.270746 0.0302891 0.148596 0.756839
0 0.983317 0.319857 0.0318123 0.177185 0.754742
0 0.459636 0.314165 0.0312254 0.170298 0.732261
0 0.84775 0.656195 0.047773 0.217232 0.725562
0 0.478071 0.935139 0.0291332 0.129723 0.7065
0 0.230449 0.946265 0.0465671 0.10747 0.681189
0 0.170104 0.585274 0.0403575 0.184504 0.651069
0 0.21471 0.580952 0.0403275 0.213147 0.588373
0 0.170037 0.388487 0.0339273 0.1736 0.583958
0 0.267861 0.389444 0.0338618 0.175272 0.564756
0 0.319151 0.612558 0.0354279 0.229445 0.556823
0 0.205524 0.367558 0.0386703 0.140841 0.465513
0 0.892201 0.713917 0.0423336 0.254268 0.387152
3 0.723112 0.194097 0.057539 0.0825748 0.331991
0 0.161399 0.192615 0.0283422 0.152592 0.288528
3 0.803516 0.606025 0.0595341 0.125922 0.273582
0 0.682683 0.237671 0.027302 0.120308 0.265362
0 0.434295 0.208523 0.0292461 0.158137 0.262258
