0 0.439068 0.670728 0.0492067 0.229765 0.860302
0 0.136394 0.791036 0.0479374 0.247812 0.852986
2 0.691495 0.411904 0.139301 0.240206 0.842353
0 0.178502 0.811603 0.0416376 0.230534 0.803316
0 0.498514 0.718066 0.0428925 0.22484 0.801726
0 0.551776 0.933694 0.0418361 0.132612 0.760201
0 0.255584 0.235713 0.0325249 0.173366 0.753123
0 0.542424 0.733473 0.0386585 0.207018 0.740835
0 0.534592 0.0643384 0.0274902 0.128677 0.714576
0 0.918752 0.248696 0.0320383 0.15515 0.71303
0 0.912926 0.519848 0.0428253 0.190933 0.676176
0 0.863853 0.387984 0.0307007 0.174473 0.670818
3 0.700687 0.194373 0.102566 0.106208 0.557609
0 0.201721 0.181841 0.037586 0.161647 0.544387
0 0.498739 0.0609518 0.0281067 0.121904 0.521794
0 0.826441 0.669123 0.0395634 0.204819 0.521063
0 0.854914 0.61465 0.0310034 0.16245 0.514658
0 0.942926 0.41683 0.0337709 0.192339 0.500089
0 0.434268 0.212249 0.0240116 0.161644 0.498975
0 0.228368 0.230381 0.0279195 0.163694 0.46899
0 0.868293 0.109714 0.0315739 0.158586 0.454152
0 0.862765 0.615366 0.0450256 0.179146 0.431642
0 0.165889 0.209764 0.0351877 0.223855 0.425259
0 0.249769 0.0930658 0.0331962 0.152919 0.421536
0 0.897647 0.115183 0.0294918 0.149006 0.408179
0 0.0855779 0.402173 0.0283122 0.166465 0.386934
0 0.468808 0.0612135 0.025423 0.111603 0.36551
3 0.798308 0.608315 0.0492596 0.122818 0.351397
0 0.696545 0.0864304 0.0444412 0.169318 0.349043
0 0.795298 0.0602139 0.0279945 0.112894 0.346848
0 0.954185 0.228188 0.0330151 0.14736 0.321247
3 0.882854 0.626668 0.0410759 0.113259 0.306399
58 0.809561 0.283101 0.0530811 0.0829824 0.289853
1 0.702011 0.197555 0.0999239 0.100352 0.264824
