0 0.915839 0.519772 0.0433874 0.193961 0.862619
0 0.614208 0.642726 0.041796 0.218936 0.843034
2 0.691406 0.410131 0.138859 0.23405 0.828833
0 0.504198 0.321119 0.0327335 0.181262 0.790586
0 0.217826 0.934568 0.0471189 0.130242 0.788262
0 0.849235 0.657695 0.0501175 0.216222 0.787298
0 0.457667 0.326991 0.0300509 0.180903 0.780958
0 0.172123 0.572608 0.0353623 0.188992 0.739825
0 0.902783 0.262372 0.0348991 0.158238 0.724893
0 0.273962 0.369516 0.0324777 0.173589 0.716076
0 0.977354 0.310493 0.032996 0.167705 0.700271
0 0.484564 0.936479 0.0316093 0.127041 0.697946
0 0.215528 0.569078 0.04154 0.206699 0.688838
0 0.209319 0.380307 0.0384467 0.180474 0.687685
0 0.319916 0.614549 0.0370096 0.225828 0.612117
0 0.168556 0.381444 0.0321692 0.176134 0.574053
0 0.9056 0.734926 0.0434032 0.218422 0.545193
0 0.783535 0.259888 0.0330137 0.135473 0.450358
0 0.67011 0.226821 0.0378883 0.137733 0.404294
0 0.135477 0.20502 0.0291161 0.147143 0.397928
0 0.162205 0.191425 0.0279128 0.153545 0.369918
0 0.435161 0.209233 0.0274838 0.157155 0.310063
3 0.722828 0.194453 0.0587124 0.0835883 0.299746
0 0.269498 0.231215 0.0235504 0.137044 0.28985
58 0.345833 0.30437 0.0480415 0.0996546 0.281148
