0 0.208998 0.916354 0.0535417 0.167293 0.856047
2 0.691538 0.409492 0.138922 0.235292 0.845558
0 0.915905 0.518125 0.0416256 0.192682 0.831615
0 0.622649 0.683349 0.0438141 0.23546 0.817964
0 0.848645 0.65675 0.0523649 0.212281 0.746143
0 0.499204 0.343939 0.0328981 0.18336 0.719634
0 0.455672 0.347307 0.0335716 0.182909 0.716762
0 0.488452 0.939208 0.0324723 0.121584 0.70685
0 0.173335 0.550948 0.0407313 0.191391 0.703947
0 0.896151 0.234783 0.0299431 0.145163 0.699131
0 0.967798 0.284795 0.0325794 0.16821 0.655912
0 0.928047 0.739786 0.0492981 0.237821 0.635813
0 0.219435 0.543106 0.0427268 0.209349 0.620146
0 0.328121 0.621922 0.0445921 0.221008 0.553675
0 0.274736 0.352503 0.0319481 0.168105 0.542093
0 0.218716 0.354963 0.0397695 0.176653 0.518766
0 0.171553 0.363143 0.036872 0.178132 0.485468
0 0.779339 0.243944 0.0314592 0.140665 0.485183
0 0.656265 0.222244 0.0304705 0.148455 0.417711
0 0.161932 0.191427 0.028556 0.149351 0.277563
0 0.134715 0.202598 0.0286413 0.143815 0.259722
