2 0.69126 0.410004 0.13944 0.235183 0.875877
0 0.916004 0.521024 0.0381012 0.194623 0.850062
0 0.232101 0.749465 0.050989 0.238528 0.818593
0 0.0711015 0.622451 0.0386677 0.227715 0.789384
0 0.2384 0.320532 0.0379228 0.193456 0.777035
0 0.462793 0.263687 0.0375922 0.17266 0.732909
0 0.73414 0.648526 0.0523989 0.221176 0.705937
0 0.132454 0.64721 0.0376015 0.194505 0.697948
0 0.549106 0.918103 0.0352796 0.159095 0.684049
0 0.526451 0.196346 0.0299707 0.157528 0.615083
0 0.292032 0.356676 0.0320163 0.195281 0.608778
0 0.198141 0.175357 0.032273 0.161397 0.595844
3 0.836766 0.610687 0.127834 0.155627 0.58437
0 0.409288 0.330479 0.030965 0.176748 0.516134
0 0.164098 0.192007 0.0271364 0.153023 0.499368
0 0.432756 0.341716 0.02875 0.155021 0.458111
0 0.327096 0.340602 0.0277954 0.155018 0.456449
0 0.603191 0.213247 0.0299607 0.136658 0.442047
0 0.340226 0.771843 0.0267062 0.148972 0.407155
0 0.669574 0.22126 0.0439592 0.152213 0.399684
0 0.427119 0.207963 0.031055 0.138194 0.383858
0 0.241006 0.10931 0.0292807 0.14863 0.330592
3 0.719463 0.192784 0.065189 0.0877022 0.285915
0 0.788367 0.100655 0.0282814 0.0712052 0.284632
