0 0.62336 0.692546 0.0500495 0.238835 0.849769
0 0.207347 0.91314 0.0528728 0.173721 0.848694
2 0.691295 0.409002 0.138964 0.232348 0.843824
0 0.915477 0.51985 0.0407509 0.197322 0.830834
0 0.500493 0.349333 0.0325871 0.186501 0.80432
0 0.456298 0.348677 0.0318268 0.180493 0.767819
0 0.848993 0.656386 0.0520226 0.214659 0.766765
0 0.488765 0.939075 0.0326333 0.12185 0.713015
0 0.894496 0.231096 0.0302685 0.1466 0.681652
0 0.965571 0.278407 0.0327217 0.17583 0.681446
0 0.174681 0.541003 0.043279 0.184348 0.642301
0 0.219474 0.54016 0.04246 0.20934 0.593424
0 0.780784 0.243242 0.0313864 0.143333 0.564505
0 0.65644 0.217712 0.0357469 0.153855 0.549012
0 0.276086 0.351533 0.0332311 0.168712 0.533209
0 0.928613 0.732679 0.0461559 0.233084 0.528711
0 0.219033 0.35415 0.035201 0.179637 0.490218
0 0.329501 0.622169 0.045022 0.21733 0.478096
0 0.172567 0.361109 0.0350103 0.174152 0.454625
0 0.212992 0.537136 0.0335971 0.200758 0.340188
3 0.713199 0.195255 0.0765291 0.0908836 0.306142
0 0.134409 0.199462 0.0293828 0.151144 0.251481
