2 0.691034 0.418296 0.138208 0.249634 0.848104
0 0.915985 0.520383 0.0372021 0.19146 0.828908
0 0.532466 0.930641 0.05165 0.138717 0.802673
0 0.172531 0.68151 0.0514857 0.235878 0.789664
0 0.221512 0.69569 0.046183 0.219698 0.776637
0 0.512428 0.628665 0.037764 0.193833 0.752702
0 0.538855 0.0959155 0.0278953 0.144302 0.743619
0 0.403886 0.630437 0.039166 0.217959 0.736904
0 0.252905 0.316242 0.0411092 0.184881 0.734693
0 0.884347 0.144253 0.0311207 0.15917 0.718742
0 0.507907 0.0851892 0.0315245 0.15494 0.717221
0 0.472255 0.619354 0.0421999 0.213343 0.716584
0 0.958793 0.144207 0.0320217 0.165717 0.644896
0 0.932157 0.189273 0.0306511 0.169969 0.639183
0 0.8471 0.686736 0.0428295 0.206933 0.581986
0 0.428466 0.215918 0.0311428 0.15842 0.527223
3 0.838121 0.59871 0.127915 0.17204 0.523105
0 0.127991 0.233392 0.037617 0.227872 0.473595
3 0.701359 0.194601 0.10015 0.0993578 0.468836
0 0.159941 0.193021 0.0316509 0.148785 0.418768
0 0.234249 0.17315 0.025401 0.146661 0.405998
0 0.449414 0.0618361 0.0241041 0.123672 0.366831
58 0.809742 0.290143 0.0534727 0.0984006 0.339691
0 0.987752 0.473977 0.0235481 0.15637 0.316145
0 0.67393 0.562171 0.0437693 0.193795 0.311884
0 0.695402 0.0848024 0.0403788 0.164831 0.306424
0 0.19751 0.187455 0.0318423 0.144114 0.304209
3 0.8762 0.59458 0.0529873 0.169489 0.302124
0 0.259237 0.148792 0.0362997 0.172703 0.287939
0 0.394831 0.156732 0.0363639 0.149572 0.271378
3 0.806657 0.610237 0.0648924 0.138617 0.250215
