0 0.692742 0.88406 0.0502033 0.231803 0.854894
2 0.691406 0.409203 0.13871 0.237299 0.838314
0 0.466784 0.47434 0.0335653 0.194906 0.829481
0 0.181745 0.77778 0.044 0.236578 0.811128
0 0.914434 0.518495 0.0397652 0.19226 0.807859
0 0.511704 0.464762 0.0398106 0.204164 0.799989
0 0.491858 0.941043 0.0409184 0.117915 0.792619
0 0.853594 0.141221 0.0264849 0.146212 0.738548
0 0.847101 0.657945 0.0503038 0.21117 0.716763
0 0.935901 0.738635 0.0406294 0.231437 0.716307
0 0.227825 0.429924 0.0375584 0.194141 0.716281
0 0.19026 0.434687 0.0326089 0.162413 0.677518
0 0.599624 0.116254 0.0292864 0.147665 0.664428
0 0.912663 0.171405 0.0259134 0.165461 0.640072
0 0.256063 0.268533 0.0351823 0.181564 0.465713
0 0.434561 0.208761 0.0324959 0.161568 0.457016
0 0.782948 0.174029 0.0275806 0.145747 0.429242
0 0.182304 0.240392 0.0402053 0.175732 0.411886
0 0.695029 0.0859926 0.043248 0.16896 0.361914
1 0.696768 0.196245 0.0887291 0.108139 0.311909
0 0.20619 0.27413 0.030265 0.14528 0.289876
0 0.751635 0.0608696 0.0258585 0.112387 0.279701
3 0.804659 0.605164 0.0619072 0.128938 0.277835
58 0.80988 0.283847 0.0520733 0.0860648 0.265577
58 0.810904 0.308275 0.0525895 0.136368 0.263125
0 0.137364 0.191405 0.026702 0.160537 0.253535
3 0.801804 0.618374 0.0523533 0.0996374 0.253365
58 0.34554 0.304918 0.0488605 0.105968 0.251106
