0 0.191427 0.838085 0.0458511 0.241938 0.858786
0 0.666108 0.809625 0.0480806 0.243139 0.819314
2 0.691185 0.408695 0.138868 0.233505 0.816507
0 0.500189 0.416453 0.0395367 0.198644 0.808787
0 0.914474 0.51861 0.0375923 0.192625 0.807568
0 0.46129 0.428474 0.0338487 0.192075 0.770891
0 0.929531 0.734595 0.0486168 0.227628 0.72912
0 0.501151 0.931061 0.0373144 0.137878 0.707798
0 0.848999 0.65712 0.047374 0.211868 0.707105
0 0.222269 0.471317 0.0400468 0.196561 0.664587
0 0.868408 0.173925 0.028706 0.144392 0.6539
0 0.930305 0.211276 0.0287611 0.157282 0.651849
0 0.185653 0.468608 0.0325316 0.172609 0.610548
0 0.614561 0.149135 0.0301725 0.147206 0.604695
0 0.26614 0.292326 0.0314248 0.158951 0.577932
0 0.236265 0.304403 0.0325886 0.172194 0.50398
0 0.433223 0.208356 0.0326936 0.163439 0.498596
1 0.701985 0.197328 0.0985254 0.10203 0.312401
3 0.701332 0.19586 0.100174 0.0999018 0.304956
0 0.782332 0.202758 0.0300922 0.135702 0.301045
0 0.694826 0.0857836 0.0438232 0.167967 0.295227
0 0.162096 0.194229 0.0283403 0.152129 0.280981
0 0.190578 0.30445 0.025786 0.148552 0.277124
0 0.336945 0.782563 0.0309337 0.135779 0.259812
3 0.798936 0.619525 0.0474855 0.0942557 0.250991
