0 0.63734 0.847266 0.0452974 0.243894 0.867039
2 0.691213 0.408872 0.138988 0.234824 0.836569
0 0.465812 0.933209 0.0431455 0.133583 0.834465
0 0.917684 0.518455 0.0429714 0.195176 0.804331
0 0.22951 0.618784 0.0516252 0.225355 0.797445
0 0.683383 0.818477 0.0455778 0.233574 0.774612
0 0.263027 0.229607 0.0313661 0.168536 0.708463
0 0.173144 0.471132 0.0345466 0.192282 0.682779
0 0.849523 0.658612 0.047163 0.213276 0.676412
0 0.850164 0.196606 0.0307232 0.169175 0.635927
0 0.786286 0.0636265 0.0330183 0.12554 0.570015
0 0.523399 0.0386709 0.0328629 0.0723391 0.465991
0 0.232526 0.235855 0.0243279 0.134191 0.415383
0 0.423133 0.206629 0.0232109 0.157477 0.399952
0 0.180391 0.476876 0.025866 0.180116 0.329917
58 0.345269 0.305235 0.0478061 0.1062 0.291047
1 0.703273 0.194194 0.0968277 0.10102 0.282732
3 0.708017 0.192416 0.0895967 0.0977196 0.275377
0 0.148852 0.270862 0.0248022 0.163376 0.268512
