0 0.660526 0.786678 0.0455419 0.235384 0.847955
2 0.690663 0.40926 0.138594 0.234639 0.844426
0 0.457533 0.938272 0.0429386 0.123456 0.829742
0 0.918192 0.51821 0.0434809 0.19433 0.816108
0 0.241008 0.624076 0.040885 0.224599 0.802926
0 0.173317 0.492575 0.0386567 0.204066 0.782783
0 0.61918 0.809876 0.0410957 0.238561 0.780379
0 0.848433 0.659031 0.048811 0.217488 0.699389
0 0.26112 0.238623 0.0329487 0.179972 0.659693
0 0.847511 0.176668 0.0279739 0.161865 0.563238
0 0.184094 0.267873 0.0297053 0.159928 0.448626
0 0.49926 0.0368557 0.0311003 0.07271 0.431337
0 0.229578 0.247104 0.0260114 0.136178 0.427407
0 0.785171 0.0640875 0.0318665 0.118742 0.412924
0 0.147641 0.264405 0.0273082 0.141683 0.365808
0 0.177715 0.496271 0.0294797 0.184881 0.348466
58 0.345316 0.306509 0.0479278 0.109836 0.312962
0 0.164005 0.185757 0.0287124 0.122494 0.308945
1 0.703674 0.197252 0.0951292 0.0939258 0.2896
36 0.241575 0.726315 0.0395325 0.0243469 0.288974
0 0.423269 0.208609 0.0267273 0.156133 0.285773
3 0.809203 0.60971 0.0694449 0.134855 0.274682
0 0.202848 0.17556 0.0340266 0.173279 0.270899
0 0.299469 0.190147 0.0287085 0.152621 0.256614
0 0.337144 0.782164 0.0319091 0.135284 0.250004
