2 0.691124 0.410311 0.139099 0.235597 0.852897
0 0.916137 0.521043 0.0377327 0.194809 0.831903
0 0.224545 0.621208 0.0480113 0.220648 0.814252
0 0.283974 0.412095 0.0375091 0.201329 0.804623
0 0.503997 0.917052 0.0372255 0.165681 0.761308
0 0.104738 0.759174 0.0549413 0.244808 0.716931
0 0.593054 0.201861 0.0302757 0.166462 0.713518
0 0.323538 0.407553 0.0326894 0.172868 0.697858
0 0.244435 0.268753 0.0358142 0.188079 0.695941
0 0.422475 0.392599 0.0347908 0.188325 0.678989
0 0.0707469 0.691783 0.0444961 0.244214 0.63971
0 0.83593 0.0619455 0.0264023 0.123891 0.61087
0 0.734243 0.649647 0.055901 0.22854 0.608281
0 0.491547 0.202449 0.0335165 0.156912 0.595915
3 0.837003 0.612426 0.127302 0.152096 0.56497
0 0.127348 0.554941 0.0319316 0.192749 0.559418
0 0.630231 0.191579 0.028188 0.149528 0.545547
0 0.432676 0.200857 0.039393 0.204288 0.532385
0 0.163487 0.193173 0.026987 0.149127 0.455296
0 0.453798 0.393538 0.0312682 0.175684 0.42172
0 0.073436 0.580198 0.0406923 0.136094 0.38707
0 0.790447 0.098839 0.0272207 0.0691158 0.330915
0 0.196531 0.177805 0.0312392 0.160228 0.259712
0 0.518909 0.187194 0.0296809 0.140851 0.259061
