2 0.691476 0.409771 0.138411 0.236178 0.849733
0 0.194303 0.61184 0.0453979 0.220181 0.812081
0 0.91581 0.520326 0.038271 0.197027 0.799085
0 0.592821 0.512274 0.035144 0.1872 0.765773
0 0.250994 0.363598 0.0419426 0.190958 0.762747
0 0.531816 0.918574 0.0433168 0.15936 0.756968
0 0.250304 0.630752 0.0378713 0.209824 0.749714
0 0.460685 0.562762 0.0363632 0.204035 0.745593
0 0.938957 0.166305 0.031835 0.150276 0.712913
0 0.494701 0.572105 0.0407553 0.19104 0.710074
0 0.856064 0.712456 0.028141 0.198224 0.644128
0 0.310492 0.959605 0.04706 0.08079 0.622381
0 0.868602 0.099082 0.033815 0.147495 0.57578
0 0.541206 0.120203 0.0265679 0.1489 0.565062
0 0.428019 0.218845 0.0321378 0.159611 0.533154
0 0.512385 0.107671 0.0299732 0.160438 0.494225
3 0.83771 0.601703 0.126806 0.160946 0.487177
0 0.948311 0.499641 0.0367805 0.18864 0.403211
0 0.119759 0.354226 0.0301969 0.156209 0.374771
3 0.701823 0.195369 0.0989436 0.0969163 0.365174
0 0.199038 0.179238 0.0337283 0.163571 0.349054
0 0.158697 0.1923 0.0321066 0.151614 0.347361
0 0.444121 0.052941 0.0222429 0.0987945 0.278734
0 0.233451 0.156018 0.0203841 0.159576 0.272043
0 0.695203 0.0853875 0.0413883 0.164541 0.268618
58 0.809685 0.284115 0.0522145 0.0842773 0.25994
3 0.87466 0.595716 0.0554657 0.151792 0.251942
