0 0.915693 0.520266 0.0386227 0.196314 0.851934
2 0.691274 0.41061 0.138981 0.234928 0.843338
0 0.274212 0.435146 0.0373877 0.200004 0.779697
0 0.575809 0.192432 0.0301977 0.165119 0.747422
0 0.849395 0.0756488 0.0312656 0.134007 0.702907
0 0.503808 0.917143 0.0354824 0.160941 0.702634
0 0.320053 0.441988 0.0306831 0.184929 0.678603
0 0.741441 0.644027 0.0630537 0.234865 0.673247
0 0.224777 0.591857 0.0441831 0.22263 0.671491
0 0.613926 0.18066 0.0292785 0.151359 0.67072
0 0.0869977 0.635523 0.0457257 0.224432 0.6422
0 0.13111 0.793686 0.0458524 0.234575 0.641463
0 0.253029 0.252315 0.0397365 0.192147 0.621487
0 0.129668 0.524265 0.0330383 0.180496 0.597246
0 0.503697 0.18585 0.0294901 0.162155 0.592464
0 0.429245 0.413 0.0319992 0.183803 0.553041
3 0.837941 0.611668 0.127586 0.154214 0.53174
0 0.746038 0.641962 0.0439051 0.234884 0.442567
0 0.46469 0.415764 0.0326988 0.175676 0.420277
3 0.70125 0.196622 0.101103 0.100595 0.396772
0 0.428939 0.217954 0.0328346 0.158158 0.35611
0 0.783296 0.115784 0.0271681 0.11585 0.346712
0 0.11334 0.692171 0.0405153 0.156616 0.319789
0 0.112916 0.730016 0.0429098 0.229369 0.281552
