2 0.691433 0.409349 0.139218 0.235346 0.825207
0 0.41528 0.662028 0.0421127 0.224991 0.781016
0 0.88806 0.339279 0.0376148 0.180069 0.747767
0 0.149364 0.913231 0.0484663 0.173539 0.747165
0 0.916041 0.519266 0.0338554 0.191143 0.728166
0 0.959774 0.301643 0.03314 0.166112 0.70023
0 0.59446 0.850227 0.0450012 0.215633 0.695579
0 0.789851 0.0668853 0.0309315 0.1282 0.682056
0 0.213223 0.295037 0.0343874 0.173406 0.665086
0 0.5491 0.823256 0.0401329 0.188076 0.608273
0 0.429694 0.204943 0.0371708 0.187216 0.579611
3 0.700498 0.194432 0.102581 0.107956 0.551436
0 0.255691 0.164718 0.0323211 0.166196 0.539225
0 0.848361 0.664353 0.0436417 0.19845 0.504797
0 0.547957 0.932442 0.0481713 0.135116 0.48118
0 0.0870505 0.356426 0.0248816 0.163325 0.457409
0 0.117744 0.358462 0.0342883 0.172214 0.438479
0 0.87789 0.0653332 0.0272263 0.130666 0.436554
0 0.695164 0.0866525 0.0429362 0.170364 0.419053
0 0.466632 0.0531196 0.0267452 0.0946188 0.4067
0 0.161352 0.17636 0.0322396 0.187236 0.39944
0 0.203034 0.16068 0.0319969 0.151006 0.339072
0 0.376049 0.255717 0.0393384 0.132064 0.308229
0 0.497404 0.0436947 0.0227911 0.0808546 0.290381
58 0.810501 0.295264 0.0557407 0.112268 0.288969
3 0.840045 0.606569 0.127641 0.141107 0.27918
1 0.701406 0.19787 0.100358 0.101897 0.277954
58 0.344701 0.305872 0.0468536 0.108118 0.271316
