2 0.691037 0.411591 0.138986 0.236214 0.851916
0 0.915684 0.519987 0.0382692 0.194813 0.839604
0 0.512148 0.923828 0.0452158 0.14532 0.796166
0 0.152948 0.831428 0.0466105 0.249195 0.786387
0 0.218256 0.557046 0.0505577 0.220987 0.780696
0 0.269827 0.456513 0.0390161 0.203454 0.758953
0 0.311926 0.464899 0.0335519 0.190262 0.755665
0 0.111611 0.64214 0.0403498 0.231993 0.735252
0 0.863484 0.0840879 0.0279247 0.143307 0.700758
0 0.758736 0.639848 0.0446977 0.230099 0.666932
0 0.563205 0.180195 0.0283314 0.165484 0.646073
0 0.50634 0.168511 0.0355001 0.169134 0.606998
0 0.600341 0.167945 0.0303695 0.152045 0.599251
0 0.133529 0.495959 0.0318238 0.172967 0.559148
0 0.435576 0.430393 0.0407654 0.188776 0.541881
3 0.701273 0.195861 0.100336 0.100524 0.468958
3 0.840391 0.618651 0.121204 0.138267 0.442824
0 0.780646 0.105373 0.0263958 0.1309 0.43754
0 0.255878 0.239576 0.0361976 0.183357 0.428625
0 0.144127 0.702534 0.0343651 0.109042 0.411609
0 0.473098 0.43601 0.0331926 0.185221 0.384881
0 0.429386 0.218591 0.0327003 0.156622 0.296405
0 0.165772 0.194298 0.0306216 0.151629 0.284959
1 0.69257 0.199099 0.0849773 0.108745 0.255424
0 0.281227 0.190829 0.0291127 0.151258 0.250038
