2 0.691289 0.410043 0.139108 0.23629 0.871068
0 0.916004 0.521258 0.0380428 0.195793 0.83448
0 0.236743 0.306451 0.0380098 0.190548 0.810827
0 0.471419 0.249143 0.0364298 0.17357 0.80795
0 0.236904 0.714209 0.0473461 0.235677 0.791003
0 0.535027 0.923235 0.0307895 0.149798 0.762593
0 0.0699275 0.623196 0.0376634 0.228548 0.756437
0 0.0291353 0.682652 0.0582706 0.220973 0.740993
0 0.734377 0.648118 0.0535517 0.225016 0.716578
0 0.139129 0.621523 0.0348081 0.189744 0.708481
0 0.289942 0.368722 0.0302203 0.184369 0.614791
3 0.836831 0.610307 0.127341 0.15443 0.610684
0 0.408377 0.344758 0.0315845 0.173388 0.603357
0 0.19804 0.177153 0.0312992 0.161353 0.569571
0 0.505281 0.19314 0.0343391 0.162014 0.559503
0 0.43361 0.355106 0.030384 0.16643 0.507156
0 0.427495 0.214425 0.0300032 0.150539 0.483466
0 0.16467 0.193249 0.0273601 0.155456 0.457052
0 0.58308 0.204416 0.029302 0.133536 0.432906
0 0.642855 0.219207 0.0286084 0.160083 0.424883
3 0.7121 0.193551 0.0801783 0.094689 0.417243
0 0.333078 0.353467 0.0310144 0.193108 0.368662
0 0.788533 0.101436 0.0288321 0.0710213 0.306426
0 0.666199 0.209913 0.0273701 0.161769 0.297075
0 0.788135 0.13123 0.0296192 0.132643 0.283595
