2 0.691246 0.409116 0.138824 0.236795 0.837511
0 0.917841 0.517742 0.0436142 0.195905 0.806536
0 0.462053 0.933394 0.044516 0.133211 0.782496
0 0.172302 0.46554 0.0357659 0.199453 0.782206
0 0.649706 0.860601 0.0444462 0.241275 0.772903
0 0.220179 0.613558 0.0335239 0.224474 0.722375
0 0.696716 0.843134 0.0497955 0.24469 0.692001
0 0.85203 0.197919 0.0334095 0.16395 0.644777
0 0.264882 0.219614 0.0314409 0.165658 0.636593
0 0.786981 0.0657193 0.0324671 0.13123 0.635162
0 0.42693 0.206809 0.0273452 0.160572 0.522132
0 0.844828 0.658852 0.0557598 0.212457 0.518363
0 0.149248 0.269706 0.0284138 0.173776 0.468995
3 0.701346 0.189452 0.101837 0.113253 0.452179
0 0.305567 0.181471 0.0275778 0.164719 0.390893
0 0.234373 0.231648 0.0256678 0.138187 0.38488
1 0.702039 0.19321 0.0991255 0.108327 0.351605
58 0.346019 0.307111 0.0486345 0.110501 0.322256
0 0.704724 0.8516 0.0351122 0.229103 0.278577
3 0.809052 0.609777 0.0685925 0.134163 0.263463
0 0.693408 0.0872787 0.0402281 0.169735 0.255437
