2 0.691421 0.40866 0.138417 0.237186 0.898833
0 0.228959 0.428829 0.0448473 0.205859 0.846946
0 0.916112 0.52004 0.0377531 0.194667 0.834569
0 0.0722308 0.622904 0.0417847 0.225571 0.802287
0 0.0194801 0.836567 0.0389369 0.229224 0.740393
0 0.984004 0.342787 0.0306732 0.176949 0.724316
0 0.225043 0.940747 0.0513027 0.118506 0.712399
0 0.544768 0.236205 0.0320005 0.171641 0.706126
0 0.28161 0.255462 0.0323831 0.175267 0.68296
0 0.646307 0.954669 0.0417456 0.0906621 0.680148
0 0.733429 0.642298 0.0552029 0.229254 0.635543
0 0.786755 0.291318 0.0321831 0.177953 0.627782
0 0.427561 0.217854 0.0325081 0.164639 0.604818
0 0.197694 0.172933 0.0340431 0.166068 0.512938
0 0.461559 0.223716 0.0269673 0.164823 0.48937
0 0.267753 0.249264 0.0269128 0.163077 0.480421
0 0.476955 0.258977 0.029961 0.169593 0.441588
0 0.788374 0.0991223 0.0285474 0.0681614 0.403737
0 0.275847 0.250434 0.0418502 0.170047 0.399625
0 0.161357 0.183663 0.0283875 0.166564 0.379872
0 0.728111 0.634903 0.040989 0.212193 0.362306
3 0.836647 0.60841 0.129609 0.156335 0.333913
0 0.100965 0.417894 0.0322155 0.181813 0.305035
0 0.727842 0.273904 0.0346472 0.116846 0.304844
58 0.812031 0.309468 0.0518948 0.140004 0.290116
0 0.37545 0.25453 0.0362741 0.131452 0.277446
