2 0.691492 0.408365 0.138551 0.237674 0.898182
0 0.916409 0.519847 0.0382606 0.194329 0.834617
0 0.54818 0.231862 0.0321008 0.167095 0.814828
0 0.0724271 0.623119 0.0430512 0.226027 0.781836
0 0.224196 0.448057 0.0443055 0.216905 0.779409
0 0.501587 0.263933 0.0473639 0.165668 0.756271
0 0.978115 0.321329 0.0394459 0.178795 0.72706
0 0.0170762 0.863166 0.0341525 0.230561 0.712881
0 0.637352 0.955312 0.0336018 0.0893753 0.704244
0 0.279106 0.241599 0.0367616 0.172895 0.69168
0 0.735646 0.641988 0.0589088 0.230801 0.641128
0 0.427184 0.217716 0.0311289 0.161028 0.617409
0 0.224702 0.958785 0.0507686 0.0824301 0.533722
0 0.727648 0.634977 0.0433413 0.213895 0.517957
0 0.466195 0.222645 0.0291445 0.165518 0.496162
3 0.836227 0.608421 0.129027 0.155164 0.480177
0 0.109294 0.430766 0.0336996 0.162683 0.471479
0 0.734808 0.284162 0.0365578 0.160741 0.440402
0 0.787869 0.099773 0.0280264 0.0684119 0.324036
0 0.837722 0.281044 0.0253315 0.125707 0.30676
