2 0.691513 0.411576 0.138468 0.236629 0.835232
0 0.189172 0.633788 0.0494708 0.229086 0.811949
0 0.46281 0.577747 0.0374707 0.195574 0.803051
0 0.243343 0.647985 0.03659 0.211332 0.799058
0 0.253063 0.353122 0.037162 0.190096 0.799007
0 0.915483 0.521842 0.0359228 0.193862 0.769435
0 0.532623 0.919044 0.0458096 0.158663 0.764494
0 0.511538 0.106819 0.0291811 0.157973 0.711085
0 0.50138 0.583069 0.0384416 0.191521 0.688228
0 0.937831 0.179255 0.0317268 0.151144 0.669736
0 0.613104 0.527063 0.0340824 0.181878 0.656807
0 0.5404 0.113545 0.0280007 0.144355 0.6518
0 0.869482 0.110679 0.0320156 0.150561 0.642952
0 0.428382 0.217971 0.0320267 0.159252 0.551224
3 0.838528 0.598741 0.127595 0.163776 0.484561
0 0.856773 0.702272 0.0255421 0.217397 0.418201
0 0.234443 0.15944 0.0234119 0.156384 0.400098
0 0.322797 0.972854 0.0463964 0.0542922 0.397894
0 0.257917 0.153409 0.0373743 0.166776 0.382701
3 0.701747 0.195257 0.0993374 0.0995382 0.380943
0 0.158178 0.194787 0.03402 0.147405 0.355662
0 0.118454 0.344497 0.031569 0.156282 0.306366
0 0.695229 0.084831 0.0407238 0.163855 0.280507
0 0.197791 0.179452 0.030415 0.161962 0.280005
0 0.856101 0.654843 0.0227732 0.129326 0.279496
