2 0.691537 0.409386 0.138371 0.23675 0.885712
0 0.239657 0.388796 0.0419699 0.209499 0.852591
0 0.916413 0.519478 0.0381203 0.193758 0.83952
0 0.230746 0.893188 0.0540102 0.213624 0.837152
0 0.0307775 0.750357 0.0369598 0.200472 0.814682
0 0.0714796 0.622258 0.0400287 0.229016 0.750004
0 0.627135 0.941382 0.0381968 0.117235 0.741397
0 0.733707 0.644262 0.053355 0.227163 0.702364
0 0.283649 0.288137 0.0420486 0.179637 0.675818
0 0.522279 0.265418 0.0315083 0.164698 0.649513
0 0.74854 0.271952 0.030287 0.187082 0.62614
0 0.772546 0.26096 0.0288734 0.159475 0.607733
0 0.639884 0.225103 0.0424252 0.15747 0.603751
3 0.83694 0.607249 0.129837 0.158458 0.579388
0 0.681914 0.240285 0.0406933 0.114128 0.468441
0 0.468502 0.269487 0.0273179 0.149153 0.444494
0 0.446332 0.256729 0.0308155 0.167511 0.432505
0 0.426466 0.22472 0.0289306 0.175131 0.414653
0 0.788116 0.100056 0.0287035 0.0686871 0.396497
0 0.390932 0.253938 0.0251349 0.156468 0.379273
0 0.167298 0.191657 0.0288112 0.156583 0.366699
0 0.121713 0.191249 0.0287977 0.140486 0.345136
0 0.199143 0.176444 0.033291 0.163333 0.332446
0 0.264636 0.179223 0.0275794 0.119038 0.323333
0 0.379576 0.257784 0.0439052 0.160776 0.277835
0 0.0735243 0.434589 0.0278631 0.126674 0.269799
58 0.810529 0.311977 0.0528872 0.140734 0.260089
