0 0.169417 0.691749 0.0481136 0.227319 0.835461
2 0.691086 0.412257 0.138244 0.240175 0.81268
0 0.540708 0.928925 0.0443548 0.14215 0.790392
0 0.251637 0.30173 0.0390594 0.184362 0.789119
0 0.415153 0.633088 0.0437782 0.230758 0.787171
0 0.916254 0.519602 0.0376564 0.192522 0.781371
0 0.476918 0.635673 0.0396692 0.220245 0.761397
0 0.51862 0.641611 0.0422008 0.192181 0.755009
0 0.214481 0.715433 0.0397822 0.223673 0.753595
0 0.53896 0.0936885 0.0278213 0.145226 0.718194
0 0.892819 0.158552 0.0323887 0.15578 0.663548
0 0.843759 0.686496 0.0432507 0.21071 0.624637
0 0.505251 0.0806895 0.0290864 0.153474 0.611822
0 0.428644 0.21537 0.0304024 0.159391 0.574124
0 0.927734 0.203496 0.0253126 0.159751 0.56994
0 0.982388 0.460683 0.0344952 0.166012 0.538808
3 0.836608 0.604148 0.128177 0.16071 0.538751
3 0.700799 0.195248 0.101939 0.102917 0.515994
0 0.0682827 0.421547 0.0326547 0.144966 0.466967
0 0.454374 0.0636177 0.0257512 0.127235 0.417765
0 0.948054 0.148331 0.0339037 0.15669 0.417681
0 0.160575 0.193584 0.0312102 0.148847 0.409476
0 0.701201 0.554008 0.0358393 0.15261 0.381869
0 0.702736 0.574126 0.0481367 0.183622 0.351585
0 0.196354 0.179366 0.0341174 0.161615 0.342179
58 0.80984 0.286032 0.0532448 0.0893333 0.327402
0 0.695617 0.0849076 0.0410324 0.165177 0.325179
0 0.237824 0.179339 0.0245593 0.15177 0.299243
0 0.12897 0.237146 0.033615 0.29153 0.284103
0 0.253573 0.134547 0.0320328 0.160881 0.280824
0 0.901256 0.403398 0.0317932 0.0873319 0.269478
