2 0.690996 0.408475 0.138534 0.23661 0.852251
0 0.458768 0.932995 0.0421276 0.134011 0.805262
0 0.917848 0.518047 0.0433689 0.195683 0.803968
0 0.658783 0.873525 0.0449706 0.242033 0.77657
0 0.218064 0.613405 0.0335237 0.227357 0.755737
0 0.172703 0.454628 0.0371371 0.203929 0.751528
0 0.705675 0.849147 0.0442011 0.243685 0.71781
0 0.26565 0.214021 0.0313213 0.165239 0.654964
0 0.786815 0.0665525 0.0314943 0.131851 0.643661
0 0.851085 0.209085 0.0354149 0.173193 0.614356
0 0.148262 0.271794 0.0293193 0.181045 0.568983
0 0.542568 0.039048 0.0221331 0.0750409 0.486745
0 0.428327 0.208112 0.0275539 0.158404 0.469781
0 0.844863 0.658429 0.0563515 0.212327 0.439437
58 0.345814 0.306945 0.048131 0.109652 0.34537
3 0.839783 0.600247 0.127661 0.150505 0.305891
0 0.172046 0.276411 0.0302185 0.163496 0.29763
0 0.234863 0.218406 0.0234656 0.145957 0.280423
3 0.711153 0.192657 0.0822381 0.0957952 0.274263
0 0.694535 0.0847265 0.039869 0.164152 0.26844
