2 0.691191 0.410701 0.138886 0.236538 0.832352
0 0.225866 0.604278 0.0491765 0.222749 0.817368
0 0.916853 0.518624 0.0442478 0.196048 0.805641
0 0.864464 0.224949 0.0361908 0.162792 0.737959
0 0.180951 0.423248 0.0355073 0.197066 0.735301
0 0.458541 0.930051 0.0322724 0.139899 0.73193
0 0.699898 0.908712 0.0436884 0.182575 0.726961
0 0.263929 0.196802 0.0306823 0.166417 0.683108
0 0.745888 0.898865 0.0540016 0.20227 0.655027
0 0.788031 0.0666214 0.0324532 0.128791 0.619919
0 0.435856 0.213786 0.0277634 0.162829 0.604083
0 0.235072 0.202816 0.0245023 0.144009 0.52449
0 0.588112 0.980997 0.0213832 0.0380065 0.513887
0 0.135217 0.291981 0.0299849 0.164281 0.49531
0 0.59008 0.0482967 0.025242 0.0935292 0.493405
3 0.701202 0.191341 0.101232 0.10873 0.488258
0 0.845917 0.659365 0.0531475 0.211589 0.467773
0 0.695033 0.0864185 0.0412036 0.166827 0.42709
0 0.634742 0.983347 0.0231331 0.0333052 0.385545
3 0.840266 0.599181 0.127489 0.152976 0.337176
0 0.376013 0.260345 0.0392242 0.119571 0.333105
58 0.347281 0.309795 0.0519478 0.11258 0.327299
0 0.20063 0.180293 0.0322477 0.159922 0.311724
1 0.702714 0.195086 0.0982311 0.100976 0.26076
0 0.853574 0.65814 0.0392544 0.205127 0.259306
