0 0.500178 0.417897 0.039152 0.200565 0.831245
2 0.691416 0.408498 0.138622 0.233265 0.830827
0 0.663221 0.806939 0.0505125 0.241232 0.822637
0 0.191177 0.843194 0.045593 0.246075 0.818975
0 0.914463 0.518594 0.0384556 0.19248 0.813004
0 0.460846 0.426508 0.0348257 0.188351 0.790017
0 0.929064 0.734756 0.0485271 0.227578 0.752146
0 0.848744 0.65707 0.0473785 0.21217 0.715935
0 0.870431 0.175758 0.0273396 0.146026 0.709545
0 0.500188 0.930865 0.0377123 0.138271 0.701277
0 0.222536 0.476555 0.0387228 0.199326 0.699057
0 0.184933 0.472767 0.0336131 0.176481 0.685496
0 0.236594 0.309737 0.0323237 0.177647 0.658821
0 0.614786 0.151773 0.0298807 0.152881 0.64576
0 0.931022 0.212688 0.0278328 0.158583 0.645357
0 0.267664 0.295681 0.0317645 0.16033 0.562686
0 0.432395 0.207763 0.0336351 0.162688 0.534374
0 0.188803 0.309414 0.0273567 0.151025 0.356485
0 0.16232 0.193406 0.0293436 0.152364 0.352776
0 0.781518 0.203992 0.0284845 0.135803 0.342463
1 0.701429 0.198177 0.0993246 0.10068 0.32825
0 0.694521 0.0877342 0.0443262 0.17206 0.281355
3 0.701247 0.196415 0.10018 0.099737 0.278273
0 0.132982 0.198389 0.0334663 0.148404 0.254053
