2 0.691485 0.410216 0.139328 0.237321 0.844475
0 0.91456 0.519143 0.0401794 0.194316 0.801401
0 0.190316 0.922351 0.0551382 0.151731 0.770417
0 0.206449 0.337236 0.0339567 0.183415 0.733366
0 0.880509 0.298558 0.0373201 0.173947 0.714193
0 0.581237 0.900728 0.0439117 0.19807 0.700983
0 0.153044 0.956127 0.0447536 0.0877469 0.696467
0 0.630675 0.906496 0.0464792 0.187008 0.689616
0 0.787651 0.0674261 0.0307858 0.130664 0.676859
0 0.537235 0.93544 0.0346004 0.12912 0.661431
0 0.844534 0.658879 0.058667 0.213561 0.569993
0 0.162572 0.189929 0.0307204 0.163109 0.544713
0 0.236833 0.141408 0.026539 0.151192 0.528687
0 0.201162 0.179726 0.0297325 0.167078 0.516012
0 0.988415 0.337593 0.0224751 0.181252 0.507687
3 0.701139 0.194723 0.100734 0.10439 0.505933
0 0.86408 0.0537374 0.0304527 0.104173 0.483765
0 0.101967 0.332558 0.0283626 0.174323 0.40215
0 0.266438 0.139707 0.0287842 0.187093 0.400355
0 0.695232 0.0856934 0.0418898 0.167938 0.364923
1 0.702364 0.196439 0.098671 0.102872 0.329392
58 0.345826 0.306896 0.0490213 0.109255 0.323748
2 0.0591546 0.337456 0.0660498 0.147635 0.296014
0 0.435376 0.212178 0.026981 0.163413 0.292965
3 0.841639 0.597757 0.125319 0.153021 0.291224
0 0.85368 0.657633 0.0422802 0.21434 0.282403
0 0.306479 0.184285 0.0287947 0.151283 0.258215
0 0.434754 0.16481 0.0323639 0.229646 0.256414
