2 0.691255 0.410261 0.139299 0.234536 0.871757
0 0.916248 0.521525 0.0377073 0.195324 0.829206
0 0.238455 0.712932 0.0494463 0.237482 0.802108
0 0.236736 0.303843 0.0379426 0.195317 0.801261
0 0.531212 0.925204 0.0327724 0.148057 0.786686
0 0.471695 0.25009 0.0378103 0.177158 0.772298
0 0.0700318 0.622328 0.0385891 0.230253 0.742814
0 0.73411 0.645873 0.052751 0.227259 0.722074
0 0.0327886 0.682264 0.0488725 0.211528 0.711678
0 0.138587 0.619127 0.0348535 0.188652 0.705009
0 0.636812 0.223518 0.0295385 0.166558 0.671655
0 0.28924 0.370332 0.0310909 0.193368 0.641709
0 0.408298 0.346271 0.031561 0.17427 0.599929
0 0.198006 0.177469 0.030768 0.160824 0.583762
3 0.836751 0.611076 0.126777 0.15328 0.582174
0 0.434535 0.35748 0.0321841 0.164585 0.520404
0 0.577604 0.206519 0.0297028 0.144037 0.493612
0 0.427517 0.213655 0.0321591 0.150801 0.475189
3 0.711495 0.194848 0.0810747 0.0921359 0.473325
0 0.164816 0.193425 0.0277975 0.155291 0.470916
0 0.333228 0.355596 0.0314158 0.197485 0.43318
0 0.660959 0.214711 0.0275108 0.14874 0.38744
0 0.340555 0.772225 0.0258993 0.14842 0.316426
0 0.498159 0.189739 0.0329035 0.154758 0.298309
0 0.376811 0.296423 0.0402153 0.191357 0.26386
0 0.788124 0.101522 0.0285387 0.069473 0.256664
