0 0.871199 0.285878 0.0349106 0.169561 0.84246
2 0.691359 0.409515 0.13904 0.237123 0.82179
0 0.91319 0.519623 0.0441875 0.195946 0.817657
0 0.19091 0.938702 0.0505356 0.122595 0.793164
0 0.204727 0.34972 0.034625 0.180569 0.678746
0 0.787746 0.06686 0.0322986 0.128784 0.664795
0 0.596361 0.913755 0.0420074 0.172491 0.661178
0 0.53318 0.937171 0.0320755 0.125657 0.653199
0 0.150849 0.970968 0.0421904 0.0580644 0.611138
0 0.635981 0.918222 0.0391054 0.163556 0.571747
0 0.106295 0.326709 0.0297851 0.16428 0.543087
0 0.328672 0.615439 0.0472896 0.217102 0.520139
0 0.845061 0.658626 0.0568878 0.212949 0.509711
0 0.435642 0.21282 0.0283701 0.160182 0.48742
3 0.701126 0.195764 0.100835 0.0993653 0.468233
0 0.202912 0.179972 0.0297349 0.183201 0.416882
0 0.161681 0.187815 0.0334653 0.168466 0.365114
0 0.139976 0.330335 0.0343221 0.162379 0.337056
0 0.695704 0.0829043 0.041485 0.163336 0.306181
0 0.855353 0.656754 0.0388288 0.214229 0.302405
3 0.841298 0.599531 0.124456 0.153156 0.284686
58 0.34619 0.30493 0.0496955 0.105295 0.275754
58 0.809582 0.310338 0.0531925 0.139536 0.264901
0 0.24103 0.146038 0.0256254 0.155164 0.25883
