0 0.191256 0.835595 0.04575 0.239376 0.867887
0 0.666343 0.812796 0.0466541 0.248682 0.826961
2 0.691254 0.408504 0.138795 0.233808 0.822059
0 0.914674 0.518572 0.037859 0.192346 0.80902
0 0.50036 0.416784 0.0387692 0.199941 0.80722
0 0.461337 0.429636 0.0343604 0.191967 0.777698
0 0.929729 0.735917 0.0492823 0.230494 0.73133
0 0.500822 0.930936 0.0374655 0.138129 0.718271
0 0.848584 0.657127 0.0480381 0.212381 0.704002
0 0.222346 0.468477 0.0410899 0.1974 0.701961
0 0.185956 0.468813 0.0324091 0.174148 0.637786
0 0.867977 0.174312 0.0293121 0.14787 0.635955
0 0.930487 0.209711 0.0288116 0.154042 0.624891
0 0.61449 0.14918 0.0298817 0.148105 0.603561
0 0.266018 0.291473 0.0309431 0.160759 0.537477
0 0.236392 0.302992 0.0342029 0.172483 0.477583
0 0.433289 0.208065 0.0332187 0.161577 0.471487
1 0.702082 0.197371 0.0982455 0.10251 0.353754
0 0.16185 0.193698 0.0280771 0.151582 0.303681
3 0.701517 0.195589 0.0997818 0.100361 0.276771
0 0.782309 0.201297 0.0302658 0.137674 0.268345
0 0.191858 0.303777 0.0251542 0.153712 0.265274
0 0.694552 0.0862491 0.0442093 0.168627 0.253683
0 0.336814 0.782695 0.0307158 0.135039 0.251748
