0 0.536964 0.104213 0.0291412 0.145522 0.800616
2 0.691233 0.413102 0.137962 0.240699 0.799051
0 0.173735 0.659841 0.0473527 0.227015 0.797974
0 0.255525 0.321421 0.0407773 0.185051 0.761199
0 0.469393 0.613011 0.0378489 0.221388 0.760331
0 0.881684 0.137111 0.0366997 0.156771 0.757274
0 0.915792 0.516547 0.0367308 0.200227 0.754701
0 0.229229 0.685556 0.0380728 0.218317 0.743572
0 0.530595 0.928596 0.0464087 0.142808 0.735615
0 0.505427 0.609609 0.037112 0.1891 0.697687
0 0.654332 0.549047 0.037126 0.187854 0.69643
0 0.508874 0.0959671 0.0278994 0.14869 0.653609
0 0.936541 0.181041 0.0304436 0.169036 0.617083
0 0.389686 0.630324 0.0454431 0.226445 0.599192
0 0.428233 0.217186 0.0326001 0.158757 0.576432
0 0.259522 0.151946 0.0385601 0.179958 0.554524
0 0.849705 0.684064 0.0490313 0.216114 0.545025
3 0.839314 0.599545 0.127774 0.163448 0.473584
0 0.160662 0.193391 0.0324024 0.147881 0.453558
0 0.44631 0.0612991 0.0255289 0.122598 0.384642
3 0.701063 0.193321 0.100295 0.101403 0.383727
0 0.233251 0.167906 0.0247459 0.153053 0.383348
0 0.978597 0.15133 0.0323854 0.154518 0.370474
0 0.694852 0.0863612 0.0418331 0.16846 0.357447
1 0.70277 0.195707 0.0977375 0.100894 0.334783
58 0.809712 0.285102 0.0529634 0.0876438 0.326016
0 0.130821 0.201357 0.0310051 0.14413 0.309595
0 0.199771 0.182932 0.0284782 0.15565 0.297502
0 0.0665592 0.42658 0.0292719 0.135421 0.287248
