2 0.691148 0.410198 0.139085 0.235299 0.857572
0 0.915938 0.520923 0.038327 0.195407 0.851314
0 0.489681 0.21441 0.0370399 0.168008 0.803396
0 0.505348 0.91806 0.0359125 0.16388 0.776408
0 0.22818 0.631167 0.0432392 0.21964 0.765288
0 0.283695 0.409204 0.038289 0.204589 0.754685
0 0.242424 0.270394 0.0361466 0.189703 0.707379
0 0.596597 0.203668 0.028404 0.16471 0.707052
0 0.0985939 0.74426 0.0608182 0.241918 0.636478
0 0.733885 0.646573 0.0548708 0.230694 0.634322
0 0.325354 0.408075 0.0313388 0.173543 0.626405
0 0.632469 0.19774 0.0260942 0.149256 0.606153
0 0.419449 0.384439 0.03477 0.174648 0.574317
3 0.837241 0.61255 0.128322 0.151278 0.545349
0 0.127274 0.556984 0.0295634 0.187815 0.540755
0 0.163805 0.194762 0.0269298 0.147059 0.454196
0 0.833059 0.0615468 0.0242477 0.123094 0.440627
0 0.0616068 0.691441 0.0479754 0.227559 0.43734
0 0.445406 0.38852 0.0269247 0.17291 0.420588
0 0.431189 0.218838 0.0380997 0.165684 0.365608
0 0.0705771 0.578026 0.0425269 0.13216 0.364145
0 0.790817 0.0999719 0.0268545 0.0697678 0.358561
0 0.524847 0.189432 0.0284334 0.140068 0.352704
0 0.436338 0.20529 0.0461648 0.197202 0.286874
