2 0.691252 0.410095 0.139327 0.235266 0.864175
0 0.916088 0.521542 0.0376263 0.195678 0.83103
0 0.23836 0.713053 0.0497916 0.237006 0.804547
0 0.236754 0.303637 0.0377196 0.195332 0.797721
0 0.531774 0.924757 0.0322174 0.14876 0.782293
0 0.471894 0.24987 0.0384869 0.177622 0.779375
0 0.0703287 0.622517 0.0384051 0.230201 0.735479
0 0.734308 0.646838 0.0525955 0.223782 0.715935
0 0.0308756 0.68226 0.0545499 0.215557 0.686996
0 0.139163 0.620092 0.0349832 0.190149 0.686591
0 0.289365 0.369449 0.0325802 0.19382 0.629666
0 0.407563 0.345935 0.0318507 0.17371 0.627294
0 0.637848 0.222356 0.0296679 0.163011 0.600794
0 0.434502 0.357863 0.0323842 0.16354 0.555781
0 0.198061 0.177568 0.0309494 0.160119 0.553408
3 0.836879 0.610486 0.126498 0.153192 0.536714
3 0.711943 0.19453 0.0802677 0.0932992 0.504493
0 0.579602 0.205529 0.0280031 0.137477 0.483488
0 0.427509 0.213198 0.0316713 0.148486 0.474598
0 0.164784 0.193157 0.0277231 0.15453 0.454375
0 0.333472 0.355218 0.0318686 0.197706 0.424178
0 0.502303 0.193396 0.0315027 0.158264 0.336068
0 0.662521 0.211568 0.0261314 0.128873 0.330652
0 0.788106 0.101236 0.0285038 0.0694668 0.285215
