0 0.646545 0.764478 0.0443556 0.253871 0.862912
0 0.19724 0.882249 0.0505434 0.235502 0.852578
2 0.691033 0.408532 0.139178 0.233295 0.824071
0 0.914371 0.518041 0.0384556 0.193843 0.815281
0 0.221733 0.498524 0.0388873 0.20358 0.796238
0 0.45564 0.391059 0.0328238 0.183354 0.791826
0 0.848923 0.656788 0.0505741 0.214375 0.78171
0 0.929328 0.735309 0.0492319 0.231921 0.758437
0 0.179556 0.497518 0.0396383 0.188906 0.753381
0 0.497088 0.386016 0.0320139 0.18987 0.753352
0 0.274807 0.315556 0.0343081 0.169128 0.737701
0 0.496951 0.932775 0.0359859 0.134451 0.727511
0 0.943264 0.232021 0.028627 0.154698 0.719586
0 0.629027 0.178475 0.0320868 0.154577 0.704548
0 0.878963 0.198635 0.0285015 0.145437 0.653214
0 0.230684 0.326841 0.0356091 0.168104 0.537712
0 0.183951 0.326148 0.0290377 0.163718 0.467787
0 0.781206 0.224047 0.030134 0.13875 0.465228
0 0.434604 0.207734 0.0286502 0.161507 0.45087
1 0.703123 0.198269 0.0958422 0.0969092 0.335305
1 0.692005 0.195467 0.0822571 0.110499 0.266171
58 0.345441 0.304656 0.0488475 0.106831 0.263877
