2 0.691508 0.410156 0.138681 0.236959 0.868712
0 0.915936 0.520629 0.0381355 0.196953 0.849112
0 0.276431 0.432873 0.039802 0.201157 0.785792
0 0.12745 0.78226 0.0548046 0.232223 0.766226
0 0.22284 0.59124 0.0421198 0.219405 0.748558
0 0.579632 0.193813 0.030991 0.16613 0.738906
0 0.845302 0.0695098 0.024194 0.129438 0.717793
0 0.501263 0.190964 0.0336901 0.169052 0.707894
0 0.0810886 0.630244 0.0435134 0.214293 0.705005
0 0.321186 0.426691 0.0299055 0.166583 0.696904
0 0.503579 0.916025 0.0310318 0.166253 0.66877
0 0.129648 0.530739 0.0331334 0.18367 0.667397
0 0.741995 0.644522 0.0655157 0.233697 0.646651
3 0.837563 0.612129 0.127471 0.152571 0.636919
0 0.251169 0.255474 0.035877 0.189734 0.627643
0 0.6175 0.18383 0.0311487 0.146342 0.593037
0 0.45814 0.407914 0.0367454 0.172561 0.569291
0 0.427079 0.405996 0.0359003 0.181837 0.520963
0 0.428339 0.216381 0.0335819 0.159716 0.430342
0 0.0990389 0.676036 0.0404695 0.148632 0.409131
0 0.7842 0.120908 0.0283223 0.126694 0.399021
0 0.744642 0.639267 0.0432434 0.239003 0.379263
0 0.162602 0.193643 0.0254904 0.148438 0.364476
1 0.688746 0.201565 0.0771515 0.103627 0.3093
3 0.701057 0.196113 0.101291 0.103145 0.285474
0 0.69433 0.0881038 0.043981 0.171195 0.283423
58 0.80924 0.289147 0.0531673 0.0935371 0.250261
