2 0.691428 0.409923 0.139221 0.236469 0.814259
0 0.424652 0.669316 0.0476593 0.228731 0.779179
0 0.914367 0.518735 0.0369568 0.192169 0.765348
0 0.886744 0.35521 0.043734 0.185111 0.764466
0 0.148651 0.904347 0.0475602 0.191305 0.715326
0 0.552257 0.934249 0.0465149 0.131503 0.681617
0 0.581485 0.843573 0.0457928 0.229329 0.680287
0 0.949683 0.298349 0.0302658 0.156261 0.676908
0 0.425493 0.186767 0.037767 0.22149 0.654711
0 0.215432 0.291438 0.0299641 0.173508 0.653389
0 0.790968 0.0625761 0.0297455 0.124206 0.616619
0 0.543163 0.812374 0.0402161 0.188204 0.611145
0 0.847512 0.658196 0.0338936 0.210163 0.586072
0 0.112798 0.370015 0.0351569 0.182058 0.555589
0 0.253363 0.171613 0.0300085 0.166693 0.529408
3 0.700669 0.194932 0.102394 0.102425 0.503074
0 0.467782 0.0520699 0.0261542 0.0936174 0.465271
0 0.163521 0.181312 0.0304922 0.178052 0.436358
0 0.133538 0.85516 0.0390634 0.185867 0.39442
0 0.499081 0.0444273 0.0242632 0.0823883 0.367046
0 0.695139 0.0870987 0.0424271 0.171343 0.361895
0 0.878224 0.0705364 0.025918 0.139494 0.327177
0 0.133198 0.88266 0.0440471 0.234679 0.319416
0 0.0869882 0.368717 0.024889 0.157238 0.319048
0 0.202648 0.158887 0.029882 0.152165 0.307557
58 0.81151 0.311343 0.0546379 0.140303 0.296878
1 0.701493 0.19716 0.100384 0.0994813 0.286977
0 0.375626 0.259211 0.0385223 0.138148 0.282111
58 0.344792 0.304325 0.0471621 0.105159 0.274982
