0 0.915716 0.52038 0.0380875 0.194737 0.845681
2 0.691244 0.410326 0.138573 0.23744 0.838072
0 0.273481 0.442705 0.0367836 0.207348 0.797215
0 0.318534 0.446691 0.0325067 0.183374 0.768664
0 0.574016 0.191174 0.0297585 0.165594 0.757717
0 0.504614 0.918615 0.0364151 0.156974 0.734796
0 0.134898 0.794342 0.044058 0.227491 0.730643
0 0.745599 0.644204 0.0451584 0.23333 0.727161
0 0.612691 0.179854 0.0314976 0.153462 0.718895
3 0.837262 0.614697 0.12724 0.147713 0.716746
0 0.0902639 0.638429 0.0437171 0.229782 0.68973
0 0.130382 0.518811 0.0325713 0.17978 0.671365
0 0.224224 0.585838 0.0459149 0.222642 0.655595
0 0.254446 0.249807 0.0378297 0.189743 0.636529
0 0.852483 0.0746434 0.027883 0.136082 0.613861
0 0.50464 0.183563 0.0325674 0.167032 0.607434
0 0.430838 0.415319 0.0329885 0.180273 0.552088
3 0.701045 0.197505 0.101606 0.100814 0.444028
0 0.464893 0.418652 0.0369323 0.178742 0.429042
0 0.119116 0.724662 0.0464355 0.206124 0.417003
0 0.782273 0.107306 0.0261448 0.0992305 0.415216
0 0.429407 0.217332 0.0319993 0.158071 0.386089
0 0.695032 0.0874562 0.0430328 0.169824 0.264923
0 0.162708 0.189743 0.0270066 0.159078 0.261665
