2 0.69137 0.410574 0.139408 0.237007 0.83448
0 0.122777 0.857902 0.049099 0.261161 0.823399
0 0.159445 0.880264 0.0438371 0.236717 0.82294
0 0.912492 0.518796 0.0377483 0.190982 0.782363
0 0.936906 0.277661 0.0321037 0.162553 0.732796
0 0.521866 0.787498 0.0430254 0.238814 0.728129
0 0.446493 0.675353 0.0298527 0.231947 0.711693
0 0.908061 0.372649 0.0378605 0.170747 0.702076
0 0.562861 0.929459 0.0382019 0.141081 0.634198
0 0.565993 0.785168 0.0376048 0.191616 0.618336
0 0.788992 0.0626056 0.0295918 0.125211 0.613878
0 0.258816 0.197069 0.0297187 0.164695 0.599296
0 0.216938 0.26007 0.0315317 0.181179 0.559214
0 0.16242 0.192201 0.0296053 0.155179 0.55728
3 0.700509 0.192176 0.102859 0.108161 0.540992
0 0.420017 0.205364 0.0313808 0.176293 0.522452
0 0.93804 0.699057 0.0419771 0.199084 0.514009
0 0.885902 0.083956 0.0329067 0.152688 0.502292
0 0.253041 0.0678817 0.0309889 0.135763 0.46803
0 0.836886 0.666495 0.0374138 0.206257 0.43885
0 0.530365 0.054685 0.0264488 0.100924 0.415101
0 0.104755 0.385711 0.0311679 0.176267 0.411536
0 0.131599 0.189582 0.0281592 0.157168 0.383416
0 0.694977 0.0872998 0.0432472 0.169518 0.377938
1 0.874561 0.625901 0.0524052 0.115304 0.360462
0 0.499042 0.0510392 0.0254245 0.0982978 0.360243
0 0.846128 0.347358 0.0263748 0.16646 0.35747
0 0.985259 0.292108 0.028966 0.186224 0.305578
0 0.375274 0.252658 0.0375688 0.128464 0.302967
0 0.403583 0.160264 0.0294948 0.159891 0.301896
3 0.840349 0.610783 0.122243 0.126799 0.277024
0 0.475874 0.0552805 0.0279673 0.104174 0.265496
0 0.840038 0.658319 0.0293066 0.183646 0.257812
0 0.848561 0.0775472 0.0245323 0.144454 0.252547
