0 0.149266 0.944244 0.0449463 0.111511 0.869398
2 0.691498 0.410046 0.139261 0.237357 0.826043
0 0.182166 0.912641 0.0474991 0.174718 0.824122
0 0.878428 0.315259 0.042243 0.179278 0.753365
0 0.917103 0.519523 0.0372971 0.19649 0.749862
0 0.57457 0.893279 0.0391253 0.213441 0.739123
0 0.209792 0.327924 0.0330384 0.175596 0.72169
0 0.537825 0.931265 0.0334543 0.137469 0.675244
0 0.787311 0.0672354 0.0303806 0.131998 0.667272
0 0.618921 0.896118 0.051071 0.205928 0.663309
0 0.163458 0.187925 0.02965 0.165843 0.55516
0 0.20102 0.164868 0.030833 0.156988 0.537666
0 0.982089 0.325924 0.0349924 0.177945 0.523174
3 0.70082 0.195497 0.102035 0.102355 0.522029
0 0.844509 0.657542 0.0573854 0.211344 0.505522
0 0.437423 0.213075 0.0300158 0.160948 0.469678
0 0.234385 0.138908 0.0234082 0.147726 0.384933
0 0.695325 0.0855379 0.0418707 0.16764 0.360501
0 0.255254 0.182053 0.0266122 0.138358 0.358708
58 0.345314 0.306716 0.0481377 0.109587 0.354351
0 0.265799 0.136915 0.0243905 0.163894 0.333491
0 0.0998927 0.332617 0.0280887 0.177485 0.331261
3 0.839952 0.598884 0.127112 0.156041 0.314268
58 0.809732 0.311237 0.0532259 0.142312 0.301248
0 0.26034 0.151145 0.0303012 0.196326 0.284894
0 0.868545 0.0582427 0.0252823 0.103639 0.281221
0 0.130135 0.341491 0.0349415 0.162475 0.270038
0 0.376025 0.260236 0.0382177 0.122548 0.269928
0 0.380318 0.654564 0.0290738 0.229735 0.265244
0 0.85347 0.657786 0.0414982 0.21293 0.257741
0 0.438658 0.1686 0.0322088 0.235177 0.253724
