2 0.691426 0.410731 0.139277 0.239238 0.826826
0 0.685389 0.898857 0.0488552 0.19749 0.824506
0 0.213903 0.602913 0.0613788 0.226436 0.82251
0 0.916151 0.519364 0.0451267 0.194976 0.820115
0 0.860842 0.222191 0.0355549 0.157981 0.788064
0 0.453262 0.926715 0.0379229 0.145792 0.768581
0 0.17907 0.427437 0.0359438 0.191785 0.725296
0 0.73362 0.889766 0.0486794 0.220469 0.703899
0 0.787462 0.0662522 0.0318991 0.129994 0.683775
0 0.265942 0.198903 0.0298636 0.169823 0.58593
0 0.57916 0.0476202 0.037381 0.0869785 0.547739
0 0.434197 0.212366 0.026454 0.15776 0.517594
0 0.842997 0.658097 0.0584181 0.208848 0.480102
0 0.140768 0.286847 0.0316315 0.16506 0.473772
0 0.695002 0.0870207 0.0425798 0.168971 0.388729
3 0.701251 0.192467 0.100898 0.110584 0.365083
0 0.233425 0.203373 0.0234391 0.141564 0.337031
3 0.841068 0.600979 0.12563 0.15232 0.315644
58 0.347603 0.30795 0.0519814 0.106929 0.296875
0 0.853079 0.659182 0.0409233 0.205457 0.258878
