0 0.41261 0.659765 0.0394703 0.220439 0.843497
2 0.691483 0.409477 0.139127 0.235546 0.818837
0 0.149005 0.912755 0.0464416 0.174489 0.777307
0 0.887623 0.339268 0.0364243 0.178476 0.73013
0 0.915982 0.519086 0.0336388 0.191832 0.722605
0 0.789784 0.0665585 0.0308308 0.127687 0.677737
0 0.596197 0.850963 0.0422901 0.216177 0.675137
0 0.548707 0.864763 0.0474264 0.269858 0.66771
0 0.960765 0.304421 0.0320278 0.165179 0.664568
0 0.212845 0.296529 0.0349715 0.174238 0.647441
0 0.43038 0.195775 0.035087 0.202507 0.622142
0 0.256108 0.164314 0.0325648 0.164738 0.56084
3 0.700635 0.193024 0.102555 0.108654 0.503709
0 0.119793 0.354672 0.0334196 0.174227 0.457042
0 0.87781 0.0648847 0.0268175 0.129769 0.45166
0 0.846307 0.666899 0.0473156 0.194829 0.43324
0 0.161506 0.178896 0.0322257 0.185604 0.430678
0 0.695229 0.0867271 0.0427725 0.170516 0.419655
0 0.0874824 0.353849 0.025172 0.166999 0.415872
0 0.549179 0.829215 0.0437318 0.197325 0.409437
0 0.466561 0.0526901 0.0262476 0.0940827 0.374862
1 0.701903 0.195693 0.102169 0.110278 0.348723
0 0.376137 0.254238 0.0394035 0.131911 0.329961
0 0.202787 0.161756 0.0312866 0.152967 0.328904
3 0.839954 0.606221 0.127054 0.141416 0.307974
0 0.496506 0.0434608 0.0220739 0.0811061 0.275989
58 0.344877 0.305375 0.0473216 0.107414 0.272587
58 0.810311 0.294165 0.0548639 0.10926 0.267405
