0 0.18371 0.917637 0.0475026 0.164725 0.841822
2 0.691461 0.410095 0.139226 0.238057 0.833438
0 0.150644 0.948058 0.0459345 0.103885 0.821433
0 0.881634 0.307162 0.0389992 0.176486 0.790843
0 0.208147 0.329561 0.0336089 0.172866 0.784235
0 0.916742 0.519802 0.0370274 0.194179 0.756416
0 0.577374 0.895721 0.0413465 0.207241 0.684288
0 0.627018 0.899469 0.0480484 0.194679 0.682878
0 0.787643 0.0672663 0.0304835 0.131359 0.666223
0 0.536549 0.932468 0.0335165 0.135064 0.648697
0 0.984821 0.326676 0.0294859 0.173644 0.555556
0 0.163246 0.18913 0.0297925 0.161611 0.544229
0 0.201264 0.171103 0.0302225 0.166782 0.536288
0 0.844785 0.659286 0.0580933 0.212525 0.527585
3 0.700958 0.194913 0.102033 0.103604 0.470785
0 0.101656 0.33224 0.0270622 0.178275 0.427991
0 0.435464 0.217893 0.0293152 0.150566 0.409258
3 0.840669 0.598625 0.12634 0.152597 0.356783
58 0.345203 0.305967 0.0481289 0.107674 0.355781
0 0.133286 0.340897 0.0348197 0.168471 0.338951
0 0.695397 0.0849822 0.0420265 0.166641 0.333612
0 0.235423 0.141065 0.0248814 0.148674 0.318369
58 0.809497 0.310182 0.0528004 0.140133 0.297649
0 0.867073 0.0556416 0.0260887 0.105561 0.296525
0 0.308032 0.182995 0.031343 0.153444 0.258507
0 0.26276 0.150812 0.0294383 0.191584 0.254668
