0 0.131989 0.810254 0.0487802 0.241919 0.857134
2 0.691643 0.411448 0.139441 0.239525 0.836462
0 0.261729 0.227494 0.0333833 0.162162 0.750902
0 0.172617 0.837326 0.0439661 0.238665 0.748274
0 0.447704 0.677951 0.0379902 0.227653 0.741047
0 0.505396 0.749428 0.0437695 0.232778 0.69879
0 0.918023 0.521176 0.0355568 0.191725 0.69755
0 0.919752 0.255142 0.0363167 0.158283 0.688005
0 0.556784 0.933305 0.0419061 0.133391 0.639374
0 0.884424 0.651484 0.035643 0.199351 0.63883
0 0.826932 0.670913 0.0489269 0.199829 0.611155
0 0.552213 0.751645 0.0387817 0.210334 0.571641
0 0.20313 0.176771 0.0320456 0.166983 0.570336
0 0.928451 0.398934 0.0342812 0.179196 0.569758
0 0.535028 0.0600501 0.0278151 0.113459 0.555991
0 0.975017 0.259571 0.0445328 0.178858 0.528075
0 0.226919 0.238506 0.0298658 0.165983 0.52133
0 0.859591 0.374173 0.0291527 0.163962 0.509815
0 0.500356 0.0591465 0.026442 0.115667 0.478359
0 0.892776 0.103471 0.0335949 0.159556 0.470161
0 0.793656 0.0599999 0.0281012 0.12 0.46736
3 0.700934 0.195207 0.101492 0.101816 0.437371
0 0.162193 0.190812 0.0265503 0.15463 0.432791
0 0.859201 0.103286 0.0301277 0.162328 0.425967
0 0.431572 0.210665 0.0286068 0.170183 0.401197
0 0.696258 0.0859038 0.042239 0.16696 0.354883
0 0.472281 0.0598207 0.0282672 0.113439 0.324209
0 0.132129 0.184556 0.0278458 0.167509 0.319472
0 0.249757 0.086465 0.0312172 0.154452 0.292075
0 0.423633 0.2143 0.0445799 0.164853 0.283673
1 0.665802 0.201623 0.0335285 0.0961321 0.265047
