2 0.691507 0.408987 0.138383 0.237295 0.904952
0 0.91636 0.520073 0.0378498 0.194174 0.840694
0 0.227872 0.439941 0.0435622 0.214357 0.818405
0 0.0721086 0.623235 0.0429524 0.226345 0.783417
0 0.979261 0.335485 0.0364937 0.179673 0.743821
0 0.546275 0.235172 0.032748 0.170469 0.707265
0 0.222487 0.950218 0.0508566 0.0995631 0.692155
0 0.645087 0.955691 0.0411783 0.0886173 0.676895
0 0.734504 0.641945 0.0571533 0.228785 0.64045
0 0.490291 0.259519 0.0404154 0.170232 0.637019
0 0.0184953 0.840704 0.0369907 0.226889 0.625547
0 0.464695 0.222928 0.0281104 0.162838 0.611702
0 0.427257 0.217392 0.0318542 0.161956 0.597831
0 0.279077 0.250575 0.0352653 0.174423 0.582617
0 0.731064 0.276753 0.033906 0.142561 0.558096
0 0.198186 0.173293 0.0343848 0.166111 0.495841
3 0.836617 0.607796 0.129059 0.156672 0.475796
0 0.273596 0.245727 0.0359917 0.171077 0.445677
0 0.787998 0.100128 0.0281925 0.0689739 0.40025
0 0.161208 0.182562 0.0275211 0.168519 0.397961
0 0.727802 0.634348 0.0421215 0.212661 0.363902
