0 0.135389 0.80559 0.0476449 0.248285 0.833848
2 0.691365 0.411709 0.139119 0.237819 0.824793
0 0.443283 0.673696 0.0447021 0.225943 0.813497
0 0.175169 0.83407 0.0409166 0.237153 0.785637
0 0.501609 0.73161 0.0452307 0.223684 0.775255
0 0.553177 0.934549 0.0421734 0.130901 0.762661
0 0.919941 0.253376 0.0364254 0.159717 0.754228
0 0.917258 0.519913 0.0373461 0.195312 0.714197
0 0.860899 0.38454 0.02997 0.166077 0.70767
0 0.826556 0.667164 0.0449879 0.207774 0.646322
0 0.54911 0.738379 0.0416692 0.20489 0.634711
0 0.534821 0.0613535 0.0265514 0.12047 0.615436
0 0.875941 0.648311 0.0486683 0.207358 0.602798
0 0.258963 0.231224 0.0298353 0.169375 0.599408
0 0.202248 0.176268 0.0335198 0.172915 0.520243
0 0.500254 0.0613585 0.0265749 0.121835 0.453907
0 0.228585 0.234536 0.0297709 0.174738 0.44456
3 0.701024 0.19623 0.10195 0.10202 0.444183
0 0.861302 0.106273 0.0285446 0.159303 0.44093
0 0.963139 0.245556 0.0336536 0.171117 0.435821
0 0.935416 0.412939 0.0321753 0.181756 0.408581
0 0.470722 0.0589817 0.0283086 0.114287 0.402758
0 0.433637 0.212342 0.0284088 0.158055 0.40122
0 0.894357 0.107666 0.0317875 0.152767 0.370906
0 0.794181 0.0577287 0.02824 0.115457 0.36443
1 0.702771 0.198853 0.098354 0.0973136 0.337573
0 0.249876 0.0915953 0.0347475 0.150532 0.317057
0 0.696001 0.0870051 0.0430663 0.168773 0.305031
58 0.345467 0.304937 0.0484459 0.10489 0.262012
