2 0.691527 0.410224 0.138893 0.236742 0.869654
0 0.916095 0.52106 0.0377724 0.194716 0.844987
0 0.278737 0.43027 0.0374978 0.194331 0.774788
0 0.221901 0.595221 0.0421627 0.216615 0.769719
0 0.1238 0.775802 0.0494604 0.232639 0.768425
0 0.0798431 0.633857 0.0447823 0.225494 0.753598
0 0.321413 0.422626 0.0296566 0.162625 0.722443
0 0.843152 0.0650393 0.0258703 0.124987 0.715954
0 0.504 0.915072 0.0316999 0.166083 0.707755
0 0.500612 0.193034 0.0346601 0.169051 0.673869
0 0.581625 0.194325 0.0325397 0.16599 0.667984
0 0.741526 0.644967 0.0658951 0.232674 0.646315
0 0.250019 0.255662 0.0374187 0.186596 0.628812
0 0.129326 0.532154 0.0325372 0.183915 0.627832
0 0.619718 0.186176 0.0331071 0.149204 0.559719
3 0.837372 0.612137 0.126204 0.152516 0.5577
0 0.426536 0.403873 0.0347304 0.184936 0.545686
0 0.428289 0.217963 0.0331167 0.160352 0.463151
0 0.163013 0.193712 0.0260791 0.147464 0.433745
0 0.785146 0.119459 0.028899 0.122717 0.399214
0 0.460107 0.401641 0.0327701 0.161891 0.377448
0 0.744741 0.639708 0.0451296 0.238045 0.334694
0 0.0959543 0.670756 0.0365182 0.134933 0.327831
0 0.694521 0.0875359 0.0436323 0.169915 0.304963
1 0.702586 0.200079 0.0970531 0.0968643 0.289192
3 0.701281 0.197238 0.101143 0.101906 0.283084
1 0.664369 0.205215 0.0310259 0.0892183 0.274098
58 0.810604 0.283781 0.0526979 0.0826758 0.262458
