2 0.691388 0.408455 0.139187 0.236358 0.831122
0 0.243365 0.599708 0.0331708 0.223155 0.813466
0 0.18346 0.403937 0.0376016 0.186402 0.808089
0 0.916194 0.51883 0.0422001 0.196498 0.789488
0 0.862219 0.232691 0.0386581 0.160027 0.772842
0 0.470048 0.929929 0.0359604 0.138994 0.691439
0 0.720101 0.921074 0.045225 0.15543 0.690071
0 0.787923 0.0647854 0.032762 0.129571 0.676275
0 0.261124 0.184058 0.0320849 0.162943 0.651991
0 0.597903 0.962356 0.0432783 0.0752872 0.651722
0 0.435887 0.212433 0.0281889 0.161734 0.647354
0 0.847033 0.657529 0.0512865 0.213734 0.564962
0 0.763839 0.912373 0.0496578 0.175255 0.551466
3 0.700779 0.18992 0.101299 0.111569 0.545118
0 0.23512 0.186554 0.0243912 0.140936 0.472873
0 0.643487 0.967398 0.0406858 0.0648247 0.468857
0 0.202023 0.175775 0.0331179 0.164245 0.452924
0 0.755628 0.913419 0.0331597 0.173161 0.40928
0 0.134488 0.296669 0.035395 0.150597 0.397147
0 0.162676 0.195956 0.0313324 0.157076 0.379617
0 0.608328 0.0526268 0.0380159 0.100726 0.346129
58 0.345994 0.307325 0.0492474 0.109435 0.340317
0 0.141823 0.297105 0.0457938 0.153864 0.320526
58 0.809308 0.311389 0.0544344 0.140728 0.317741
0 0.69452 0.0867312 0.0427847 0.169823 0.310885
0 0.402619 0.118716 0.0266827 0.153476 0.303838
0 0.376441 0.26101 0.0393765 0.131151 0.287407
0 0.305744 0.185125 0.0305273 0.148389 0.256993
