0 0.124017 0.869755 0.0476488 0.257164 0.833516
2 0.69135 0.41045 0.13918 0.234557 0.823472
0 0.434349 0.670177 0.0422244 0.229533 0.805142
0 0.157402 0.89023 0.0426438 0.213736 0.803771
0 0.94056 0.288949 0.0361965 0.161045 0.789465
0 0.913146 0.520414 0.0380051 0.192511 0.775438
0 0.532709 0.806493 0.0414991 0.225464 0.688771
0 0.554494 0.934291 0.0449554 0.131418 0.667577
0 0.789113 0.0615617 0.0293144 0.123123 0.650133
0 0.572112 0.821333 0.046081 0.219845 0.644072
0 0.217396 0.270869 0.0311563 0.184895 0.635215
0 0.897414 0.360815 0.0360779 0.182 0.578411
0 0.420588 0.216772 0.0355362 0.162552 0.54813
0 0.257531 0.182498 0.0280264 0.161968 0.54206
3 0.700743 0.195582 0.102264 0.102843 0.488414
0 0.162739 0.181558 0.0318567 0.1745 0.466026
0 0.471682 0.0521214 0.0276721 0.101734 0.448911
0 0.881065 0.0750863 0.0318331 0.147165 0.406252
0 0.990341 0.312172 0.0186888 0.170454 0.350362
0 0.286288 0.175966 0.0288333 0.162863 0.348035
0 0.499036 0.048202 0.0256542 0.0941409 0.338551
0 0.695062 0.0874045 0.0430428 0.170152 0.335196
0 0.530402 0.0490259 0.0268398 0.094856 0.303203
3 0.83799 0.610628 0.125735 0.138285 0.299681
0 0.108986 0.374588 0.0287493 0.171292 0.295108
0 0.375457 0.254704 0.0376581 0.124393 0.285936
1 0.702141 0.198527 0.0989334 0.0975928 0.281344
3 0.856594 0.613786 0.0869713 0.140629 0.280729
0 0.102969 0.375478 0.0416487 0.170875 0.277997
0 0.845089 0.662261 0.0308298 0.198356 0.26035
