2 0.691285 0.408499 0.139087 0.233368 0.861495
0 0.541025 0.664056 0.0385237 0.217106 0.842554
0 0.915652 0.518892 0.0379276 0.194462 0.838771
0 0.579611 0.647058 0.0385787 0.224788 0.822821
0 0.164471 0.596564 0.0392145 0.212738 0.805649
0 0.244592 0.307587 0.032584 0.178326 0.768106
0 0.84583 0.657906 0.0516903 0.213857 0.730103
0 0.475003 0.935094 0.0291512 0.129813 0.657377
0 0.216083 0.305823 0.0296903 0.159653 0.557729
0 0.854081 0.0632102 0.024464 0.124468 0.541817
0 0.160797 0.251823 0.0280678 0.164001 0.541369
0 0.784796 0.0996272 0.0313612 0.140361 0.521279
3 0.701222 0.192214 0.0994965 0.107686 0.4868
0 0.192292 0.249582 0.0251611 0.151185 0.483192
0 0.219719 0.311159 0.0261883 0.143109 0.45954
0 0.419603 0.205257 0.0270361 0.157044 0.389455
58 0.345245 0.309383 0.0470384 0.116835 0.355084
0 0.694887 0.0851246 0.0419369 0.165438 0.339072
0 0.262122 0.166448 0.0340621 0.178586 0.334552
0 0.234158 0.167796 0.029011 0.152567 0.291683
0 0.759943 0.122536 0.0298485 0.145434 0.291327
0 0.302362 0.1918 0.0301957 0.150535 0.291309
