2 0.691729 0.411379 0.138812 0.238059 0.846983
0 0.916054 0.519481 0.0372688 0.19279 0.814915
0 0.210227 0.718762 0.0400099 0.216094 0.811987
0 0.165501 0.704688 0.0455577 0.236142 0.786005
0 0.252256 0.298193 0.0386336 0.187044 0.784871
0 0.479671 0.635982 0.0417686 0.206544 0.760703
0 0.545531 0.928312 0.0433145 0.143375 0.751754
0 0.41751 0.639203 0.0379982 0.234728 0.749333
0 0.539161 0.0881306 0.0283199 0.142713 0.692936
0 0.521526 0.654307 0.039543 0.205857 0.688522
0 0.8971 0.163362 0.0335211 0.159846 0.648775
0 0.503678 0.0765607 0.0297247 0.14812 0.607911
0 0.71598 0.571258 0.0383669 0.165902 0.589932
0 0.428563 0.215466 0.0315279 0.162585 0.567471
3 0.835869 0.599417 0.128161 0.162753 0.552061
0 0.983668 0.45785 0.0319176 0.168269 0.551984
3 0.70115 0.194527 0.100636 0.101734 0.477071
0 0.160922 0.194251 0.0318532 0.147815 0.453385
0 0.92741 0.21469 0.0276434 0.15521 0.426651
0 0.837942 0.682297 0.0330517 0.215472 0.410528
0 0.455965 0.0643202 0.0272913 0.128274 0.389549
0 0.926833 0.186999 0.0293182 0.205547 0.379796
0 0.251559 0.130853 0.0322796 0.155857 0.331976
0 0.196784 0.185955 0.0339191 0.147114 0.328273
58 0.809772 0.284207 0.0529476 0.0848358 0.306207
0 0.930496 0.213726 0.0385523 0.16134 0.299292
0 0.695916 0.0838354 0.0410339 0.162863 0.293299
0 0.894346 0.399382 0.0322411 0.109289 0.280502
0 0.0681744 0.421676 0.0345458 0.147203 0.266454
