0 0.635128 0.716628 0.044171 0.22814 0.871589
0 0.915465 0.518247 0.0393635 0.191265 0.82776
2 0.69115 0.408101 0.139123 0.232573 0.826794
0 0.195883 0.894939 0.0496521 0.210122 0.82079
0 0.497909 0.369601 0.0334057 0.193237 0.788443
0 0.849533 0.655491 0.0515408 0.21618 0.764361
0 0.886784 0.216994 0.0336241 0.151624 0.751022
0 0.92879 0.734557 0.0487278 0.227683 0.743123
0 0.453452 0.370932 0.0323521 0.178665 0.721575
0 0.177533 0.525075 0.0371329 0.179509 0.707496
0 0.491015 0.937768 0.032756 0.124465 0.695768
0 0.636952 0.197365 0.0316702 0.155407 0.680773
0 0.951943 0.258914 0.0291939 0.155279 0.630877
0 0.225493 0.347195 0.0379223 0.192844 0.594075
0 0.219702 0.519505 0.0372331 0.205866 0.592595
0 0.276414 0.331624 0.0335316 0.169666 0.589325
0 0.78252 0.234535 0.0306572 0.138884 0.491188
0 0.176829 0.343833 0.0326348 0.169501 0.321828
0 0.434885 0.20746 0.0309306 0.162224 0.298354
0 0.134658 0.193336 0.0290302 0.160968 0.261122
3 0.706746 0.196084 0.088835 0.099272 0.254616
