2 0.691264 0.41022 0.138982 0.234253 0.893795
0 0.230637 0.843438 0.0516182 0.2564 0.866784
0 0.24176 0.356732 0.0429351 0.198034 0.859492
0 0.916082 0.519578 0.038188 0.19467 0.849207
0 0.591144 0.929076 0.0433012 0.141847 0.773799
0 0.73436 0.646855 0.054277 0.226798 0.712735
0 0.492867 0.28374 0.0290319 0.174995 0.694036
0 0.291256 0.319739 0.0350494 0.179577 0.689083
0 0.26417 0.231686 0.0298679 0.152543 0.645747
0 0.593217 0.209875 0.0310328 0.161732 0.639751
3 0.837083 0.608903 0.128048 0.155412 0.569834
0 0.0718301 0.62511 0.0395222 0.23716 0.546037
0 0.198928 0.173323 0.0342974 0.167287 0.545339
0 0.163855 0.192099 0.0306151 0.152567 0.535371
0 0.42334 0.289819 0.032914 0.167213 0.505408
0 0.64743 0.231231 0.0323324 0.129208 0.417411
0 0.340718 0.770537 0.0260876 0.14465 0.39978
0 0.788088 0.098476 0.0289385 0.0689277 0.376161
0 0.450113 0.298676 0.0310585 0.158634 0.368783
0 0.719395 0.244867 0.0464132 0.159391 0.34999
58 0.809448 0.290966 0.0538296 0.0988905 0.274125
0 0.12296 0.180158 0.0280727 0.153188 0.268819
