0 0.638866 0.727448 0.0465963 0.236197 0.855114
2 0.691342 0.408415 0.139069 0.234852 0.831635
0 0.195664 0.893195 0.0492075 0.21361 0.82901
0 0.915343 0.518395 0.0392675 0.191427 0.817665
0 0.886548 0.21167 0.0313202 0.148309 0.803325
0 0.496766 0.373385 0.0334952 0.194912 0.785846
0 0.848788 0.655257 0.0528406 0.216263 0.766087
0 0.453379 0.377467 0.0336391 0.183487 0.742467
0 0.929144 0.733517 0.0493492 0.228337 0.73186
0 0.491618 0.936783 0.0318848 0.126434 0.718131
0 0.636328 0.192393 0.0320292 0.164443 0.686578
0 0.275899 0.329759 0.0335626 0.169115 0.655748
0 0.22002 0.517584 0.0385129 0.207647 0.633231
0 0.226071 0.341545 0.0365701 0.187494 0.630308
0 0.175476 0.51668 0.0402353 0.178591 0.613696
0 0.178255 0.343412 0.0330626 0.174559 0.427303
0 0.949287 0.257502 0.0281862 0.142686 0.4154
0 0.435087 0.20734 0.0304935 0.16305 0.305579
3 0.706288 0.19619 0.0898054 0.0999578 0.297262
