2 0.69118 0.410373 0.138688 0.235021 0.837482
0 0.227501 0.604199 0.0466856 0.222768 0.819827
0 0.917085 0.518566 0.0442158 0.196197 0.799028
0 0.180896 0.423207 0.0358503 0.195482 0.753244
0 0.702991 0.910276 0.0421572 0.179449 0.739862
0 0.864858 0.224574 0.0359285 0.161978 0.736622
0 0.459671 0.93005 0.0333183 0.139901 0.732465
0 0.43576 0.213403 0.0284089 0.162921 0.645627
0 0.788003 0.0658713 0.0334925 0.12871 0.635316
0 0.264258 0.195129 0.0292033 0.166303 0.582676
0 0.591541 0.0480592 0.0241606 0.0923827 0.57015
0 0.135881 0.293316 0.0317113 0.155684 0.549371
0 0.749174 0.898485 0.0513744 0.20303 0.537202
0 0.844326 0.657626 0.0548584 0.210216 0.510273
0 0.588362 0.979336 0.0222086 0.0413286 0.502745
3 0.701032 0.191211 0.101619 0.110541 0.499198
0 0.634994 0.982565 0.0225231 0.0348711 0.395049
0 0.235161 0.198162 0.0228886 0.140259 0.389787
0 0.695104 0.0867634 0.0410203 0.166869 0.377373
58 0.347143 0.309133 0.0517535 0.111947 0.354973
0 0.376251 0.259963 0.0394282 0.119906 0.334889
0 0.852714 0.656901 0.0396719 0.21289 0.32548
1 0.702551 0.194824 0.0984262 0.102131 0.321393
0 0.200963 0.180956 0.0327744 0.158569 0.296598
3 0.840317 0.600081 0.128389 0.15308 0.290175
58 0.810645 0.311814 0.0523163 0.140512 0.260595
