0 0.914985 0.518553 0.0398182 0.193301 0.849904
2 0.691221 0.409231 0.139112 0.234425 0.834686
0 0.159259 0.670058 0.043022 0.217777 0.820837
0 0.500588 0.582443 0.0350351 0.193354 0.820144
0 0.542703 0.567795 0.0368259 0.211144 0.769683
0 0.473627 0.937067 0.0445889 0.125867 0.747883
0 0.847469 0.65813 0.0509472 0.213103 0.729945
0 0.243005 0.351047 0.031742 0.18499 0.683383
0 0.435446 0.20877 0.0389992 0.163358 0.598718
0 0.199815 0.357452 0.0340709 0.153111 0.597985
0 0.572743 0.0533183 0.0294973 0.106637 0.540869
0 0.746242 0.0958411 0.03162 0.140795 0.525714
0 0.879653 0.0963302 0.0261129 0.147572 0.508394
0 0.259924 0.206668 0.0329521 0.174384 0.461089
0 0.695605 0.0858232 0.0437452 0.167986 0.43322
0 0.779967 0.125671 0.0305656 0.140839 0.420156
0 0.135885 0.198613 0.0300254 0.145383 0.36036
0 0.827271 0.0643239 0.0260853 0.121795 0.34497
1 0.723181 0.197458 0.0571735 0.0923086 0.325452
0 0.232727 0.20681 0.0286765 0.156256 0.316159
0 0.176308 0.243796 0.0314935 0.170212 0.309444
0 0.376566 0.257436 0.0401072 0.143087 0.267641
1 0.701682 0.193907 0.100113 0.108818 0.267541
3 0.80909 0.610587 0.0696749 0.131935 0.26715
