0 0.661139 0.875229 0.0476759 0.236357 0.840353
2 0.690655 0.4092 0.138593 0.234904 0.837386
0 0.917635 0.518389 0.0431671 0.194768 0.807472
0 0.455456 0.932571 0.0422894 0.13424 0.776655
0 0.217972 0.613029 0.0323866 0.228193 0.763278
0 0.172912 0.447855 0.0360974 0.190375 0.75008
0 0.706948 0.856426 0.046003 0.244889 0.728161
0 0.787334 0.0683842 0.0314495 0.134852 0.610264
0 0.265889 0.215537 0.0292638 0.164443 0.585785
0 0.850966 0.20917 0.0359329 0.167737 0.575929
0 0.14773 0.272984 0.0283313 0.182276 0.555606
0 0.429364 0.208575 0.0256922 0.159493 0.429721
0 0.844904 0.658957 0.0563086 0.211638 0.429255
0 0.549196 0.0400627 0.0251202 0.0746067 0.391596
0 0.171628 0.277585 0.0290686 0.164709 0.374314
3 0.70107 0.189595 0.101069 0.11011 0.372445
3 0.839713 0.600922 0.128038 0.152232 0.345411
58 0.34611 0.307381 0.0495988 0.110397 0.308826
0 0.23526 0.214539 0.0237553 0.147357 0.297971
3 0.810985 0.60947 0.0735447 0.133703 0.253742
