2 0.691427 0.407954 0.138552 0.235348 0.889846
0 0.91628 0.519826 0.0377083 0.194209 0.823199
0 0.228191 0.921738 0.0559639 0.156345 0.817012
0 0.231947 0.413052 0.0437389 0.210024 0.810608
0 0.0224543 0.804162 0.0367857 0.222455 0.765081
0 0.274064 0.267567 0.0399771 0.178525 0.75236
0 0.0724927 0.621943 0.0403954 0.22503 0.748479
0 0.638847 0.947757 0.0452909 0.103383 0.737551
0 0.774288 0.279227 0.0330097 0.175379 0.732139
0 0.537573 0.253617 0.0313747 0.164312 0.669749
0 0.434872 0.266575 0.0340998 0.155958 0.668662
0 0.734091 0.641456 0.0562685 0.229921 0.624155
0 0.479876 0.245862 0.0311588 0.15045 0.618602
0 0.162659 0.191731 0.0271055 0.158743 0.513757
0 0.728079 0.634851 0.0419468 0.212636 0.489406
3 0.836559 0.609123 0.128687 0.151709 0.479306
0 0.711583 0.248376 0.0376976 0.10993 0.462327
0 0.991727 0.351178 0.0158134 0.212629 0.445007
0 0.199329 0.172466 0.0344319 0.167698 0.403771
0 0.788245 0.0993468 0.0284705 0.0695983 0.384785
0 0.254839 0.171142 0.0309614 0.148348 0.311099
58 0.810939 0.310365 0.0509041 0.136959 0.299012
