2 0.691506 0.410817 0.13923 0.237741 0.85058
0 0.153546 0.724201 0.047986 0.232441 0.832271
0 0.484896 0.663576 0.0394794 0.218367 0.792185
0 0.537827 0.0814327 0.0291896 0.143894 0.772279
0 0.197388 0.743539 0.043421 0.224339 0.766134
0 0.432971 0.644366 0.0384591 0.222865 0.755281
0 0.526464 0.672431 0.0395014 0.205738 0.7546
0 0.914267 0.51989 0.0408733 0.191606 0.751648
0 0.555522 0.925941 0.041568 0.148118 0.739044
0 0.247458 0.282125 0.0410202 0.176201 0.732195
0 0.882552 0.421437 0.0328712 0.177934 0.692313
0 0.50229 0.0723589 0.0283281 0.144718 0.685039
0 0.921426 0.22125 0.0313164 0.155449 0.67353
0 0.829091 0.684322 0.0379986 0.212042 0.526639
0 0.427742 0.212976 0.0284433 0.160923 0.4976
3 0.701037 0.195304 0.100484 0.0996187 0.481139
0 0.981277 0.45149 0.0369272 0.184832 0.477192
0 0.902782 0.180947 0.0280479 0.156219 0.465505
3 0.836785 0.60638 0.124954 0.140269 0.420287
0 0.161677 0.191082 0.0311038 0.150602 0.397031
0 0.19965 0.184916 0.0345625 0.150345 0.394596
0 0.249821 0.122085 0.0328385 0.159322 0.374838
0 0.752193 0.602569 0.0507041 0.19509 0.331654
1 0.87041 0.632068 0.0575119 0.104659 0.32154
0 0.467178 0.0663747 0.0312586 0.124529 0.303584
0 0.756937 0.57726 0.039544 0.145344 0.29664
0 0.69609 0.0845219 0.0406247 0.163765 0.289257
58 0.809535 0.283796 0.0538052 0.0855188 0.288288
0 0.337223 0.780018 0.0320132 0.143899 0.282117
0 0.233049 0.184227 0.0205849 0.140209 0.266605
