2 0.691297 0.41174 0.138961 0.235196 0.861886
0 0.915746 0.52169 0.0385206 0.195209 0.834489
0 0.29835 0.492345 0.0360532 0.186395 0.788569
0 0.510598 0.925048 0.0398193 0.144864 0.74989
0 0.259151 0.492462 0.0332973 0.209078 0.739151
0 0.178108 0.881593 0.0505101 0.236238 0.731886
0 0.221743 0.506832 0.0425703 0.207038 0.728666
0 0.88473 0.10029 0.0287167 0.142191 0.727696
0 0.503056 0.147856 0.0306139 0.163413 0.651964
0 0.544415 0.171846 0.0309727 0.166731 0.632705
0 0.1373 0.462182 0.0313015 0.166138 0.622678
0 0.779331 0.648545 0.0461071 0.222903 0.605377
0 0.481993 0.462063 0.037069 0.173128 0.581861
0 0.14085 0.652848 0.034812 0.234333 0.581057
0 0.774056 0.0904393 0.029881 0.133212 0.540826
0 0.580052 0.159498 0.0261351 0.153284 0.537972
0 0.426128 0.401599 0.0270283 0.157354 0.467911
0 0.186974 0.759379 0.045957 0.133311 0.46445
0 0.446111 0.455719 0.0350235 0.182416 0.454784
0 0.162097 0.19666 0.0242897 0.152258 0.429694
0 0.25485 0.219139 0.0344577 0.179713 0.417934
3 0.701518 0.198576 0.0998125 0.0999874 0.337321
0 0.195386 0.183304 0.0285119 0.157126 0.315914
0 0.282149 0.181596 0.0266192 0.16394 0.301347
0 0.4275 0.218707 0.0348516 0.15809 0.29903
3 0.845513 0.618032 0.109472 0.140552 0.291686
1 0.665565 0.205545 0.0334831 0.0887285 0.271777
1 0.686637 0.201923 0.0732918 0.101944 0.251859
