0 0.167544 0.689886 0.0457446 0.226137 0.840152
0 0.415404 0.635133 0.0422552 0.230799 0.823282
2 0.691171 0.412997 0.138496 0.241538 0.811208
0 0.916075 0.520221 0.0377611 0.191513 0.800727
0 0.541457 0.928183 0.0442497 0.143634 0.79451
0 0.25178 0.301753 0.038864 0.184729 0.784477
0 0.517753 0.646149 0.0433175 0.198867 0.779255
0 0.538892 0.0930539 0.0286686 0.143389 0.759776
0 0.213787 0.716072 0.0402385 0.223516 0.758183
0 0.477534 0.635356 0.0398936 0.210315 0.753589
0 0.893949 0.158528 0.033828 0.156274 0.678183
0 0.84289 0.686748 0.0421614 0.210244 0.608545
0 0.428575 0.215178 0.0305394 0.158624 0.584268
0 0.504701 0.0799069 0.0294599 0.155033 0.581308
0 0.926738 0.205069 0.0258194 0.15538 0.575409
0 0.982864 0.461362 0.0335476 0.166243 0.557564
3 0.836692 0.610818 0.12758 0.147184 0.445848
0 0.704623 0.568753 0.0443642 0.171911 0.444625
0 0.160791 0.193755 0.0310839 0.148295 0.434617
3 0.70129 0.196955 0.100653 0.0992897 0.422098
0 0.454315 0.0640361 0.0261469 0.128072 0.396944
0 0.195781 0.177089 0.0344948 0.167674 0.388043
0 0.068767 0.42209 0.0317935 0.14313 0.384826
58 0.809837 0.28415 0.0532194 0.0858264 0.318116
0 0.237802 0.179406 0.024486 0.151785 0.315586
0 0.900276 0.397891 0.0322044 0.0969954 0.30613
0 0.69559 0.0848645 0.040262 0.164752 0.290085
0 0.253831 0.134607 0.0322606 0.161429 0.270914
