2 0.691269 0.409109 0.13878 0.23388 0.882633
0 0.916194 0.51992 0.0380388 0.1939 0.833627
0 0.233583 0.406237 0.0441607 0.206224 0.817802
0 0.636743 0.946018 0.0471725 0.107963 0.802378
0 0.226764 0.914753 0.0571536 0.168312 0.799274
0 0.533763 0.257964 0.0291187 0.16879 0.752031
0 0.0721766 0.622322 0.0407025 0.224488 0.749991
0 0.0245988 0.780905 0.040679 0.208175 0.733228
0 0.76681 0.278554 0.0375458 0.176608 0.71197
0 0.274782 0.272205 0.041053 0.172086 0.705051
0 0.73575 0.64231 0.0591447 0.231728 0.607107
0 0.478304 0.253601 0.0297857 0.158575 0.541627
3 0.836622 0.608271 0.129174 0.157558 0.524516
0 0.45347 0.245863 0.0300519 0.173581 0.5087
0 0.728624 0.634942 0.0428186 0.212997 0.489572
0 0.197892 0.16937 0.0345455 0.175659 0.487013
0 0.163623 0.193836 0.0286469 0.150255 0.469134
0 0.788209 0.0989342 0.0282528 0.0687501 0.416331
0 0.260543 0.186239 0.0322238 0.151837 0.39033
0 0.667964 0.216666 0.0363482 0.156215 0.38632
58 0.810416 0.311324 0.0522045 0.138824 0.347212
0 0.425478 0.260356 0.0493982 0.165539 0.339932
0 0.705715 0.243555 0.0379716 0.101743 0.315194
0 0.238299 0.0922821 0.0279488 0.141899 0.281326
58 0.345218 0.3106 0.0467191 0.117156 0.268737
