2 0.6914 0.410245 0.139011 0.234541 0.88169
0 0.916142 0.52098 0.0379074 0.195204 0.846356
0 0.233758 0.722341 0.0444973 0.232353 0.794979
0 0.23689 0.31366 0.038588 0.199564 0.772371
0 0.0706431 0.623123 0.0375795 0.230171 0.751051
0 0.539719 0.922084 0.0318087 0.153258 0.739936
0 0.468126 0.253344 0.0357457 0.171275 0.718086
0 0.734345 0.648931 0.0528143 0.223211 0.709464
0 0.137635 0.630499 0.0364337 0.192436 0.672969
3 0.837193 0.609565 0.128223 0.155059 0.594911
0 0.507673 0.194796 0.0421638 0.159161 0.582708
0 0.407057 0.337101 0.0309076 0.179658 0.554429
0 0.197964 0.176099 0.0326886 0.161244 0.524345
0 0.285939 0.346429 0.0382841 0.220042 0.485509
0 0.0249648 0.676175 0.0497885 0.214491 0.470137
0 0.432497 0.343362 0.0315184 0.174315 0.443302
0 0.164468 0.19383 0.0273029 0.155883 0.423379
0 0.590554 0.185208 0.0295265 0.0918734 0.412325
0 0.42793 0.210167 0.0311705 0.143536 0.409543
3 0.713828 0.193325 0.0765886 0.095317 0.383145
0 0.649409 0.226491 0.031271 0.151875 0.349946
3 0.585958 0.249205 0.0326698 0.0747176 0.309621
0 0.340847 0.772122 0.0253425 0.144791 0.279709
0 0.589832 0.20248 0.0314667 0.127081 0.268791
1 0.720165 0.196813 0.0631195 0.0877409 0.263998
0 0.655665 0.221662 0.0433365 0.159986 0.256107
