0 0.51012 0.606646 0.0353973 0.208619 0.85757
0 0.915316 0.518468 0.0384991 0.194538 0.848681
2 0.691251 0.408424 0.138576 0.233245 0.834544
0 0.159569 0.652856 0.0411099 0.225711 0.816908
0 0.556508 0.589774 0.0376997 0.217798 0.801556
0 0.470389 0.936811 0.0412398 0.126378 0.74054
0 0.431704 0.208962 0.0372165 0.166535 0.682932
0 0.847786 0.659464 0.0506214 0.21477 0.668926
0 0.872156 0.0820417 0.0297073 0.153139 0.602932
0 0.209399 0.339025 0.0238755 0.156597 0.598587
0 0.2435 0.342332 0.0318542 0.180425 0.595708
0 0.747663 0.0992433 0.0305985 0.146775 0.530324
0 0.174628 0.247733 0.02745 0.162456 0.50268
0 0.570501 0.0455985 0.0267065 0.0875352 0.457179
0 0.201683 0.339032 0.0386922 0.164003 0.454385
0 0.262224 0.192104 0.0315816 0.190329 0.443932
0 0.695124 0.0863093 0.0438322 0.167923 0.400774
0 0.782055 0.116621 0.0291574 0.141206 0.388591
1 0.702543 0.194921 0.0974142 0.105404 0.38731
0 0.194002 0.241244 0.0245931 0.148767 0.311838
58 0.345156 0.308212 0.0468023 0.111029 0.307491
0 0.23238 0.203716 0.0277933 0.1708 0.297426
58 0.809585 0.290571 0.0534246 0.102008 0.265025
0 0.825318 0.0652113 0.0213406 0.123278 0.264718
