2 0.691331 0.410612 0.138547 0.233529 0.879667
0 0.916043 0.521072 0.0380564 0.195218 0.841892
0 0.239165 0.295832 0.0389018 0.192806 0.795709
0 0.287383 0.381806 0.0390857 0.196795 0.776603
0 0.134969 0.601386 0.0330056 0.192428 0.762019
0 0.233259 0.681469 0.0457489 0.226138 0.748204
0 0.525266 0.926628 0.0332433 0.144407 0.733533
0 0.733758 0.644541 0.0526426 0.231982 0.719288
0 0.0561154 0.706346 0.055179 0.23235 0.711397
0 0.32844 0.371232 0.0315327 0.166718 0.639857
0 0.621701 0.217364 0.0321592 0.166037 0.629042
0 0.476969 0.232669 0.0346151 0.171775 0.614511
0 0.409246 0.358754 0.0325813 0.181984 0.545331
0 0.428421 0.219641 0.0329429 0.1639 0.508528
0 0.0672896 0.592199 0.0365623 0.166298 0.465812
3 0.837041 0.610719 0.127791 0.153364 0.44517
0 0.197865 0.177472 0.031329 0.159666 0.438454
0 0.56351 0.178918 0.0277626 0.0982899 0.411855
0 0.436337 0.370727 0.0306792 0.172909 0.391079
0 0.164384 0.194668 0.0272045 0.152422 0.364908
0 0.651273 0.214133 0.0315757 0.151333 0.346519
0 0.78885 0.10134 0.0294505 0.0688785 0.320743
3 0.709424 0.195169 0.0841304 0.089266 0.31033
0 0.290533 0.20301 0.0317546 0.135805 0.268628
