0 0.17807 0.655577 0.0447877 0.228163 0.852921
0 0.256838 0.334991 0.0382361 0.185612 0.827197
2 0.690096 0.411967 0.139363 0.237753 0.777095
0 0.235043 0.671099 0.0385017 0.214477 0.771515
0 0.640839 0.543724 0.0366055 0.189149 0.752786
0 0.537423 0.104616 0.0298671 0.144144 0.745382
0 0.915618 0.517374 0.0376514 0.199877 0.733426
0 0.468922 0.596509 0.0402351 0.213334 0.719489
0 0.87635 0.120967 0.0355656 0.156724 0.715039
0 0.530943 0.927234 0.0416477 0.144518 0.713852
0 0.505563 0.606134 0.0351534 0.198404 0.699297
0 0.509551 0.0965505 0.0295839 0.150965 0.635038
0 0.260046 0.152011 0.0389506 0.172989 0.607088
0 0.427573 0.218005 0.0325677 0.158449 0.584823
0 0.85532 0.687119 0.0424236 0.213405 0.528322
3 0.838954 0.598005 0.128176 0.166233 0.482574
0 0.161198 0.193574 0.0325705 0.146123 0.469965
3 0.700525 0.193253 0.10251 0.105245 0.468396
0 0.937217 0.174998 0.0305458 0.186445 0.466631
0 0.232501 0.16673 0.0239137 0.157342 0.384442
0 0.381579 0.638086 0.033405 0.236018 0.377943
0 0.694804 0.0876091 0.042771 0.170366 0.371155
0 0.130198 0.202063 0.0308962 0.146062 0.341171
0 0.445753 0.0606434 0.030887 0.12075 0.304189
1 0.702228 0.197587 0.098865 0.0997459 0.294887
0 0.386266 0.0661882 0.0247975 0.132376 0.271109
58 0.809638 0.283625 0.0527845 0.0841495 0.268265
0 0.988792 0.13493 0.0219524 0.146319 0.256301
