2 0.691393 0.410461 0.138288 0.234304 0.823606
0 0.916793 0.519323 0.0405972 0.193024 0.816216
0 0.204122 0.600065 0.0496224 0.230529 0.762706
0 0.572533 0.493797 0.0352894 0.178091 0.755172
0 0.525921 0.9233 0.0395267 0.153399 0.729549
0 0.545207 0.127812 0.0282939 0.152982 0.72743
0 0.932844 0.162075 0.0333229 0.145565 0.700232
0 0.247642 0.382979 0.0378765 0.193628 0.683727
0 0.257701 0.609247 0.0363377 0.214413 0.680028
0 0.460563 0.549854 0.0380693 0.207993 0.675781
0 0.845491 0.698136 0.0456776 0.228379 0.669755
0 0.300943 0.944201 0.0602496 0.111598 0.664359
0 0.494149 0.556142 0.0397831 0.183619 0.651774
0 0.312871 0.642172 0.0524961 0.22248 0.601821
0 0.95566 0.521119 0.0318172 0.198171 0.58294
0 0.51159 0.119027 0.031435 0.1623 0.570238
0 0.86176 0.0825611 0.0291325 0.152377 0.478466
0 0.42798 0.216982 0.0321236 0.156903 0.395369
0 0.248456 0.158566 0.0330253 0.172226 0.377256
0 0.201337 0.178582 0.0347445 0.167297 0.354371
3 0.700971 0.19535 0.101464 0.102307 0.333778
0 0.69528 0.0858507 0.041629 0.166317 0.312084
3 0.838949 0.598131 0.126293 0.160234 0.295426
0 0.211371 0.593041 0.0348845 0.214145 0.29444
0 0.277973 0.161516 0.0262704 0.155846 0.288833
1 0.703239 0.199748 0.0970652 0.0958358 0.284829
0 0.962839 0.131389 0.0243696 0.115475 0.279099
58 0.810555 0.291011 0.053451 0.099108 0.270327
3 0.832871 0.619944 0.11842 0.133627 0.251633
