2 0.691336 0.412079 0.138772 0.23588 0.869858
0 0.915657 0.5221 0.0382582 0.195008 0.833313
0 0.888 0.104578 0.0290398 0.142013 0.773811
0 0.29739 0.503626 0.0338207 0.191681 0.742363
0 0.151661 0.656357 0.0484406 0.229861 0.738474
0 0.506514 0.923028 0.0339777 0.149751 0.72571
0 0.482964 0.46857 0.0382047 0.179905 0.690135
0 0.576745 0.158257 0.0304506 0.153221 0.672294
0 0.541037 0.170258 0.0299503 0.166982 0.660508
0 0.257552 0.493025 0.0327157 0.203258 0.654618
0 0.181221 0.890266 0.0471404 0.217607 0.644995
0 0.5025 0.138882 0.0299933 0.161899 0.637359
0 0.218886 0.502548 0.0453798 0.20676 0.597897
0 0.784341 0.657267 0.0499402 0.21815 0.595821
0 0.138822 0.454829 0.0309951 0.173039 0.546076
0 0.772529 0.0836104 0.0291653 0.124916 0.540512
0 0.193344 0.833399 0.0444264 0.256301 0.458938
0 0.447555 0.463671 0.0343423 0.190438 0.449919
3 0.701747 0.198392 0.0987989 0.0995289 0.340169
0 0.255061 0.214672 0.0320225 0.172138 0.285285
0 0.161306 0.196081 0.028317 0.158501 0.279191
0 0.428389 0.219042 0.0318209 0.156409 0.261905
1 0.688761 0.202024 0.0767759 0.103264 0.254461
1 0.665147 0.206302 0.0318552 0.0904386 0.254388
