2 0.691325 0.409567 0.138798 0.237071 0.83774
0 0.701818 0.899038 0.0491741 0.20015 0.832858
0 0.182955 0.766311 0.04581 0.242026 0.83255
0 0.468671 0.494867 0.0331915 0.203584 0.822593
0 0.915759 0.518387 0.0379379 0.192029 0.791157
0 0.492662 0.940352 0.0377573 0.119297 0.745452
0 0.518971 0.479692 0.0361406 0.196289 0.737892
0 0.594226 0.107785 0.0310713 0.151633 0.724594
0 0.84757 0.131869 0.0264887 0.146895 0.723984
0 0.936096 0.742452 0.0393486 0.228012 0.710897
0 0.230949 0.416992 0.0369419 0.192114 0.709885
0 0.190482 0.423713 0.0355282 0.172575 0.700519
0 0.908658 0.159216 0.0297043 0.152495 0.686272
0 0.847987 0.658132 0.0506228 0.210631 0.654055
0 0.434251 0.209424 0.0359753 0.158977 0.486681
0 0.754312 0.0636617 0.0290346 0.125627 0.477199
0 0.258817 0.260627 0.0361083 0.184264 0.447152
3 0.702038 0.19454 0.0987616 0.102347 0.354845
0 0.183326 0.241096 0.0402524 0.177583 0.353727
0 0.695616 0.08435 0.0419802 0.164813 0.350723
0 0.136972 0.196145 0.0293231 0.150998 0.327997
0 0.784663 0.17159 0.0284786 0.138166 0.286839
3 0.800659 0.619384 0.0488241 0.0980572 0.254591
3 0.804912 0.608261 0.061768 0.122163 0.250494
