2 0.691429 0.408335 0.138838 0.236372 0.849153
0 0.458951 0.938147 0.0433926 0.123706 0.833989
0 0.917719 0.518366 0.0441311 0.1951 0.813429
0 0.238368 0.623138 0.0436905 0.225257 0.808473
0 0.662683 0.801114 0.0457577 0.2485 0.803527
0 0.173751 0.492313 0.0382714 0.205287 0.793243
0 0.621004 0.811312 0.0412305 0.236718 0.766969
0 0.26072 0.241176 0.0348638 0.169113 0.683276
0 0.848664 0.659016 0.0486301 0.217012 0.67821
0 0.847179 0.180009 0.028797 0.164852 0.600851
0 0.228839 0.247127 0.025578 0.138782 0.553172
0 0.182661 0.26756 0.0317198 0.159912 0.549011
0 0.501886 0.0370207 0.0363485 0.0709841 0.511027
0 0.785708 0.0631052 0.0290434 0.119611 0.501143
0 0.148723 0.269464 0.0282161 0.172423 0.338275
0 0.423358 0.208941 0.026915 0.157063 0.331568
58 0.345483 0.305619 0.0482195 0.10776 0.308362
36 0.242243 0.727739 0.0378726 0.0210517 0.303282
0 0.202959 0.176742 0.0322791 0.170466 0.289754
0 0.164161 0.177187 0.0286927 0.106207 0.276431
1 0.704095 0.196667 0.0941299 0.0943243 0.27152
3 0.809146 0.609779 0.0691109 0.134656 0.264915
