0 0.652679 0.779225 0.0474411 0.249019 0.879309
2 0.691133 0.408457 0.139164 0.233913 0.824488
0 0.195932 0.868054 0.0481115 0.246263 0.815032
0 0.914291 0.518349 0.0379013 0.192614 0.797064
0 0.457233 0.407939 0.0312107 0.194791 0.795045
0 0.27426 0.307814 0.0330995 0.169456 0.766248
0 0.929283 0.734763 0.048621 0.228791 0.755105
0 0.50007 0.391956 0.0334918 0.188239 0.749129
0 0.848156 0.657009 0.0521614 0.213499 0.746893
0 0.62089 0.168885 0.0353111 0.156943 0.738744
0 0.874563 0.192394 0.0299557 0.147561 0.734002
0 0.221435 0.485755 0.0397159 0.200723 0.725262
0 0.500128 0.930979 0.0376654 0.138042 0.699437
0 0.184832 0.486143 0.0301552 0.177168 0.605513
0 0.939132 0.22655 0.0293293 0.139902 0.548625
0 0.178199 0.489505 0.0414007 0.176858 0.530747
0 0.233014 0.316435 0.0326766 0.172496 0.522317
0 0.186406 0.319828 0.0324167 0.161866 0.462757
0 0.434785 0.208739 0.0284546 0.160311 0.445016
0 0.783216 0.215228 0.0326563 0.136557 0.399362
0 0.256025 0.141482 0.037867 0.164992 0.364265
1 0.703038 0.197885 0.0963001 0.0994406 0.326908
58 0.345226 0.303783 0.0483107 0.104992 0.279145
3 0.702046 0.196269 0.0990179 0.0987561 0.257923
