0 0.126982 0.875537 0.0433717 0.24476 0.831271
2 0.691378 0.410134 0.139019 0.234291 0.824021
0 0.431548 0.671943 0.0430674 0.232137 0.799946
0 0.912825 0.519927 0.0399197 0.193797 0.794999
0 0.156624 0.89797 0.0409392 0.201914 0.760884
0 0.943394 0.29069 0.0316696 0.15862 0.729376
0 0.550638 0.933926 0.0527557 0.132147 0.722911
0 0.891922 0.358043 0.0425774 0.181033 0.694084
0 0.575153 0.823057 0.0415478 0.214959 0.68953
0 0.217286 0.281532 0.0283069 0.175295 0.665173
0 0.790111 0.0617978 0.0298299 0.123151 0.654192
0 0.2551 0.18168 0.0335868 0.162606 0.648349
0 0.536163 0.801778 0.0434388 0.206372 0.615927
0 0.423448 0.189085 0.0363815 0.220174 0.585978
3 0.70051 0.194079 0.102341 0.10711 0.495003
0 0.499442 0.0467931 0.025308 0.0864949 0.452389
0 0.991942 0.323926 0.0154152 0.149554 0.444716
0 0.469071 0.0520848 0.0268024 0.0940668 0.436282
0 0.162576 0.174649 0.0303112 0.185177 0.421012
0 0.108593 0.371312 0.0337215 0.176338 0.397989
0 0.878034 0.0744759 0.0272793 0.144004 0.390786
0 0.694957 0.0878151 0.0433223 0.172659 0.387764
0 0.53046 0.0489583 0.0286327 0.0936521 0.369537
3 0.837911 0.607882 0.126152 0.146931 0.346825
0 0.848734 0.613909 0.0302084 0.138003 0.346268
0 0.375254 0.255131 0.0377302 0.131523 0.344536
0 0.28759 0.175106 0.0282123 0.158156 0.33648
58 0.344919 0.307066 0.0467294 0.110387 0.290149
1 0.702041 0.196207 0.10199 0.110943 0.269244
0 0.337316 0.782481 0.031576 0.139569 0.260695
