0 0.728712 0.928455 0.0511347 0.13901 0.854931
0 0.916018 0.51884 0.0381206 0.190915 0.825319
2 0.691279 0.409103 0.139004 0.234995 0.807356
0 0.172842 0.720752 0.042061 0.223718 0.79404
0 0.479901 0.526291 0.0348151 0.2025 0.793953
0 0.523683 0.514987 0.0404673 0.204629 0.7819
0 0.494269 0.932873 0.040724 0.134253 0.703581
0 0.587335 0.0760546 0.0298965 0.143931 0.689607
0 0.935964 0.736447 0.0414568 0.21547 0.681164
0 0.848022 0.659148 0.0510883 0.21066 0.675922
0 0.192589 0.395175 0.0383622 0.160784 0.662197
0 0.238062 0.390058 0.0321311 0.17964 0.615613
0 0.751832 0.0751363 0.0290146 0.140912 0.530491
0 0.434295 0.208756 0.0323601 0.161002 0.510893
0 0.89944 0.138928 0.0262913 0.133792 0.488054
0 0.69496 0.0856908 0.0437436 0.168013 0.462486
0 0.838704 0.0926238 0.0267117 0.11719 0.435564
0 0.182782 0.238634 0.0380471 0.176838 0.429005
0 0.222837 0.240375 0.0261051 0.156487 0.35894
0 0.26201 0.239983 0.0353738 0.186211 0.308025
1 0.702524 0.196407 0.0981214 0.102397 0.266682
3 0.701209 0.194604 0.100334 0.105093 0.25645
3 0.807017 0.609677 0.0667713 0.116857 0.255974
