0 0.469273 0.498709 0.0329758 0.202057 0.846564
0 0.703498 0.90226 0.0486851 0.19548 0.846366
2 0.691314 0.409577 0.138941 0.236664 0.832473
0 0.183382 0.764077 0.0466084 0.242266 0.830058
0 0.915922 0.519053 0.0372931 0.191081 0.782474
0 0.52039 0.484885 0.036256 0.200591 0.732437
0 0.492757 0.940243 0.0380682 0.119515 0.721127
0 0.593459 0.105923 0.030799 0.151106 0.705018
0 0.190276 0.420824 0.0365011 0.170553 0.699805
0 0.935711 0.740025 0.0398321 0.22058 0.699084
0 0.84672 0.130222 0.0278286 0.147759 0.697174
0 0.232824 0.419655 0.0361343 0.184358 0.681099
0 0.848252 0.657935 0.0508656 0.210918 0.640866
0 0.906723 0.157009 0.0273712 0.155909 0.611938
0 0.260426 0.257442 0.0339847 0.184223 0.474752
0 0.754273 0.0635134 0.0296567 0.127027 0.468098
3 0.701638 0.192825 0.0997763 0.105126 0.402953
0 0.434038 0.208201 0.0356865 0.160028 0.391158
0 0.695268 0.0847921 0.0426487 0.165921 0.378637
0 0.183363 0.241365 0.0398571 0.176566 0.331206
3 0.801111 0.619266 0.0502611 0.098675 0.314795
1 0.703107 0.19416 0.0968279 0.106973 0.291905
0 0.137451 0.195797 0.0299158 0.151159 0.257118
