2 0.691423 0.40989 0.139574 0.237092 0.811131
0 0.425082 0.672023 0.0498552 0.23314 0.803172
0 0.912225 0.519883 0.0420153 0.189913 0.783757
0 0.152432 0.902185 0.0433586 0.19563 0.754185
0 0.128134 0.878038 0.0426519 0.239478 0.74945
0 0.538778 0.806535 0.0481323 0.203413 0.700273
0 0.554241 0.934256 0.0457611 0.131489 0.695643
0 0.946375 0.294232 0.0283035 0.161427 0.677948
0 0.216691 0.287534 0.0291216 0.178642 0.668373
0 0.790977 0.0624612 0.0300851 0.124922 0.663451
0 0.887352 0.356112 0.0446815 0.178791 0.658099
0 0.578664 0.827984 0.0403374 0.211608 0.656714
0 0.11102 0.36815 0.0354589 0.180999 0.586146
0 0.424473 0.18793 0.0378532 0.219573 0.585864
0 0.468033 0.0523383 0.0266346 0.0949919 0.516986
0 0.25519 0.179281 0.0289901 0.168238 0.505129
0 0.879416 0.0724695 0.0302288 0.142471 0.49597
0 0.162961 0.175699 0.0318937 0.189686 0.438914
0 0.845961 0.657368 0.036871 0.212804 0.435742
0 0.498185 0.0460996 0.0210928 0.0843267 0.423989
3 0.700621 0.194697 0.102159 0.103903 0.421516
1 0.70125 0.198026 0.10061 0.104864 0.399725
0 0.694809 0.0877539 0.0433325 0.172773 0.377562
0 0.84997 0.615183 0.0298489 0.143663 0.316697
0 0.375737 0.259105 0.0384898 0.1402 0.303099
58 0.344757 0.305693 0.0472324 0.10777 0.298249
0 0.529379 0.0468286 0.0291188 0.0891149 0.290823
3 0.838722 0.606879 0.12716 0.136665 0.287389
0 0.848551 0.662503 0.0260775 0.199751 0.269066
0 0.991801 0.324623 0.0156227 0.157088 0.267482
