2 0.691375 0.409837 0.138817 0.235131 0.848359
0 0.915244 0.520592 0.0406727 0.194813 0.840156
0 0.606762 0.631988 0.0428927 0.226614 0.836022
0 0.504289 0.3112 0.0327761 0.180803 0.778558
0 0.983453 0.320614 0.0315346 0.178725 0.769461
0 0.460087 0.313476 0.0317741 0.169216 0.743444
0 0.908794 0.271357 0.0304598 0.145145 0.735382
0 0.848349 0.655911 0.0471825 0.216363 0.732557
0 0.476863 0.934385 0.0293901 0.13123 0.722551
0 0.232447 0.947223 0.0487755 0.105554 0.681584
0 0.173181 0.584943 0.0310519 0.185235 0.646029
0 0.214749 0.583485 0.0402428 0.217777 0.643122
0 0.165454 0.584469 0.0489427 0.186456 0.621479
0 0.26739 0.389777 0.0340304 0.175885 0.576842
0 0.319195 0.612559 0.0354835 0.23001 0.562247
0 0.169514 0.391339 0.0341777 0.178347 0.554988
0 0.204789 0.368119 0.0386436 0.140095 0.483572
0 0.891477 0.714116 0.0420868 0.25147 0.416611
3 0.803287 0.606305 0.0592091 0.12603 0.272355
0 0.161127 0.192579 0.0281036 0.152608 0.27145
0 0.43401 0.20879 0.0299847 0.159838 0.267045
0 0.68838 0.238608 0.0359295 0.119914 0.26613
0 0.890262 0.726258 0.0354879 0.202986 0.259524
