2 0.691403 0.408196 0.138734 0.237482 0.900403
0 0.916423 0.520279 0.0379911 0.195264 0.831451
0 0.223964 0.450837 0.0481903 0.213433 0.783422
0 0.0725326 0.623375 0.0428139 0.22635 0.771999
0 0.017087 0.867078 0.034174 0.230586 0.7693
0 0.547521 0.23017 0.032869 0.165258 0.735015
0 0.975117 0.318134 0.0355103 0.176395 0.703317
0 0.631791 0.955178 0.0342983 0.0896438 0.670889
0 0.280438 0.24151 0.0336538 0.171317 0.66639
0 0.512895 0.266528 0.0334236 0.163089 0.658951
0 0.736435 0.642328 0.0607838 0.229702 0.618657
0 0.427614 0.217774 0.0318548 0.160918 0.616791
0 0.114429 0.430179 0.0327417 0.168021 0.567599
0 0.224092 0.962047 0.0482141 0.0759064 0.549973
3 0.83674 0.607709 0.129471 0.158142 0.548608
0 0.841594 0.292465 0.0278114 0.154521 0.534378
0 0.466599 0.215929 0.0283028 0.162784 0.530564
0 0.727118 0.635395 0.0429026 0.212836 0.526778
0 0.490135 0.21974 0.0261334 0.150014 0.446813
0 0.736288 0.29143 0.0367274 0.161264 0.367378
0 0.787782 0.0997132 0.0280662 0.0683192 0.348461
0 0.161722 0.189664 0.0273158 0.151653 0.286516
