2 0.69156 0.410233 0.138996 0.238573 0.821432
0 0.713023 0.875003 0.0497274 0.244857 0.811795
0 0.669318 0.882273 0.0433792 0.230657 0.808883
0 0.917634 0.51844 0.0427341 0.194975 0.798647
0 0.451334 0.930217 0.0431185 0.137286 0.798116
0 0.21749 0.61043 0.0366568 0.230944 0.780713
0 0.554384 0.0432785 0.0355484 0.0824244 0.701554
0 0.787869 0.0643191 0.0322631 0.125351 0.696944
0 0.17415 0.446878 0.035348 0.198986 0.678638
0 0.266194 0.213407 0.0296898 0.169152 0.662941
0 0.852038 0.20922 0.0359268 0.167718 0.618088
0 0.145653 0.2743 0.0279536 0.179878 0.603887
3 0.700738 0.190578 0.10179 0.115181 0.527127
0 0.234866 0.214689 0.0246583 0.139314 0.457474
0 0.839455 0.660463 0.0658272 0.208374 0.43097
0 0.430836 0.210106 0.0240871 0.15716 0.393646
3 0.840077 0.60014 0.127316 0.15378 0.370032
0 0.169957 0.278768 0.0296871 0.160967 0.361838
1 0.701335 0.192683 0.100933 0.11661 0.354603
58 0.346108 0.306389 0.0495749 0.108916 0.321997
0 0.693675 0.0881356 0.0422081 0.171547 0.262597
