2 0.691292 0.410208 0.138725 0.235341 0.817744
0 0.915131 0.518119 0.0399616 0.197195 0.79289
0 0.192023 0.951667 0.0511295 0.0966665 0.782872
0 0.86491 0.27707 0.0428722 0.16986 0.771983
0 0.599622 0.924732 0.0426266 0.14995 0.753274
0 0.19921 0.364067 0.0337372 0.185652 0.73468
0 0.78819 0.0669581 0.0318159 0.130868 0.717754
0 0.523473 0.936588 0.0332878 0.126823 0.705707
0 0.310962 0.608844 0.0328882 0.217687 0.657691
0 0.826346 0.963554 0.0436279 0.0728921 0.546367
0 0.643987 0.930272 0.040781 0.139295 0.545715
0 0.435946 0.213802 0.0278866 0.161649 0.523845
0 0.843928 0.659356 0.0573345 0.211554 0.487387
58 0.809753 0.301776 0.0536272 0.12053 0.4647
0 0.203216 0.175785 0.0312987 0.166044 0.450913
3 0.700363 0.194116 0.102806 0.101293 0.427225
0 0.162345 0.194102 0.032162 0.152139 0.417869
0 0.148079 0.980037 0.0240026 0.0399251 0.393898
3 0.841136 0.597604 0.12509 0.149701 0.361777
0 0.637891 0.9287 0.0317326 0.1426 0.330159
0 0.245683 0.153719 0.0241752 0.158233 0.324504
0 0.110811 0.321658 0.0322497 0.167614 0.30044
0 0.142794 0.324691 0.0389368 0.154285 0.293572
0 0.695317 0.083312 0.0424685 0.163133 0.291302
0 0.856326 0.656811 0.0350323 0.213051 0.274256
1 0.70292 0.197682 0.0976457 0.0967633 0.264971
