2 0.691452 0.408555 0.138555 0.237471 0.898042
0 0.916377 0.519431 0.0385254 0.194548 0.84212
0 0.225422 0.446367 0.0445848 0.217446 0.812297
0 0.977698 0.323486 0.0397032 0.174061 0.781791
0 0.0722842 0.623245 0.0430696 0.226489 0.780799
0 0.547713 0.232681 0.0329467 0.168439 0.778234
0 0.498759 0.26572 0.0512238 0.159288 0.770981
0 0.640476 0.955376 0.0360988 0.0892486 0.70239
0 0.0173577 0.85164 0.0347154 0.226602 0.686527
0 0.278374 0.243209 0.0382255 0.174863 0.676162
0 0.737562 0.642253 0.0633965 0.231249 0.613096
0 0.427436 0.217639 0.0311729 0.164883 0.594088
0 0.464618 0.223386 0.0276308 0.163955 0.587105
0 0.224522 0.956921 0.0499402 0.0861591 0.571956
0 0.734348 0.278462 0.0372491 0.151979 0.516884
3 0.836293 0.608528 0.128999 0.155733 0.490324
0 0.727203 0.634249 0.0428165 0.212062 0.48539
0 0.108829 0.43279 0.0333988 0.166693 0.46465
0 0.199085 0.176413 0.0310112 0.161522 0.365655
0 0.787974 0.0998632 0.0278292 0.0681816 0.333975
0 0.835326 0.277868 0.0253044 0.125006 0.316162
0 0.162084 0.188309 0.0261995 0.154863 0.2692
