0 0.634997 0.704209 0.0429892 0.237966 0.853802
0 0.198138 0.905039 0.0479428 0.189922 0.814697
0 0.499464 0.354618 0.0336346 0.183763 0.810221
0 0.915379 0.51781 0.0383415 0.190168 0.809391
2 0.691278 0.409354 0.139127 0.233025 0.804112
0 0.849189 0.655986 0.0515953 0.214503 0.757873
0 0.929417 0.73528 0.0471693 0.228519 0.75163
0 0.888547 0.225849 0.0313229 0.147008 0.71559
0 0.489408 0.938483 0.0341503 0.123034 0.701452
0 0.454664 0.364446 0.030574 0.189832 0.700484
0 0.957402 0.270565 0.0302774 0.172325 0.648147
0 0.643191 0.210535 0.0341583 0.162907 0.630294
0 0.178767 0.533279 0.0341859 0.179568 0.611771
0 0.218509 0.51945 0.0399446 0.202362 0.586479
0 0.278103 0.337819 0.0313792 0.168587 0.556132
0 0.1751 0.344818 0.0323377 0.166715 0.386894
0 0.783679 0.233816 0.031435 0.133769 0.343404
0 0.225657 0.348422 0.0359214 0.185625 0.326364
0 0.134881 0.195185 0.0281983 0.157281 0.304629
0 0.434881 0.206156 0.0309183 0.160523 0.298162
