0 0.456836 0.939096 0.0435273 0.121807 0.843793
2 0.69118 0.409163 0.138664 0.23577 0.826675
0 0.247218 0.625614 0.0371437 0.226219 0.822222
0 0.657829 0.776499 0.0421708 0.236158 0.821513
0 0.918329 0.51783 0.0435101 0.19416 0.819846
0 0.614522 0.799692 0.0444464 0.229338 0.808193
0 0.173256 0.495295 0.0384068 0.200004 0.799514
0 0.847674 0.658581 0.0483797 0.213065 0.738819
0 0.260609 0.232393 0.0348302 0.19144 0.560807
0 0.185529 0.264569 0.029306 0.165114 0.486852
0 0.785622 0.0626519 0.0339138 0.11818 0.486829
0 0.847679 0.175954 0.0289585 0.159268 0.475685
0 0.230348 0.247621 0.0248474 0.141942 0.447309
0 0.422009 0.208145 0.0268914 0.155853 0.368909
3 0.701755 0.193687 0.0995575 0.101177 0.350536
36 0.247198 0.730134 0.0290529 0.0251543 0.31867
0 0.490987 0.0346315 0.0198836 0.0650555 0.286711
0 0.164274 0.196776 0.0283902 0.14596 0.284021
0 0.147907 0.270659 0.0272813 0.143294 0.280935
58 0.345135 0.306382 0.047019 0.109382 0.273724
3 0.80887 0.608901 0.069009 0.132243 0.265237
