0 0.137331 0.77563 0.0475019 0.236519 0.885257
0 0.439903 0.66617 0.0457175 0.226745 0.876111
0 0.181042 0.800369 0.0436353 0.227107 0.847864
2 0.691338 0.409762 0.139019 0.234209 0.839654
0 0.254039 0.245211 0.0373578 0.179309 0.808304
0 0.497233 0.716249 0.0433856 0.231427 0.792184
0 0.534642 0.0662749 0.0284122 0.132463 0.733395
0 0.916749 0.241505 0.033165 0.155122 0.728771
0 0.551507 0.932742 0.0410772 0.134517 0.72138
0 0.948634 0.416323 0.0355713 0.176786 0.678807
0 0.915439 0.521071 0.0468704 0.192435 0.676512
0 0.537001 0.722054 0.0432399 0.20794 0.67173
0 0.202717 0.183481 0.0350555 0.15777 0.59561
0 0.500281 0.0616188 0.0273682 0.122899 0.51323
0 0.432963 0.212221 0.0233995 0.161814 0.496865
0 0.899179 0.119223 0.0285538 0.148546 0.473587
0 0.949688 0.224933 0.0332132 0.155778 0.450003
0 0.871548 0.113764 0.031634 0.159405 0.404411
0 0.844208 0.628422 0.0341557 0.184914 0.401745
3 0.701126 0.194896 0.100943 0.100156 0.39142
0 0.0839113 0.399747 0.0257774 0.168509 0.383131
0 0.248729 0.101064 0.0335671 0.153877 0.370485
0 0.229188 0.232234 0.0253358 0.146149 0.354058
1 0.703205 0.196479 0.097572 0.0987875 0.346981
0 0.470343 0.0619515 0.0259365 0.119056 0.332471
0 0.824548 0.661429 0.0311691 0.208004 0.319568
58 0.809585 0.285635 0.0538843 0.0885591 0.31586
0 0.839276 0.645701 0.0448132 0.211267 0.299919
0 0.696415 0.0844631 0.0438489 0.164919 0.291937
0 0.164792 0.195408 0.031508 0.175043 0.291753
0 0.795907 0.0561352 0.0280659 0.110329 0.274332
0 0.161262 0.181045 0.0338178 0.183116 0.25652
0 0.337389 0.781953 0.0310158 0.136426 0.25461
