2 0.691375 0.409392 0.139151 0.234657 0.846324
0 0.162693 0.607952 0.0393326 0.21177 0.838424
0 0.530828 0.653552 0.0354363 0.214069 0.83586
0 0.91603 0.518891 0.0370537 0.19358 0.833391
0 0.570953 0.630809 0.0366486 0.212776 0.771953
0 0.473256 0.932825 0.032839 0.13435 0.72115
0 0.846789 0.659221 0.0507999 0.210503 0.706361
0 0.161782 0.247824 0.0296091 0.164952 0.683812
0 0.78463 0.0995087 0.0342148 0.13994 0.65948
0 0.24385 0.311952 0.0345617 0.171155 0.603872
0 0.261842 0.173796 0.0345486 0.181394 0.527324
0 0.756394 0.113983 0.0302372 0.149192 0.523803
3 0.701656 0.193576 0.100403 0.10689 0.509726
0 0.193239 0.247765 0.0248163 0.152444 0.496729
0 0.216889 0.322382 0.02666 0.161174 0.490194
0 0.425385 0.207772 0.0298779 0.157054 0.430657
0 0.859802 0.0663058 0.0257578 0.127882 0.428197
0 0.30543 0.18975 0.0315444 0.153086 0.39187
58 0.344964 0.307555 0.0471434 0.111735 0.343485
0 0.695046 0.0859774 0.0423699 0.166659 0.337202
0 0.237559 0.174229 0.023565 0.138697 0.306744
1 0.700639 0.195211 0.0970409 0.108885 0.301034
