2 0.691371 0.41001 0.13865 0.234486 0.893656
0 0.241536 0.364818 0.0434563 0.209002 0.852216
0 0.230612 0.852378 0.0526469 0.254881 0.843508
0 0.916146 0.519966 0.0380989 0.194084 0.832607
0 0.59934 0.214727 0.0438221 0.162312 0.811453
0 0.498015 0.280815 0.0294483 0.171256 0.788893
0 0.599051 0.931415 0.0410974 0.137169 0.734316
0 0.734217 0.646419 0.0541807 0.22816 0.708066
0 0.264436 0.23049 0.029082 0.153596 0.693609
0 0.0706901 0.658611 0.042499 0.301302 0.690934
0 0.289596 0.316346 0.0353547 0.180619 0.680938
0 0.199027 0.173253 0.0351236 0.166694 0.582187
3 0.83724 0.60869 0.127928 0.154962 0.522273
0 0.16458 0.18713 0.0294668 0.158995 0.44432
0 0.788015 0.0989174 0.0286751 0.066717 0.413989
0 0.451846 0.293885 0.0289959 0.153407 0.342467
0 0.652775 0.233786 0.0272291 0.124256 0.316653
0 0.340876 0.767838 0.0254764 0.143146 0.30364
58 0.809434 0.29008 0.0534302 0.0975604 0.300218
