2 0.691323 0.409913 0.139431 0.23508 0.878057
0 0.916125 0.520902 0.0378546 0.195345 0.849534
0 0.23281 0.748429 0.0503201 0.237235 0.821788
0 0.0710548 0.622181 0.0383164 0.227661 0.795506
0 0.238229 0.320002 0.0376558 0.193059 0.78926
0 0.46246 0.264325 0.0376143 0.172782 0.720229
0 0.55023 0.919598 0.0341932 0.158721 0.705651
0 0.734064 0.647996 0.0521804 0.220859 0.702057
0 0.130747 0.646904 0.0338969 0.195533 0.692791
0 0.528406 0.196822 0.0318446 0.163074 0.62749
0 0.198048 0.175173 0.0322708 0.161014 0.591313
3 0.837046 0.610929 0.127953 0.156393 0.555177
0 0.409777 0.329202 0.0323565 0.175529 0.5489
0 0.288611 0.348117 0.037865 0.211501 0.546227
0 0.164037 0.192724 0.0266849 0.151324 0.50636
0 0.326609 0.334028 0.029422 0.169334 0.49241
0 0.604458 0.21342 0.0292849 0.135161 0.39648
0 0.241884 0.11053 0.0313149 0.147878 0.393591
0 0.434408 0.340273 0.0291714 0.160031 0.39164
0 0.340021 0.771384 0.0271534 0.148476 0.388837
0 0.671011 0.217499 0.0432541 0.159003 0.386178
0 0.426906 0.20662 0.0291809 0.136868 0.384717
26 0.216512 0.724547 0.0191361 0.0694499 0.297326
3 0.720579 0.19449 0.0624142 0.0816483 0.286377
0 0.377923 0.290009 0.0422385 0.187336 0.268395
