2 0.691284 0.410176 0.138755 0.234765 0.887137
0 0.230803 0.853862 0.0534731 0.254512 0.844105
0 0.916212 0.52009 0.0379173 0.194393 0.837784
0 0.241489 0.366253 0.0452481 0.206085 0.812978
0 0.599087 0.215346 0.0460573 0.163035 0.803746
0 0.500132 0.280715 0.0293773 0.170707 0.759467
0 0.602064 0.93247 0.040707 0.13506 0.734681
0 0.733653 0.646445 0.0545038 0.225753 0.691646
0 0.067646 0.65993 0.0468163 0.304566 0.688237
0 0.288822 0.315358 0.0361254 0.182456 0.687403
0 0.264323 0.229833 0.0289956 0.156507 0.603535
0 0.199351 0.173863 0.0347988 0.16674 0.575928
3 0.836864 0.608608 0.127745 0.155434 0.485112
0 0.787902 0.0987499 0.0288921 0.0682428 0.405753
0 0.164713 0.187128 0.0290591 0.159196 0.394842
0 0.340564 0.771728 0.0254855 0.141719 0.388677
0 0.451025 0.295051 0.0335888 0.15731 0.310519
0 0.119713 0.180563 0.0291745 0.148828 0.3035
0 0.42541 0.225773 0.0327772 0.175907 0.259875
0 0.427472 0.280615 0.0319502 0.166938 0.25924
58 0.809359 0.286013 0.0534405 0.0895178 0.25644
