2 0.691693 0.412961 0.139335 0.242381 0.855942
0 0.15213 0.735812 0.0488077 0.241394 0.826841
0 0.486402 0.666314 0.0392709 0.21839 0.80915
0 0.194933 0.752558 0.0407033 0.229433 0.803694
0 0.249678 0.277807 0.0346698 0.17516 0.783561
0 0.436252 0.649399 0.0382813 0.219742 0.761685
0 0.914593 0.519841 0.0399193 0.191537 0.751707
0 0.53839 0.0769915 0.0282695 0.137805 0.734036
0 0.556158 0.925325 0.0421246 0.14935 0.727455
0 0.502171 0.0709213 0.0281057 0.141843 0.710607
0 0.529275 0.679591 0.0422143 0.202801 0.696421
0 0.87988 0.416637 0.0320286 0.170705 0.631529
0 0.202581 0.185812 0.0325162 0.155009 0.510601
0 0.428294 0.212283 0.0276161 0.16372 0.475405
0 0.248941 0.12209 0.0315206 0.155488 0.466784
0 0.827183 0.677121 0.0344023 0.225533 0.456276
0 0.979116 0.4532 0.0410744 0.191198 0.450878
3 0.701163 0.196991 0.100183 0.0986886 0.429408
0 0.765629 0.573874 0.0382128 0.138633 0.42116
0 0.69545 0.0845094 0.0410601 0.164812 0.318676
0 0.160224 0.19252 0.0311997 0.153695 0.316834
1 0.868138 0.630888 0.0628149 0.108003 0.310215
0 0.467367 0.0671032 0.0278973 0.124037 0.309043
58 0.809622 0.281909 0.0538239 0.0828546 0.293231
0 0.915375 0.19496 0.0411604 0.2121 0.289061
0 0.902304 0.161703 0.0305332 0.202157 0.28803
1 0.70303 0.199279 0.0968733 0.0966036 0.26179
0 0.919647 0.206591 0.0319111 0.189386 0.25134
