0 0.192158 0.833692 0.0479977 0.246306 0.868196
0 0.671788 0.825951 0.0460764 0.245997 0.83835
2 0.691282 0.408954 0.139153 0.234903 0.820076
0 0.914409 0.518679 0.0371288 0.192191 0.801647
0 0.50287 0.42351 0.0347498 0.191258 0.771465
0 0.930174 0.734142 0.0487682 0.226934 0.754394
0 0.462681 0.431356 0.0314695 0.187743 0.753992
0 0.221753 0.458416 0.0397525 0.192873 0.74436
0 0.847754 0.656962 0.0500837 0.212709 0.720273
0 0.49891 0.932878 0.035891 0.134244 0.713443
0 0.186417 0.472663 0.0349149 0.173844 0.702917
0 0.926774 0.198776 0.026635 0.154528 0.648936
0 0.610319 0.141575 0.030748 0.150232 0.627515
0 0.865754 0.168201 0.0277313 0.149539 0.616937
0 0.433054 0.207676 0.0354567 0.162958 0.499685
0 0.263969 0.284444 0.0318237 0.169637 0.471666
0 0.783053 0.199899 0.030776 0.138114 0.345355
0 0.694321 0.086776 0.0447893 0.169438 0.337594
1 0.702723 0.197184 0.0970913 0.100473 0.32494
0 0.337392 0.781871 0.0305758 0.136535 0.302783
0 0.161295 0.192921 0.0267583 0.150743 0.285292
3 0.804475 0.606574 0.0620838 0.123792 0.280151
3 0.799656 0.618488 0.0488623 0.095527 0.263314
0 0.135814 0.198691 0.0289844 0.146618 0.2543
