2 0.691273 0.408883 0.138783 0.234081 0.813241
0 0.721089 0.923477 0.05357 0.153045 0.812402
0 0.916208 0.519919 0.0368187 0.19268 0.811067
0 0.524057 0.512724 0.0433536 0.211589 0.79209
0 0.476678 0.521561 0.0325348 0.204782 0.780867
0 0.176462 0.730768 0.0410505 0.226729 0.745944
0 0.235287 0.395282 0.0340449 0.178557 0.71364
0 0.933803 0.74066 0.0440619 0.224596 0.710388
0 0.495498 0.933649 0.037986 0.132703 0.699881
0 0.591188 0.085859 0.0305958 0.149814 0.661043
0 0.84821 0.658842 0.0502462 0.212985 0.656899
0 0.194403 0.402704 0.0304553 0.166903 0.6173
0 0.262227 0.244626 0.0369848 0.182064 0.574543
0 0.753196 0.0704669 0.0294701 0.140934 0.495395
0 0.183306 0.241243 0.0383942 0.181934 0.490587
0 0.434861 0.208375 0.0313196 0.160679 0.446892
0 0.901096 0.148007 0.0251013 0.152939 0.437706
0 0.219713 0.250644 0.0244203 0.15437 0.417486
0 0.843342 0.107333 0.0244629 0.12715 0.373724
0 0.695244 0.0835133 0.042301 0.164545 0.362746
3 0.810555 0.60775 0.0735712 0.13247 0.304173
3 0.701389 0.19375 0.10047 0.102408 0.29674
58 0.809609 0.283681 0.0529322 0.0862178 0.282822
0 0.843524 0.0917471 0.0222008 0.0964224 0.257763
0 0.139195 0.193874 0.0271918 0.15806 0.253693
