0 0.915868 0.521088 0.0382427 0.195728 0.851827
2 0.691179 0.410483 0.138845 0.234333 0.849645
0 0.283062 0.39769 0.0387777 0.194127 0.833804
0 0.229882 0.652017 0.0437926 0.225215 0.784965
0 0.0813707 0.734066 0.055281 0.232412 0.728445
0 0.512908 0.920719 0.0325508 0.15627 0.723904
0 0.242541 0.283604 0.038561 0.194063 0.721697
0 0.486466 0.219465 0.0336847 0.168775 0.72105
0 0.606481 0.211595 0.0299784 0.169052 0.687206
0 0.734564 0.644162 0.053274 0.231339 0.664251
0 0.328602 0.38703 0.0319971 0.164918 0.659523
0 0.129558 0.573779 0.0339582 0.183832 0.65112
0 0.411718 0.376904 0.036348 0.182819 0.561731
0 0.0343081 0.6728 0.0364301 0.206011 0.54933
3 0.836831 0.61364 0.127728 0.149129 0.531914
0 0.440901 0.385464 0.0351545 0.177189 0.498259
0 0.63749 0.203637 0.0291029 0.154053 0.480786
0 0.0691638 0.588269 0.0349101 0.167247 0.467767
0 0.428831 0.223564 0.0334351 0.166692 0.423117
0 0.163513 0.192944 0.0257924 0.150682 0.362645
0 0.79119 0.100771 0.0276636 0.07093 0.351877
0 0.45781 0.177202 0.0298526 0.145467 0.283911
0 0.54213 0.182479 0.0282856 0.113248 0.281507
0 0.285839 0.193716 0.0307879 0.153881 0.272667
