2 0.691333 0.40961 0.139043 0.236069 0.85912
0 0.446083 0.662795 0.0502626 0.235605 0.838709
0 0.188093 0.788962 0.0436554 0.23432 0.827758
0 0.14179 0.764897 0.0488708 0.241376 0.817496
0 0.254307 0.253043 0.0362143 0.169922 0.796704
0 0.496216 0.693119 0.0422039 0.218669 0.760549
0 0.913613 0.519689 0.0415245 0.195963 0.737972
0 0.538068 0.708765 0.038446 0.208536 0.703506
0 0.955462 0.428652 0.0450191 0.189678 0.700838
0 0.536087 0.0692517 0.0292277 0.133931 0.68471
0 0.553922 0.928743 0.0405739 0.142514 0.684331
0 0.501455 0.0678413 0.0278276 0.135683 0.610772
0 0.878847 0.117381 0.0297134 0.154495 0.530545
0 0.431098 0.212389 0.026135 0.16628 0.502936
0 0.871092 0.404528 0.032165 0.172503 0.496407
0 0.20161 0.177532 0.0368879 0.162276 0.479722
3 0.70132 0.195762 0.100396 0.0990707 0.43177
0 0.940136 0.216468 0.0267845 0.164869 0.42703
0 0.161827 0.228137 0.0336791 0.224813 0.407457
0 0.246084 0.106658 0.0329167 0.151656 0.401401
0 0.819327 0.636299 0.0397251 0.205077 0.395825
3 0.791137 0.593794 0.0373798 0.128884 0.343921
0 0.337422 0.782553 0.0314989 0.14131 0.336855
0 0.914823 0.238219 0.0327511 0.145609 0.305497
1 0.867029 0.631244 0.0634785 0.106854 0.305273
58 0.809643 0.285343 0.0534739 0.0899844 0.290862
1 0.703581 0.197949 0.0964338 0.0974977 0.264504
0 0.906329 0.122011 0.0281979 0.134185 0.253685
