0 0.457071 0.938471 0.0432899 0.123058 0.838169
2 0.690623 0.409584 0.138504 0.236086 0.835709
0 0.658866 0.776358 0.0433207 0.22292 0.832622
0 0.243893 0.624823 0.0378008 0.225561 0.814643
0 0.918497 0.517884 0.0426575 0.194411 0.810127
0 0.173285 0.494261 0.0388064 0.198155 0.809219
0 0.616009 0.804969 0.0428338 0.232081 0.785809
0 0.848993 0.659154 0.0472191 0.215834 0.699637
0 0.260826 0.237004 0.0336078 0.185293 0.552612
0 0.184655 0.266414 0.0300244 0.165374 0.499394
0 0.847726 0.176733 0.0283718 0.160969 0.47403
0 0.230755 0.248162 0.0240738 0.136929 0.457711
0 0.494703 0.0345374 0.0246802 0.0689717 0.369012
0 0.421777 0.208705 0.0266088 0.157457 0.340932
3 0.701206 0.191267 0.101076 0.106392 0.324845
0 0.147966 0.266764 0.027453 0.14948 0.315227
58 0.34509 0.306848 0.0471199 0.109299 0.311651
1 0.703185 0.195766 0.0960079 0.0959794 0.307398
3 0.809075 0.60942 0.0692392 0.130685 0.2832
0 0.16431 0.194918 0.0292595 0.140349 0.274631
0 0.783601 0.0628373 0.0377007 0.122086 0.254008
0 0.202189 0.175085 0.036037 0.175619 0.251441
