0 0.91602 0.521448 0.0380699 0.194943 0.84385
2 0.691437 0.411494 0.138946 0.23758 0.832306
0 0.240687 0.948011 0.0504218 0.103979 0.768881
0 0.51395 0.928915 0.0349707 0.140521 0.739225
0 0.226753 0.561373 0.043665 0.212223 0.736508
0 0.530607 0.467039 0.0351573 0.189565 0.710919
0 0.827976 0.68503 0.0467815 0.22386 0.702502
0 0.264702 0.893358 0.0579672 0.146059 0.699869
0 0.523078 0.133557 0.0296661 0.158663 0.659546
0 0.488259 0.523057 0.0335258 0.185158 0.651799
0 0.917514 0.138894 0.0290993 0.142776 0.65066
0 0.459616 0.524428 0.0367786 0.208088 0.633893
0 0.249297 0.182687 0.0382994 0.17532 0.622687
0 0.552764 0.137912 0.0284081 0.15213 0.602644
0 0.497929 0.0899794 0.0317522 0.158038 0.585301
0 0.130477 0.396524 0.0317579 0.165554 0.573317
0 0.24309 0.414534 0.0385742 0.179437 0.516147
0 0.275539 0.566132 0.0350039 0.194659 0.494117
0 0.762991 0.0548056 0.0293744 0.108755 0.416625
0 0.258144 0.641952 0.039517 0.226967 0.397903
0 0.163131 0.182229 0.028246 0.187531 0.394839
0 0.429107 0.218194 0.0310263 0.157608 0.382943
1 0.703266 0.199314 0.0967421 0.0955817 0.370267
0 0.206826 0.181188 0.0320347 0.163705 0.342579
0 0.849659 0.0647201 0.0276196 0.121063 0.325329
3 0.701289 0.196937 0.100279 0.100622 0.314491
3 0.838704 0.593951 0.126985 0.161375 0.309624
0 0.972598 0.541675 0.0535946 0.191953 0.297392
1 0.87271 0.633064 0.0523129 0.105832 0.277099
3 0.872629 0.618608 0.0578651 0.128771 0.259163
0 0.69498 0.0880818 0.0433334 0.170531 0.256087
