2 0.691337 0.41022 0.13831 0.234096 0.832598
0 0.9171 0.519245 0.0412645 0.193128 0.818446
0 0.203655 0.601186 0.0505979 0.227982 0.791955
0 0.52639 0.922612 0.0398607 0.154321 0.728195
0 0.257558 0.610029 0.0359328 0.21581 0.705435
0 0.544895 0.127337 0.0280313 0.154294 0.689863
0 0.24773 0.382559 0.0376926 0.193585 0.674935
0 0.460649 0.551053 0.037818 0.208576 0.673024
0 0.30158 0.945847 0.0605718 0.108306 0.662483
0 0.573093 0.494091 0.0344455 0.173847 0.661522
0 0.93453 0.164298 0.0310909 0.145124 0.659034
0 0.846296 0.698172 0.0444408 0.227665 0.643639
0 0.494256 0.561656 0.038889 0.191087 0.642361
0 0.31503 0.642077 0.0537547 0.222835 0.640401
0 0.511103 0.117897 0.0328836 0.163451 0.587619
0 0.954871 0.521668 0.0317471 0.194764 0.579322
0 0.862226 0.0832944 0.0283768 0.153394 0.465114
0 0.427985 0.216978 0.0324314 0.156816 0.38368
0 0.201426 0.177631 0.0349128 0.169049 0.357879
0 0.96208 0.132608 0.0251781 0.116865 0.343147
3 0.838516 0.598291 0.126797 0.161669 0.336707
0 0.248514 0.15794 0.0327987 0.172655 0.298789
0 0.695301 0.085825 0.0409918 0.166111 0.297342
3 0.701183 0.195324 0.101288 0.1019 0.289997
1 0.703534 0.199018 0.0968374 0.0956202 0.289115
58 0.810573 0.291882 0.0533953 0.10135 0.286066
