2 0.691347 0.408251 0.139124 0.234935 0.837922
0 0.915405 0.518908 0.0389072 0.193663 0.82901
0 0.173658 0.541145 0.0393339 0.212147 0.812824
0 0.297026 0.64326 0.0485382 0.224678 0.801391
0 0.619959 0.717399 0.0439894 0.228198 0.780006
0 0.475921 0.942726 0.0453575 0.114548 0.778764
0 0.579465 0.741372 0.0410175 0.230523 0.768361
0 0.848153 0.658165 0.049408 0.218263 0.690042
0 0.252697 0.26425 0.0337934 0.188486 0.651877
0 0.223051 0.272527 0.0263727 0.148966 0.603275
0 0.694378 0.0874976 0.0426733 0.169788 0.381916
0 0.183923 0.256109 0.0276035 0.155384 0.374084
3 0.700247 0.190083 0.100168 0.116317 0.362351
58 0.345203 0.306857 0.0469982 0.108493 0.342991
0 0.425406 0.203399 0.0293326 0.155125 0.33555
1 0.697988 0.192643 0.0927278 0.112249 0.320717
0 0.79159 0.0689565 0.0322812 0.124442 0.295942
0 0.256269 0.124287 0.0374508 0.148219 0.290464
0 0.299625 0.193402 0.0302423 0.148652 0.273364
3 0.806694 0.610366 0.064119 0.121047 0.257627
