2 0.691556 0.409925 0.139174 0.237416 0.83706
0 0.670562 0.883291 0.0433187 0.229946 0.818824
0 0.917675 0.518556 0.0428139 0.195152 0.798746
0 0.216958 0.609498 0.037882 0.229075 0.795607
0 0.714724 0.8775 0.0511482 0.243853 0.792464
0 0.450757 0.929535 0.042849 0.138438 0.778176
0 0.174336 0.446845 0.0333774 0.193935 0.687417
0 0.266504 0.210547 0.0297535 0.170861 0.683321
0 0.788144 0.0650984 0.0325521 0.126903 0.666288
0 0.853156 0.209735 0.0359051 0.16814 0.660473
0 0.554679 0.0441143 0.0363113 0.0811473 0.649518
0 0.145708 0.274727 0.0278174 0.179381 0.586144
3 0.701035 0.19074 0.101271 0.114202 0.483707
0 0.233963 0.215552 0.0225771 0.142834 0.473481
0 0.844241 0.658503 0.0564007 0.21309 0.447088
0 0.17037 0.280199 0.0296062 0.161236 0.390163
0 0.431493 0.210087 0.0238346 0.156308 0.388907
3 0.839928 0.600938 0.12864 0.154895 0.364811
1 0.701212 0.19336 0.0999876 0.115319 0.346824
58 0.345969 0.306852 0.0492929 0.109158 0.31521
3 0.810943 0.608951 0.0746992 0.137261 0.26436
