0 0.914966 0.518871 0.0402586 0.194353 0.841752
2 0.691184 0.408219 0.13906 0.235119 0.831768
0 0.175933 0.538844 0.0397629 0.211395 0.795364
0 0.474943 0.942905 0.0445875 0.11419 0.795169
0 0.623507 0.734092 0.046217 0.238847 0.781506
0 0.291753 0.638252 0.0423046 0.225795 0.77065
0 0.582529 0.746222 0.040308 0.233541 0.758869
0 0.847831 0.659444 0.0499538 0.21627 0.689301
0 0.252921 0.262544 0.0334299 0.185205 0.626174
0 0.22348 0.272359 0.0265963 0.149845 0.587012
0 0.180354 0.537299 0.0311416 0.187139 0.566084
0 0.792642 0.0679025 0.031502 0.126509 0.460106
0 0.253765 0.110872 0.0340682 0.129655 0.426964
3 0.700242 0.189764 0.100477 0.115572 0.374333
0 0.185069 0.258588 0.0278251 0.157143 0.370813
58 0.345095 0.305121 0.0471213 0.105997 0.305465
3 0.809025 0.606408 0.0688271 0.135689 0.304286
0 0.424798 0.203258 0.0299582 0.156387 0.304131
0 0.300354 0.192039 0.0356193 0.1532 0.299211
0 0.694076 0.0874144 0.0421955 0.1699 0.288938
0 0.155615 0.260521 0.024832 0.161973 0.281068
0 0.403074 0.100721 0.0265281 0.125721 0.279839
