2 0.691429 0.408421 0.13865 0.237099 0.886186
0 0.240506 0.370205 0.0440663 0.20919 0.868952
0 0.226637 0.863212 0.0510403 0.24849 0.840033
0 0.916324 0.519625 0.0378986 0.193548 0.835381
0 0.505271 0.275918 0.0287295 0.167161 0.799077
0 0.0722313 0.622552 0.0381127 0.231285 0.767233
0 0.610538 0.93359 0.0383349 0.13282 0.741122
0 0.04487 0.726269 0.0444596 0.209127 0.701379
0 0.613222 0.21533 0.0341902 0.155523 0.69985
0 0.733592 0.645801 0.0536118 0.225349 0.694574
0 0.286617 0.306601 0.0394989 0.179852 0.677302
0 0.199807 0.174159 0.0334449 0.165922 0.543818
0 0.431915 0.274676 0.0323462 0.169976 0.526152
0 0.262911 0.22457 0.0300918 0.172623 0.47301
0 0.663814 0.219371 0.0314802 0.154203 0.456167
3 0.83705 0.606834 0.128734 0.157706 0.420057
0 0.788274 0.0996071 0.027428 0.0672284 0.410197
0 0.166167 0.186673 0.0303951 0.166954 0.382192
0 0.73717 0.252131 0.0437545 0.169819 0.372469
0 0.456924 0.283378 0.0253634 0.144728 0.310675
0 0.369083 0.312972 0.0309605 0.135825 0.297278
0 0.340633 0.769321 0.025191 0.140906 0.273891
