0 0.612669 0.636246 0.0401173 0.221377 0.866516
0 0.915755 0.520348 0.0408535 0.195535 0.862958
2 0.691408 0.409788 0.138774 0.234278 0.842706
0 0.504675 0.315698 0.0337838 0.183512 0.842684
0 0.849631 0.657598 0.0488613 0.217863 0.781899
0 0.458037 0.326973 0.0302492 0.181933 0.766541
0 0.220331 0.939811 0.0453678 0.120378 0.732744
0 0.172016 0.579657 0.0406653 0.193512 0.722656
0 0.978698 0.309455 0.0296223 0.169335 0.710245
0 0.273278 0.377241 0.0330786 0.177681 0.697346
0 0.482851 0.935916 0.0294661 0.128168 0.693192
0 0.903925 0.260356 0.0341652 0.149343 0.669891
0 0.213603 0.569302 0.0386089 0.205124 0.666729
0 0.318914 0.613418 0.036379 0.228101 0.599561
0 0.209847 0.379635 0.03467 0.17827 0.592639
0 0.169985 0.381807 0.0326379 0.171447 0.557414
0 0.899939 0.716007 0.0433926 0.248669 0.53897
0 0.783369 0.263286 0.032217 0.138504 0.380115
0 0.676946 0.229217 0.0332834 0.13345 0.379725
0 0.135439 0.204539 0.0289415 0.147725 0.355523
0 0.898978 0.730997 0.0335617 0.216518 0.34385
0 0.162119 0.192675 0.0271463 0.152914 0.317975
58 0.346182 0.304507 0.0484528 0.099808 0.305088
0 0.274029 0.231725 0.0236479 0.126725 0.265624
0 0.434847 0.208717 0.0276529 0.158287 0.252164
26 0.228996 0.555568 0.01755 0.0426059 0.251371
