0 0.632215 0.701793 0.044585 0.240752 0.852302
0 0.200854 0.90714 0.0475283 0.18572 0.831068
2 0.691294 0.409626 0.13923 0.233221 0.81689
0 0.915177 0.518177 0.0385761 0.192283 0.810673
0 0.499598 0.351337 0.0338179 0.186406 0.763903
0 0.929755 0.738834 0.0463936 0.234213 0.755433
0 0.849247 0.656644 0.0517673 0.213973 0.752946
0 0.276872 0.342354 0.0340703 0.170814 0.724639
0 0.489282 0.938623 0.0331013 0.122755 0.716113
0 0.889527 0.224496 0.0318851 0.146923 0.71186
0 0.96081 0.273463 0.0340467 0.172869 0.696624
0 0.45505 0.36256 0.0307462 0.188693 0.695698
0 0.645523 0.211442 0.0321013 0.16458 0.620617
0 0.219391 0.525386 0.039527 0.208735 0.598971
0 0.182027 0.531312 0.0274309 0.176943 0.561868
0 0.331581 0.621327 0.0418962 0.221713 0.535228
0 0.175803 0.350133 0.0341887 0.169607 0.508238
0 0.782823 0.236282 0.0312508 0.137353 0.472071
0 0.176386 0.533115 0.0388876 0.177259 0.467234
0 0.433586 0.206612 0.0328421 0.160586 0.333671
0 0.135094 0.197708 0.0291808 0.153618 0.284065
0 0.163453 0.193823 0.027037 0.152753 0.268584
0 0.958873 0.733022 0.0496502 0.291612 0.262188
