0 0.731211 0.930942 0.0492458 0.132962 0.880265
0 0.480104 0.530232 0.0342323 0.195442 0.850037
0 0.524466 0.516718 0.0392439 0.202885 0.826819
2 0.691442 0.408649 0.13884 0.23472 0.822003
0 0.915995 0.518913 0.0373249 0.191014 0.818466
0 0.172532 0.716573 0.0427899 0.226408 0.810035
0 0.847709 0.65839 0.0518799 0.212397 0.725139
0 0.936197 0.739883 0.0399567 0.217972 0.712916
0 0.493715 0.933285 0.0413526 0.13343 0.710398
0 0.193346 0.395195 0.0399952 0.160794 0.709862
0 0.585734 0.0746087 0.0312361 0.145553 0.706033
0 0.238321 0.388352 0.0325427 0.178522 0.68225
0 0.751179 0.0756003 0.0300937 0.139984 0.508378
0 0.433965 0.208747 0.0331125 0.161186 0.471276
0 0.695316 0.0846441 0.043675 0.165941 0.446115
0 0.89815 0.13594 0.0251944 0.130813 0.43832
0 0.837718 0.0865876 0.0272694 0.112082 0.397768
0 0.183642 0.238622 0.0387285 0.178956 0.390228
0 0.261802 0.236549 0.0358119 0.183092 0.315078
0 0.22325 0.239616 0.0256898 0.159076 0.297845
0 0.135012 0.194709 0.0308124 0.154128 0.290957
1 0.702909 0.196241 0.0970367 0.10233 0.287053
3 0.805802 0.609148 0.0644417 0.116319 0.264235
58 0.809221 0.281421 0.0530947 0.0819818 0.256917
3 0.797143 0.620306 0.043423 0.0921204 0.252612
