2 0.69142 0.409252 0.138882 0.234788 0.844957
0 0.623305 0.690506 0.0467798 0.239731 0.836474
0 0.207947 0.914124 0.0532081 0.171751 0.832425
0 0.915585 0.51893 0.0415648 0.194618 0.825774
0 0.499885 0.347672 0.0322046 0.185594 0.775013
0 0.848718 0.656445 0.0520838 0.213977 0.756464
0 0.456158 0.34761 0.0322924 0.180767 0.727739
0 0.488765 0.939164 0.0327076 0.121671 0.708655
0 0.965829 0.282407 0.0326633 0.179973 0.677821
0 0.895644 0.232127 0.0291306 0.145853 0.67235
0 0.174896 0.544478 0.0427765 0.187596 0.650857
0 0.928504 0.734909 0.0477461 0.234142 0.609454
0 0.779702 0.242961 0.0309187 0.141101 0.594225
0 0.21945 0.540725 0.0424741 0.209959 0.581343
0 0.275242 0.351416 0.0330813 0.168012 0.547104
0 0.218608 0.353947 0.0359462 0.178049 0.522969
0 0.655563 0.219233 0.0319609 0.149577 0.522844
0 0.328774 0.622008 0.0451738 0.21743 0.510785
0 0.172051 0.362203 0.0365749 0.177902 0.463331
0 0.213177 0.539071 0.0330467 0.202195 0.378549
3 0.713421 0.195185 0.0760517 0.0924857 0.315487
