2 0.691522 0.411482 0.138598 0.238637 0.836021
0 0.916162 0.519401 0.0375549 0.192497 0.810527
0 0.166241 0.703375 0.046137 0.237146 0.808602
0 0.211438 0.717394 0.0419698 0.216541 0.801188
0 0.251954 0.29973 0.0384969 0.181928 0.784947
0 0.417063 0.639048 0.0389527 0.231573 0.783642
0 0.544491 0.928616 0.0440056 0.142453 0.76542
0 0.479695 0.636014 0.0413642 0.207206 0.761468
0 0.538857 0.0890353 0.0291931 0.145229 0.698425
0 0.521857 0.651895 0.0399719 0.206603 0.672822
0 0.895603 0.16156 0.0326675 0.16068 0.652751
0 0.50394 0.0782986 0.02988 0.150702 0.596086
0 0.428563 0.215625 0.0312807 0.162 0.570103
0 0.838902 0.682518 0.0348362 0.217003 0.541125
0 0.711522 0.576934 0.0404659 0.171439 0.533075
0 0.928291 0.211994 0.0306519 0.153373 0.511393
0 0.982672 0.461965 0.0338634 0.173667 0.507519
0 0.16071 0.194713 0.0322227 0.147987 0.502242
3 0.70057 0.193794 0.10236 0.101471 0.486372
3 0.83638 0.602686 0.12873 0.162684 0.486265
0 0.455553 0.0639059 0.028863 0.127812 0.452128
0 0.713341 0.567913 0.031004 0.156557 0.402256
0 0.196698 0.181155 0.0339804 0.155446 0.399132
0 0.92835 0.183406 0.0351818 0.214157 0.380025
0 0.251328 0.134091 0.0335579 0.161916 0.358096
0 0.895756 0.401524 0.0309111 0.104288 0.356005
0 0.695853 0.0849766 0.0415812 0.165442 0.326328
0 0.0678706 0.421936 0.0351106 0.14736 0.306982
1 0.871795 0.626163 0.0554644 0.112852 0.30311
58 0.809896 0.283343 0.0530531 0.0836418 0.283521
