0 0.122509 0.863492 0.0480738 0.253229 0.840374
2 0.691577 0.409911 0.139071 0.235844 0.831647
0 0.157819 0.887877 0.0428781 0.219256 0.831045
0 0.438316 0.673391 0.0394961 0.233298 0.78931
0 0.91307 0.520982 0.0390793 0.192741 0.773381
0 0.938764 0.287047 0.0364937 0.162596 0.772603
0 0.526788 0.804544 0.0450731 0.237031 0.672761
0 0.789125 0.0618718 0.0299929 0.123744 0.66722
0 0.901092 0.365328 0.0338326 0.169565 0.620203
0 0.258448 0.189584 0.0313671 0.169301 0.592565
0 0.217641 0.273801 0.0320496 0.17287 0.555751
0 0.556147 0.93266 0.0443947 0.13468 0.55357
3 0.700936 0.194718 0.101944 0.104515 0.550754
0 0.419842 0.217135 0.0286462 0.154849 0.537023
0 0.162882 0.188884 0.0309756 0.158076 0.52963
0 0.573985 0.803774 0.0391006 0.204791 0.509204
0 0.107772 0.380738 0.0294296 0.169399 0.454216
0 0.882516 0.0779456 0.0323925 0.152094 0.45256
0 0.285866 0.172418 0.028313 0.166062 0.400084
0 0.841166 0.659548 0.0399755 0.223388 0.388816
3 0.839117 0.607654 0.123211 0.137073 0.368541
0 0.250819 0.0603658 0.0308095 0.120732 0.360372
0 0.695151 0.0849616 0.0422551 0.166695 0.324324
0 0.498648 0.0488729 0.0267896 0.0942898 0.321508
0 0.98664 0.312115 0.0261984 0.180606 0.304051
0 0.100579 0.377519 0.0429594 0.173791 0.301029
26 0.501708 0.848508 0.0309277 0.0718723 0.291556
1 0.873419 0.623071 0.0535917 0.12243 0.277752
0 0.531064 0.050715 0.0264427 0.0939715 0.271693
0 0.375278 0.255585 0.0374653 0.125206 0.258618
