2 0.69127 0.411175 0.1388 0.234367 0.860971
0 0.915539 0.522004 0.0382248 0.195224 0.81242
0 0.174261 0.876327 0.0469192 0.246207 0.778421
0 0.511339 0.925667 0.0450555 0.144566 0.770377
0 0.225038 0.513474 0.0391084 0.204661 0.733251
0 0.776625 0.653147 0.0443359 0.227262 0.718482
0 0.258884 0.483807 0.0324118 0.208723 0.695331
0 0.300045 0.491493 0.0349689 0.185963 0.693816
0 0.882366 0.0955974 0.0285635 0.141423 0.684812
0 0.137738 0.651734 0.0349278 0.231281 0.648845
0 0.503847 0.15096 0.0318672 0.164546 0.632793
0 0.54637 0.172473 0.0312237 0.165931 0.602717
0 0.582986 0.159474 0.0284781 0.150169 0.579814
0 0.445522 0.456675 0.0341578 0.184671 0.578525
0 0.774301 0.0958834 0.031348 0.136259 0.559301
0 0.136137 0.473954 0.0327445 0.186643 0.547189
0 0.189253 0.754298 0.0497503 0.130863 0.49492
0 0.481348 0.458557 0.0346224 0.175535 0.481147
0 0.256183 0.222133 0.035946 0.184794 0.459054
3 0.701632 0.197353 0.0995165 0.102974 0.41314
3 0.847024 0.622567 0.1073 0.133856 0.377925
0 0.194963 0.179369 0.0291125 0.167632 0.31954
0 0.163017 0.192552 0.0262786 0.161969 0.313431
0 0.282701 0.188107 0.0275678 0.150367 0.30331
