0 0.131042 0.81725 0.0481806 0.245649 0.838318
2 0.691562 0.411064 0.139478 0.239116 0.831204
0 0.26196 0.223715 0.0337071 0.162254 0.779195
0 0.920478 0.256909 0.0347591 0.160258 0.763083
0 0.448118 0.6776 0.0369991 0.225737 0.761173
0 0.170748 0.837624 0.0455578 0.231575 0.747739
0 0.50778 0.751129 0.0432191 0.231701 0.708769
0 0.917614 0.523125 0.0343124 0.190649 0.696212
0 0.554102 0.757896 0.0372095 0.214308 0.661016
0 0.557347 0.932735 0.0405296 0.13453 0.637819
0 0.225782 0.241243 0.0314576 0.162066 0.618537
0 0.891274 0.0999299 0.0329832 0.156329 0.599055
0 0.826121 0.668772 0.0507557 0.203064 0.57809
0 0.204258 0.178078 0.0333457 0.163271 0.570731
0 0.534978 0.0599129 0.0288037 0.114418 0.569911
0 0.975604 0.261854 0.045241 0.182483 0.565608
0 0.857388 0.099335 0.0296055 0.15824 0.553402
0 0.859075 0.371205 0.0297054 0.166313 0.534361
0 0.793483 0.0598953 0.0281317 0.119791 0.509104
0 0.162554 0.188167 0.0270763 0.159416 0.485446
0 0.887177 0.656977 0.0389004 0.195657 0.482162
0 0.430176 0.210096 0.028741 0.170248 0.476116
0 0.499955 0.0574774 0.0274452 0.111788 0.455947
0 0.923788 0.393081 0.0347378 0.156218 0.411554
3 0.700997 0.193739 0.10154 0.100539 0.405867
0 0.133462 0.183341 0.0295337 0.172326 0.40369
0 0.249816 0.0845927 0.0309681 0.151696 0.394038
0 0.696639 0.0849743 0.0420973 0.165742 0.353033
0 0.472853 0.0596102 0.0280731 0.111881 0.308115
0 0.0919858 0.391794 0.0342072 0.168138 0.294592
0 0.374518 0.261195 0.0354414 0.132465 0.276158
0 0.180498 0.231096 0.0284852 0.165894 0.272329
1 0.665715 0.199948 0.0331846 0.0973315 0.256274
