2 0.691182 0.408157 0.138689 0.236715 0.894865
0 0.916204 0.519766 0.0378227 0.193284 0.830347
0 0.231354 0.426309 0.0444486 0.212924 0.828956
0 0.229501 0.934243 0.0559555 0.131344 0.803518
0 0.0222533 0.808041 0.0388258 0.21004 0.773132
0 0.0719483 0.622691 0.0390546 0.227551 0.761449
0 0.276584 0.257962 0.0376538 0.175551 0.727058
0 0.645124 0.951122 0.0448132 0.096976 0.723516
0 0.780625 0.281762 0.0319735 0.174446 0.708602
0 0.734364 0.641431 0.0566883 0.228527 0.613956
0 0.540342 0.247161 0.0321831 0.162032 0.607065
0 0.427646 0.220117 0.0323221 0.168577 0.575155
3 0.83692 0.608705 0.128903 0.153183 0.536565
0 0.727889 0.634571 0.0420153 0.212122 0.506722
0 0.720899 0.263451 0.0353325 0.135942 0.463144
0 0.482543 0.242554 0.0282572 0.14373 0.425503
0 0.162433 0.187114 0.0277195 0.164423 0.424524
0 0.987479 0.362527 0.0238882 0.179188 0.423837
0 0.457713 0.242721 0.0348085 0.191371 0.414051
0 0.788368 0.0996239 0.0287986 0.0687606 0.404663
0 0.199516 0.171374 0.0347097 0.171812 0.395175
58 0.809974 0.309962 0.0521824 0.139937 0.320324
0 0.0926866 0.409762 0.0420379 0.192102 0.318449
58 0.344817 0.308093 0.0461873 0.112365 0.270766
0 0.375487 0.253237 0.0359407 0.121586 0.255481
