2 0.691323 0.411446 0.139005 0.234654 0.870964
0 0.915708 0.521535 0.038501 0.195405 0.829448
0 0.178068 0.88014 0.0503897 0.239719 0.76906
0 0.510715 0.925606 0.0411367 0.144198 0.761076
0 0.223338 0.507944 0.0409653 0.2058 0.743631
0 0.298987 0.49251 0.035406 0.187604 0.740115
0 0.258804 0.490977 0.0324216 0.209455 0.710961
0 0.884449 0.0976848 0.0290707 0.139543 0.688587
0 0.503336 0.148835 0.0311474 0.164402 0.674702
0 0.544769 0.172382 0.0311696 0.166598 0.669401
0 0.137174 0.463593 0.0319742 0.168488 0.636355
0 0.777874 0.650571 0.043502 0.222669 0.603437
0 0.139397 0.652131 0.0352116 0.234201 0.601639
0 0.580892 0.160087 0.0266507 0.153746 0.583211
0 0.774339 0.092448 0.0290487 0.13543 0.529962
0 0.482482 0.459706 0.0362823 0.173991 0.52795
0 0.187366 0.757015 0.0458908 0.130225 0.497281
0 0.445529 0.455461 0.0348599 0.182425 0.471413
0 0.162301 0.19541 0.024203 0.154701 0.435165
0 0.424103 0.412971 0.0274994 0.182625 0.431973
3 0.701587 0.197818 0.0997229 0.101449 0.419421
0 0.255624 0.219972 0.0354061 0.181063 0.41103
3 0.846025 0.618658 0.109301 0.139702 0.372466
0 0.19516 0.182218 0.0288585 0.160148 0.344789
0 0.427801 0.217098 0.0326939 0.152452 0.313752
0 0.282463 0.187655 0.0270644 0.149598 0.305477
1 0.665525 0.204403 0.0329641 0.0916177 0.260288
