2 0.691242 0.409953 0.13919 0.234962 0.867356
0 0.916137 0.521154 0.0379446 0.195978 0.833539
0 0.236878 0.304509 0.0378192 0.193613 0.806792
0 0.471883 0.249325 0.037274 0.175987 0.794298
0 0.237538 0.713139 0.0490948 0.233981 0.78973
0 0.532885 0.924806 0.0311285 0.148962 0.779978
0 0.028869 0.682257 0.0545219 0.217738 0.738027
0 0.0699219 0.622126 0.0371227 0.226765 0.736865
0 0.734145 0.64667 0.0524843 0.22366 0.707461
0 0.139224 0.620999 0.0347767 0.190829 0.68658
0 0.40766 0.347364 0.0336674 0.176291 0.686034
3 0.837106 0.610791 0.12743 0.153082 0.586809
0 0.289233 0.351798 0.0332994 0.227464 0.5743
0 0.434368 0.355537 0.0314568 0.168999 0.545503
0 0.639543 0.222498 0.0299562 0.159725 0.537938
0 0.198126 0.177355 0.0307922 0.160673 0.533501
0 0.42773 0.214252 0.0313908 0.15084 0.464902
3 0.712201 0.194096 0.0798437 0.0937404 0.455312
0 0.164743 0.193559 0.0278004 0.155672 0.452134
0 0.580559 0.202916 0.0263136 0.131852 0.438898
0 0.503239 0.194801 0.0328421 0.16253 0.414511
0 0.334394 0.354064 0.0330232 0.197424 0.394235
0 0.788244 0.101387 0.0285391 0.0710673 0.352629
0 0.664378 0.215647 0.0270962 0.161862 0.327081
0 0.340636 0.771986 0.0261468 0.148835 0.290865
26 0.218606 0.708545 0.0141803 0.0310394 0.255302
