0 0.685848 0.874207 0.0477093 0.246655 0.857387
2 0.691493 0.40909 0.139019 0.235434 0.842204
0 0.510037 0.456269 0.0394947 0.204269 0.806659
0 0.492258 0.941114 0.0411291 0.117772 0.785224
0 0.914937 0.51865 0.0379513 0.191689 0.784433
0 0.186034 0.79358 0.0450508 0.233943 0.775615
0 0.465026 0.466579 0.0320849 0.193381 0.763301
0 0.856799 0.147508 0.029187 0.144659 0.751756
0 0.933829 0.734754 0.0434669 0.227163 0.714107
0 0.190805 0.446143 0.0334466 0.176451 0.700452
0 0.847815 0.657573 0.0481523 0.21129 0.686326
0 0.600603 0.120545 0.0288393 0.150874 0.682512
0 0.91542 0.179177 0.0256222 0.163466 0.660086
0 0.225104 0.435391 0.037214 0.193871 0.64694
0 0.43451 0.208456 0.032106 0.160253 0.462312
1 0.702184 0.195915 0.101315 0.107734 0.427592
0 0.203741 0.283463 0.031358 0.15542 0.424763
0 0.183056 0.242903 0.0398914 0.180327 0.41815
0 0.694678 0.0883888 0.0442081 0.173444 0.394987
0 0.78309 0.176951 0.0274593 0.145786 0.332973
0 0.137873 0.191838 0.0277354 0.15824 0.288457
58 0.809859 0.288392 0.052907 0.0941023 0.283793
58 0.346308 0.304252 0.0504176 0.104636 0.273724
58 0.810854 0.307913 0.0529997 0.133554 0.262791
0 0.253035 0.277508 0.0314847 0.177407 0.250075
