0 0.62964 0.69978 0.0464209 0.238834 0.85252
2 0.691402 0.408885 0.139084 0.232953 0.834598
0 0.915022 0.518162 0.0393309 0.192414 0.809591
0 0.202475 0.909237 0.0475255 0.181526 0.802401
0 0.500621 0.351797 0.0326674 0.186908 0.777597
0 0.849005 0.656444 0.0522123 0.214494 0.748529
0 0.962601 0.270925 0.0330479 0.168385 0.732514
0 0.931221 0.739189 0.0468235 0.238995 0.723434
0 0.489037 0.93875 0.0331747 0.122499 0.717562
0 0.455447 0.360728 0.0316084 0.187972 0.715023
0 0.276572 0.346096 0.0351287 0.173848 0.712568
0 0.891652 0.226405 0.0291216 0.145517 0.709288
0 0.331679 0.620244 0.0432109 0.220936 0.637764
0 0.647909 0.210218 0.0319777 0.161093 0.581601
0 0.219508 0.533306 0.0397382 0.210251 0.556099
0 0.18303 0.531346 0.0271206 0.177571 0.538403
0 0.174746 0.355585 0.0334675 0.174554 0.462987
0 0.782378 0.239941 0.031349 0.142273 0.389889
0 0.17618 0.532814 0.0388074 0.178075 0.309048
3 0.710091 0.195761 0.0827915 0.0962673 0.299051
0 0.134567 0.199251 0.0297302 0.149112 0.270312
0 0.434872 0.20738 0.0302866 0.161089 0.255502
0 0.214874 0.524943 0.033558 0.1869 0.25315
