0 0.510471 0.608588 0.0357533 0.207202 0.867498
2 0.691304 0.40839 0.13873 0.235476 0.843213
0 0.915311 0.518506 0.0386688 0.194411 0.838889
0 0.15994 0.652056 0.0409182 0.22599 0.829186
0 0.556809 0.59094 0.03776 0.217273 0.816999
0 0.470461 0.936939 0.0411066 0.126121 0.733759
0 0.846814 0.658572 0.0515032 0.212024 0.69168
0 0.431137 0.207836 0.0361372 0.164696 0.679834
0 0.871677 0.0822094 0.0304169 0.153365 0.62828
0 0.209552 0.338332 0.0233532 0.157584 0.600117
0 0.24325 0.340887 0.0326481 0.1834 0.593143
0 0.17439 0.247589 0.0283775 0.163297 0.534632
0 0.748244 0.102172 0.0305845 0.152205 0.505495
0 0.570792 0.0456493 0.0269878 0.0871087 0.49415
0 0.783346 0.115249 0.0299206 0.140355 0.49376
0 0.200535 0.337883 0.0406557 0.165394 0.484372
3 0.701638 0.192426 0.100078 0.109989 0.478936
0 0.695311 0.0849598 0.0422859 0.165746 0.430165
0 0.262018 0.192039 0.0317646 0.188414 0.398486
0 0.193298 0.242836 0.0242571 0.151892 0.322534
0 0.825367 0.0647089 0.0210215 0.123242 0.310732
58 0.345089 0.307847 0.0465499 0.111125 0.308761
0 0.229594 0.200029 0.0303196 0.167655 0.290148
0 0.304445 0.187273 0.0294142 0.155162 0.269462
0 0.375782 0.256263 0.0375203 0.118554 0.259688
1 0.702674 0.195021 0.0971666 0.1051 0.255523
58 0.810501 0.309246 0.0533021 0.140225 0.252092
0 0.336779 0.785629 0.0334449 0.134048 0.252074
