2 0.691547 0.410537 0.139305 0.237686 0.839882
0 0.124335 0.839517 0.0509435 0.246135 0.811026
0 0.162802 0.865097 0.0436241 0.241735 0.795043
0 0.449454 0.679306 0.0325287 0.233173 0.755694
0 0.514398 0.779229 0.046558 0.24005 0.753382
0 0.91304 0.520273 0.0370422 0.192845 0.74758
0 0.258804 0.207423 0.0337459 0.169444 0.669023
0 0.56422 0.930168 0.0412186 0.139664 0.633454
0 0.55865 0.779498 0.0400549 0.211669 0.631045
0 0.930211 0.269698 0.0289049 0.164718 0.615597
0 0.887896 0.0924957 0.0328598 0.155376 0.584888
0 0.790428 0.0625798 0.0291665 0.12516 0.576874
0 0.221106 0.258238 0.0316542 0.169737 0.57287
0 0.911618 0.377728 0.0449331 0.168604 0.571196
0 0.920378 0.673926 0.0406796 0.183229 0.563435
0 0.834839 0.668925 0.0364353 0.203629 0.558077
0 0.851957 0.362586 0.0272083 0.175173 0.546819
0 0.162437 0.190516 0.0286402 0.158582 0.535458
3 0.700447 0.192486 0.102677 0.10834 0.5024
0 0.252703 0.0743904 0.0322386 0.147026 0.480621
0 0.133549 0.185445 0.0315789 0.170774 0.432073
0 0.422735 0.214461 0.0320764 0.157165 0.409256
0 0.853583 0.0877546 0.0291563 0.157088 0.387192
0 0.532057 0.0569346 0.0282911 0.111262 0.384147
0 0.695256 0.087277 0.0427476 0.169962 0.37034
1 0.875586 0.629507 0.0525442 0.112093 0.366297
0 0.401816 0.1602 0.0367508 0.15229 0.318952
3 0.840106 0.603299 0.123316 0.14144 0.313914
0 0.98177 0.28548 0.0360291 0.172813 0.311888
3 0.800409 0.605386 0.0535839 0.128914 0.301136
0 0.191437 0.24089 0.0232622 0.133131 0.287879
0 0.476707 0.0571267 0.0296082 0.107129 0.264858
0 0.206535 0.182433 0.0275839 0.1707 0.262723
