2 0.691211 0.409694 0.139029 0.233868 0.819527
0 0.150881 0.922555 0.0431345 0.15489 0.778445
0 0.175761 0.893837 0.0498074 0.212326 0.712942
0 0.913451 0.522437 0.0404221 0.196302 0.699747
0 0.884281 0.332941 0.0314688 0.173583 0.694899
0 0.21368 0.306556 0.0344141 0.174579 0.677822
0 0.398249 0.65718 0.0407537 0.228101 0.672593
0 0.969235 0.315803 0.0370735 0.161329 0.644847
0 0.56136 0.874498 0.0467583 0.244254 0.630002
0 0.787595 0.067411 0.0311384 0.130991 0.622273
0 0.604962 0.88036 0.0417929 0.2283 0.576613
0 0.434518 0.180244 0.0383791 0.237645 0.574762
0 0.53868 0.931074 0.0464378 0.137851 0.562328
0 0.847469 0.658151 0.0513088 0.212795 0.561869
0 0.874625 0.0627181 0.0281353 0.125436 0.541957
3 0.701112 0.195292 0.100752 0.102815 0.496393
0 0.261084 0.155196 0.0271661 0.160737 0.488617
0 0.162888 0.17998 0.0300881 0.184349 0.488377
58 0.811205 0.311518 0.0541527 0.144095 0.391157
0 0.20237 0.164651 0.0305367 0.1481 0.385219
0 0.69514 0.0867488 0.0428373 0.16962 0.369691
0 0.37597 0.261208 0.0388356 0.125322 0.348054
58 0.345556 0.305602 0.0483649 0.108826 0.321884
0 0.0896157 0.344389 0.033236 0.175131 0.27217
0 0.467421 0.047537 0.0245516 0.0855189 0.267691
0 0.243347 0.192853 0.0235752 0.137101 0.263783
