2 0.691478 0.408888 0.13861 0.236256 0.882903
0 0.238198 0.390515 0.0420857 0.205405 0.88181
0 0.230761 0.899248 0.0548347 0.201503 0.874392
0 0.916043 0.519496 0.0384315 0.194369 0.850922
0 0.02986 0.758969 0.0386312 0.208008 0.809333
0 0.281211 0.284937 0.0426921 0.183366 0.759657
0 0.0718628 0.62161 0.0398929 0.226754 0.757398
0 0.631327 0.943832 0.0407829 0.112335 0.75628
0 0.733777 0.645341 0.0539316 0.228537 0.7055
0 0.52489 0.260231 0.0329053 0.165806 0.645079
0 0.75242 0.270212 0.0297075 0.168855 0.57602
0 0.399281 0.258484 0.0334988 0.158829 0.548817
0 0.427744 0.216945 0.0276999 0.15513 0.538386
0 0.468936 0.262506 0.0315708 0.160588 0.516472
3 0.837392 0.607272 0.128785 0.157907 0.464411
0 0.779236 0.253693 0.0284578 0.146427 0.458002
0 0.788049 0.0998178 0.0275076 0.0687016 0.414874
0 0.166795 0.191854 0.0292382 0.154671 0.407716
0 0.651862 0.218346 0.0317186 0.153565 0.403114
0 0.12255 0.191845 0.0281841 0.139904 0.372801
0 0.448548 0.250578 0.027714 0.17285 0.367261
0 0.199072 0.172582 0.0324837 0.170236 0.330781
58 0.345335 0.310348 0.0469658 0.112707 0.304725
0 0.690202 0.246873 0.0410205 0.0993634 0.297588
