0 0.915872 0.517992 0.0381676 0.19458 0.831663
0 0.171228 0.56613 0.0392519 0.213399 0.819453
2 0.691561 0.408947 0.138963 0.237162 0.816802
0 0.56004 0.703495 0.0360786 0.22176 0.787621
0 0.596669 0.683513 0.041377 0.225119 0.78739
0 0.478049 0.94327 0.0440327 0.11346 0.739722
0 0.846531 0.657757 0.0503227 0.212602 0.731674
0 0.318332 0.646216 0.0356207 0.229742 0.678883
0 0.247008 0.287083 0.0336035 0.177847 0.640272
0 0.220596 0.285662 0.0266303 0.1575 0.49587
0 0.762672 0.134293 0.0302372 0.14174 0.444469
0 0.184697 0.254559 0.0286071 0.157712 0.420166
0 0.159193 0.256126 0.0267567 0.162114 0.406842
0 0.788948 0.0759439 0.0286646 0.11667 0.405069
0 0.299073 0.193335 0.0306892 0.148012 0.37575
58 0.345543 0.306774 0.0477288 0.108992 0.35993
0 0.259812 0.145454 0.033519 0.160201 0.351198
1 0.725408 0.19348 0.0549318 0.0880596 0.299251
0 0.420777 0.200876 0.0277817 0.159872 0.297681
1 0.697224 0.192235 0.090172 0.111956 0.292781
3 0.701299 0.191806 0.102228 0.108929 0.289774
3 0.80286 0.607435 0.0551973 0.131516 0.265218
0 0.694111 0.0884281 0.0434673 0.171183 0.258701
