0 0.91549 0.519922 0.0401136 0.193978 0.851549
0 0.609163 0.634959 0.0434025 0.226377 0.850297
2 0.691434 0.410895 0.138729 0.235151 0.850066
0 0.504389 0.31285 0.0334737 0.183414 0.793131
0 0.458836 0.318351 0.0310377 0.177984 0.784194
0 0.907338 0.266508 0.0299789 0.151519 0.775153
0 0.847551 0.656625 0.0471487 0.214772 0.76292
0 0.983433 0.311982 0.0326311 0.173852 0.731058
0 0.47988 0.935636 0.030576 0.128729 0.693699
0 0.268926 0.388076 0.0332656 0.177946 0.649876
0 0.227313 0.945072 0.0452666 0.109857 0.647075
0 0.893439 0.712296 0.0462769 0.260242 0.624365
0 0.171515 0.583752 0.0368398 0.18793 0.61754
0 0.212938 0.574928 0.0368241 0.203893 0.607505
0 0.169866 0.386188 0.0341226 0.171318 0.579778
0 0.318946 0.613698 0.0360327 0.232786 0.57898
0 0.20767 0.378647 0.0418363 0.166622 0.474584
0 0.783443 0.269706 0.0326153 0.1428 0.408216
0 0.161393 0.192708 0.0276308 0.152774 0.33684
3 0.721868 0.194388 0.0600161 0.0832212 0.326512
0 0.680572 0.235171 0.0291729 0.128309 0.264781
