0 0.264833 0.60764 0.0389719 0.222203 0.835822
2 0.691453 0.411541 0.139228 0.240034 0.824117
0 0.91533 0.52017 0.0424179 0.198227 0.816
0 0.860121 0.256273 0.0322559 0.164431 0.76049
0 0.192421 0.384618 0.0368392 0.187601 0.74622
0 0.748052 0.945053 0.0450647 0.109894 0.719931
0 0.609483 0.944645 0.0485998 0.110711 0.69417
0 0.495193 0.929183 0.0344236 0.141634 0.690001
0 0.435989 0.213782 0.0284277 0.164395 0.67545
0 0.787554 0.0682367 0.0302378 0.133435 0.653491
0 0.791383 0.937101 0.0491667 0.125798 0.574342
0 0.255734 0.171815 0.0280534 0.164443 0.563017
0 0.2026 0.174411 0.0354108 0.175145 0.53681
0 0.84327 0.659796 0.0575306 0.210706 0.480291
0 0.125465 0.307186 0.0283502 0.1568 0.437533
0 0.645024 0.95109 0.0350464 0.0978194 0.426126
0 0.162162 0.193179 0.03203 0.151696 0.415011
3 0.701135 0.195058 0.100519 0.102117 0.363525
0 0.233998 0.179042 0.0195388 0.137836 0.351501
0 0.305908 0.186239 0.0310479 0.147426 0.330553
0 0.376337 0.260503 0.0397107 0.125083 0.297433
3 0.840223 0.599705 0.126148 0.149893 0.293672
58 0.809374 0.31214 0.0533814 0.141271 0.28611
58 0.346925 0.308515 0.0511504 0.109179 0.285926
0 0.403749 0.121299 0.0245493 0.160066 0.272477
0 0.853312 0.659747 0.0367313 0.209413 0.262657
