2 0.691577 0.410061 0.138435 0.236258 0.858803
0 0.19434 0.614132 0.0451923 0.221194 0.830934
0 0.915422 0.519084 0.0383863 0.194048 0.800503
0 0.460826 0.563307 0.0351778 0.201541 0.770198
0 0.250752 0.363325 0.0435405 0.19222 0.765203
0 0.249515 0.63175 0.039063 0.216644 0.764503
0 0.531887 0.918582 0.0430604 0.159342 0.747763
0 0.940148 0.166889 0.0318743 0.151729 0.719411
0 0.494775 0.573629 0.0415504 0.193447 0.703964
0 0.594973 0.513331 0.0377434 0.184017 0.698248
0 0.312572 0.961375 0.0472315 0.0772505 0.635945
0 0.855734 0.711816 0.0262634 0.195093 0.61384
0 0.86775 0.101556 0.0329594 0.147395 0.581156
0 0.541041 0.119971 0.0266917 0.149407 0.577058
0 0.428166 0.217889 0.032528 0.16118 0.537787
0 0.511756 0.107413 0.0313002 0.160884 0.531323
3 0.83787 0.603392 0.125315 0.157264 0.512522
0 0.199181 0.177723 0.0333482 0.167202 0.345022
0 0.158653 0.191767 0.0323695 0.150284 0.343984
0 0.233769 0.155258 0.0214729 0.155176 0.333896
0 0.444747 0.0529886 0.0224707 0.105407 0.324123
3 0.70198 0.194899 0.0987585 0.0964222 0.322619
0 0.947531 0.50108 0.0347404 0.192446 0.309797
0 0.118753 0.35351 0.0317542 0.158372 0.30184
0 0.695287 0.085033 0.0410475 0.164198 0.273898
58 0.810613 0.291043 0.0528896 0.0983744 0.265421
