2 0.691264 0.408665 0.139007 0.235605 0.835708
0 0.915817 0.518556 0.0373768 0.193688 0.835137
0 0.55358 0.68575 0.0377001 0.21738 0.820661
0 0.59002 0.675812 0.0430403 0.232642 0.801052
0 0.17098 0.570686 0.043273 0.205155 0.800281
0 0.477096 0.940634 0.0383253 0.118732 0.724654
0 0.246178 0.29498 0.0295948 0.165311 0.719055
0 0.847598 0.658248 0.0496483 0.214945 0.678017
0 0.330437 0.651734 0.0362635 0.221547 0.582728
0 0.220038 0.297031 0.0262579 0.152967 0.544988
0 0.759954 0.133302 0.0309278 0.142694 0.479243
0 0.160272 0.252531 0.0251901 0.160747 0.410359
0 0.261356 0.155597 0.0348812 0.177155 0.407113
3 0.706653 0.191378 0.0934595 0.0940929 0.316556
0 0.299879 0.193279 0.028894 0.149273 0.314117
0 0.200217 0.176155 0.0261042 0.149205 0.281612
0 0.190696 0.254833 0.0277355 0.153748 0.267648
0 0.13395 0.186515 0.0317743 0.175469 0.260993
3 0.808849 0.608965 0.0690235 0.135024 0.256121
0 0.562963 0.0222348 0.0139303 0.0419017 0.250098
