2 0.691554 0.408017 0.13869 0.237221 0.903759
0 0.916479 0.520165 0.0380421 0.194589 0.834639
0 0.547815 0.231271 0.0325245 0.167442 0.79472
0 0.224044 0.450228 0.0466089 0.215333 0.780787
0 0.0723684 0.62357 0.0425173 0.226974 0.776265
0 0.0171806 0.864433 0.0343613 0.22943 0.76732
0 0.279257 0.24173 0.034613 0.17235 0.731116
0 0.506454 0.264868 0.0409075 0.162519 0.715017
0 0.978199 0.318509 0.0381155 0.177628 0.690685
0 0.634946 0.95522 0.0356714 0.0895591 0.659853
0 0.738015 0.642066 0.0640882 0.229891 0.614053
0 0.427432 0.218301 0.0319538 0.161033 0.591878
0 0.223662 0.959996 0.0500389 0.0800081 0.53817
0 0.727213 0.634885 0.0430371 0.212663 0.511163
3 0.836645 0.607306 0.129236 0.157355 0.495679
0 0.112755 0.428799 0.0323345 0.164953 0.492084
0 0.466568 0.220395 0.0289867 0.168964 0.477575
0 0.735024 0.287474 0.0360823 0.165399 0.407573
0 0.839794 0.284017 0.0266472 0.137462 0.397902
0 0.199371 0.175804 0.0311692 0.161852 0.332555
0 0.272477 0.23641 0.0308853 0.170956 0.328412
0 0.787893 0.099641 0.0278812 0.0680073 0.317657
0 0.161945 0.189532 0.0273485 0.153376 0.293509
0 0.488448 0.220595 0.0260066 0.153375 0.254388
