2 0.691467 0.408797 0.138427 0.237783 0.906406
0 0.916361 0.519195 0.0380602 0.195248 0.838411
0 0.225993 0.444683 0.0435939 0.217624 0.827842
0 0.0722562 0.623335 0.0429314 0.226762 0.782612
0 0.498056 0.265893 0.0533742 0.158778 0.764905
0 0.547847 0.232906 0.0330524 0.168133 0.759197
0 0.977716 0.322649 0.0399948 0.171964 0.759117
0 0.64179 0.955571 0.0369728 0.0888582 0.704119
0 0.279087 0.24421 0.0379774 0.176265 0.648922
0 0.0174017 0.847191 0.0348033 0.223667 0.646206
0 0.736395 0.642391 0.0605701 0.231074 0.631092
0 0.465506 0.222024 0.0297264 0.164044 0.621625
0 0.224084 0.956486 0.0501411 0.0870287 0.608869
0 0.427096 0.217834 0.0312883 0.161793 0.596618
0 0.732844 0.277393 0.0362645 0.147055 0.527954
0 0.727858 0.635068 0.0430279 0.213235 0.493688
0 0.108163 0.430967 0.0334214 0.169478 0.469602
3 0.836172 0.607967 0.128521 0.156376 0.468305
0 0.198843 0.175308 0.0311336 0.163936 0.38125
0 0.787875 0.0996073 0.0279884 0.0677039 0.340756
