0 0.658341 0.7939 0.0459709 0.243133 0.853532
2 0.691272 0.408614 0.138963 0.233659 0.846421
0 0.191753 0.857661 0.0447144 0.248173 0.82708
0 0.914677 0.51822 0.0382236 0.1923 0.814891
0 0.4584 0.413713 0.0329139 0.185852 0.807844
0 0.871564 0.183806 0.0306538 0.15424 0.805113
0 0.50064 0.409431 0.0365103 0.197095 0.773193
0 0.183848 0.482258 0.0340135 0.184305 0.765836
0 0.848255 0.6566 0.0513151 0.213176 0.746357
0 0.929299 0.735524 0.0488174 0.232446 0.74054
0 0.615691 0.158269 0.0305885 0.154498 0.739966
0 0.501341 0.930716 0.0383764 0.138569 0.69996
0 0.222748 0.479288 0.0385199 0.194208 0.659433
0 0.236041 0.315795 0.0337377 0.180014 0.637443
0 0.271236 0.297461 0.0317842 0.162842 0.635691
0 0.934687 0.215221 0.0299995 0.141432 0.560405
0 0.188071 0.31345 0.0291265 0.159953 0.45238
0 0.434704 0.208333 0.0287346 0.160876 0.44807
3 0.701342 0.195841 0.0996399 0.0997448 0.346377
0 0.163246 0.192715 0.0296408 0.154077 0.331133
