0 0.255982 0.605533 0.0393176 0.221646 0.815689
2 0.691355 0.409682 0.139122 0.234025 0.81295
0 0.917037 0.518402 0.0411556 0.195584 0.793549
0 0.187585 0.403055 0.0358958 0.190631 0.756736
0 0.479062 0.930983 0.0363755 0.138034 0.748293
0 0.729305 0.931428 0.0450333 0.136854 0.721817
0 0.859356 0.240601 0.0387257 0.168107 0.703209
0 0.602268 0.958196 0.0396852 0.0836077 0.660365
0 0.435939 0.213294 0.0282002 0.163883 0.632938
0 0.787796 0.0657389 0.0325705 0.131478 0.626178
0 0.772311 0.918614 0.0482037 0.161295 0.617148
0 0.643506 0.962389 0.0403845 0.0752216 0.583282
0 0.846316 0.659194 0.0524731 0.212738 0.566821
0 0.259401 0.181162 0.0283315 0.154374 0.495488
0 0.202375 0.173801 0.0320296 0.170384 0.444318
3 0.701197 0.194331 0.100955 0.102771 0.425501
0 0.376336 0.264735 0.039294 0.140754 0.35345
0 0.128849 0.303368 0.0267694 0.161336 0.341904
0 0.854042 0.654998 0.0365034 0.219857 0.33126
58 0.345729 0.306495 0.0491007 0.107115 0.327995
0 0.162345 0.195079 0.0320564 0.152254 0.318397
0 0.402614 0.121522 0.0265074 0.160322 0.311089
58 0.810835 0.311483 0.0527807 0.141434 0.272906
