2 0.691237 0.409092 0.138929 0.235971 0.849403
0 0.914907 0.518756 0.0399677 0.195163 0.848588
0 0.15821 0.658044 0.0434131 0.219635 0.820474
0 0.504313 0.603948 0.0350603 0.213732 0.796287
0 0.47252 0.937114 0.0441024 0.125772 0.794151
0 0.550026 0.580276 0.0392921 0.213622 0.793082
0 0.846467 0.658306 0.0513985 0.213188 0.707625
0 0.434678 0.207666 0.037892 0.16312 0.661568
0 0.243846 0.344633 0.0310528 0.177144 0.653702
0 0.203817 0.351005 0.0305348 0.163307 0.594985
0 0.747089 0.0968116 0.0323753 0.140406 0.565028
0 0.571775 0.0506287 0.0290497 0.101257 0.532808
0 0.876107 0.0880142 0.0253693 0.142072 0.522358
0 0.695253 0.0854242 0.0435642 0.166642 0.419252
0 0.77996 0.12134 0.0320478 0.136148 0.412433
0 0.17592 0.247214 0.0289657 0.164319 0.328863
3 0.702003 0.193052 0.0996851 0.10895 0.321915
0 0.827362 0.0630361 0.0248142 0.119386 0.295698
58 0.345082 0.306856 0.0473283 0.109367 0.293636
1 0.723014 0.197784 0.0575804 0.0899201 0.293057
0 0.261356 0.187354 0.0343758 0.153151 0.272487
3 0.80913 0.608274 0.0693323 0.138252 0.271326
0 0.23098 0.204449 0.0270458 0.148852 0.268079
58 0.809414 0.282853 0.0530582 0.0852347 0.263471
