0 0.256727 0.607994 0.043579 0.220951 0.828893
0 0.91575 0.520233 0.0427246 0.198253 0.812963
2 0.691355 0.412216 0.139025 0.240673 0.808596
0 0.190926 0.393401 0.0372614 0.193041 0.75601
0 0.858813 0.247027 0.0338783 0.164139 0.753036
0 0.488621 0.930896 0.0359422 0.138208 0.721023
0 0.738836 0.937442 0.0467968 0.123936 0.717929
0 0.436133 0.213276 0.0281218 0.163943 0.63406
0 0.604122 0.951296 0.0335205 0.0974079 0.614851
0 0.787882 0.0666835 0.0311926 0.133367 0.612655
0 0.635869 0.955986 0.0495939 0.0880281 0.549732
0 0.782491 0.930453 0.0472279 0.139093 0.515128
0 0.843373 0.660003 0.0574411 0.21143 0.503008
0 0.203068 0.17342 0.0343855 0.174435 0.477683
0 0.256374 0.173399 0.0264967 0.162045 0.427921
3 0.701039 0.194506 0.100908 0.104959 0.412906
3 0.84038 0.598861 0.126567 0.148923 0.383505
0 0.161905 0.194565 0.0322985 0.152993 0.336153
0 0.853861 0.65815 0.0368803 0.212995 0.316043
58 0.810527 0.311529 0.0531731 0.139949 0.288763
58 0.346297 0.307885 0.0498118 0.107789 0.286938
0 0.376542 0.262977 0.0408025 0.128029 0.28469
0 0.127395 0.305749 0.0277395 0.156264 0.283904
0 0.306599 0.186828 0.031386 0.149167 0.271983
