0 0.916046 0.52247 0.0381603 0.196133 0.853168
2 0.691505 0.411192 0.138956 0.237156 0.851516
0 0.508592 0.924398 0.031539 0.147352 0.75377
0 0.224608 0.923956 0.0499639 0.119788 0.724589
0 0.23554 0.599725 0.0642618 0.330428 0.721481
0 0.499034 0.104181 0.0316161 0.16081 0.710125
0 0.281504 0.561203 0.0356141 0.205225 0.708548
0 0.910241 0.133141 0.0276129 0.138296 0.70002
0 0.822687 0.679404 0.0402054 0.212522 0.680001
0 0.13486 0.411492 0.0306761 0.172778 0.672732
0 0.526935 0.143314 0.0291313 0.159533 0.671579
0 0.460338 0.512023 0.0386379 0.196302 0.641279
0 0.247867 0.860099 0.0544085 0.14631 0.627253
0 0.554936 0.141462 0.0258589 0.150909 0.621233
0 0.250626 0.184535 0.0360414 0.172035 0.618538
0 0.513563 0.450339 0.0300177 0.174695 0.608082
0 0.488273 0.511664 0.0288583 0.180164 0.543371
0 0.235147 0.402465 0.0370016 0.131989 0.517983
0 0.429187 0.220245 0.0299445 0.154186 0.51404
0 0.764952 0.0566102 0.0295322 0.11322 0.434227
0 0.16135 0.191491 0.0312044 0.169002 0.386468
26 0.438149 0.541223 0.0207808 0.0463606 0.347304
1 0.863437 0.631836 0.0526602 0.105537 0.335074
3 0.70181 0.199077 0.0994549 0.101329 0.329521
0 0.205576 0.178573 0.0326325 0.154665 0.317919
1 0.665057 0.203767 0.0321465 0.0906127 0.308646
0 0.695186 0.0878872 0.0417471 0.169444 0.259533
3 0.837138 0.593632 0.125812 0.159589 0.252059
