2 0.691265 0.409292 0.138754 0.235588 0.838346
0 0.46501 0.933104 0.0430666 0.133793 0.815375
0 0.642045 0.850406 0.0438871 0.244823 0.811445
0 0.917983 0.518319 0.0434778 0.194814 0.787261
0 0.688042 0.83543 0.0491751 0.242461 0.785737
0 0.223811 0.614092 0.0397497 0.223093 0.739446
0 0.263492 0.22738 0.0331924 0.168839 0.735435
0 0.173408 0.470001 0.0367817 0.197584 0.706103
0 0.849366 0.659151 0.0471828 0.216206 0.645383
0 0.787242 0.0666766 0.0345131 0.132358 0.59642
0 0.85041 0.196478 0.0325939 0.168863 0.587331
0 0.424463 0.207206 0.024645 0.160259 0.514273
0 0.148676 0.269088 0.0278721 0.171589 0.436686
3 0.701399 0.190557 0.101969 0.110947 0.428303
0 0.233018 0.236036 0.0238433 0.134561 0.388814
58 0.345161 0.304747 0.047564 0.105704 0.321301
3 0.839964 0.600538 0.129693 0.152831 0.279877
1 0.702974 0.19361 0.0971987 0.105165 0.273846
