2 0.691319 0.41028 0.13912 0.23438 0.834911
0 0.122788 0.8659 0.048313 0.254255 0.832082
0 0.157861 0.887903 0.0422903 0.217301 0.817972
0 0.4375 0.672422 0.0386538 0.231959 0.798581
0 0.939011 0.288237 0.0365143 0.164392 0.793039
0 0.912969 0.520657 0.038913 0.193415 0.777058
0 0.52797 0.807909 0.0442162 0.23151 0.663216
0 0.789215 0.0616605 0.0295532 0.123321 0.660256
0 0.8997 0.364235 0.0330919 0.170719 0.615423
0 0.258218 0.189365 0.0291343 0.167243 0.582204
0 0.420709 0.213521 0.0289848 0.161388 0.572594
0 0.570686 0.813324 0.0442806 0.219656 0.555457
0 0.218045 0.27202 0.0310534 0.17741 0.548078
0 0.163047 0.187009 0.0316634 0.165264 0.500458
0 0.556171 0.932951 0.0444544 0.134097 0.48211
0 0.107836 0.37967 0.0293547 0.167506 0.474253
3 0.701141 0.195744 0.100801 0.100074 0.466964
0 0.286391 0.174365 0.0287538 0.1648 0.428177
0 0.882326 0.0774719 0.0333168 0.150454 0.421634
3 0.83882 0.608666 0.123099 0.136412 0.370144
0 0.841225 0.665312 0.0374105 0.206033 0.367057
0 0.987526 0.311604 0.0244053 0.177397 0.335215
0 0.100904 0.376166 0.0429447 0.172326 0.320413
0 0.498521 0.048822 0.0268741 0.0948021 0.319005
0 0.695329 0.084114 0.0416176 0.164579 0.310148
0 0.250721 0.0600881 0.0302683 0.120176 0.288584
26 0.503832 0.848115 0.0316409 0.0754155 0.284838
0 0.531031 0.0493142 0.0257415 0.0952776 0.270469
0 0.572437 0.799522 0.0340194 0.19811 0.25857
0 0.375543 0.256904 0.0377567 0.120651 0.254677
