0 0.148744 0.947261 0.0447724 0.105478 0.849401
0 0.183395 0.916043 0.046834 0.167913 0.840385
2 0.691531 0.409952 0.1391 0.237063 0.82618
0 0.208334 0.32905 0.0340497 0.174025 0.778277
0 0.881293 0.30857 0.0387367 0.175088 0.76026
0 0.916125 0.51928 0.0358688 0.192777 0.746433
0 0.576934 0.895788 0.0420403 0.208062 0.686359
0 0.787386 0.0672834 0.0299952 0.131206 0.658149
0 0.626076 0.899943 0.0467892 0.197877 0.649631
0 0.537006 0.932097 0.0328473 0.135806 0.624724
0 0.845056 0.659806 0.0569447 0.211988 0.557463
0 0.163089 0.188977 0.0298754 0.161783 0.554801
0 0.201123 0.16961 0.0319642 0.169389 0.549753
0 0.98475 0.327896 0.0297693 0.17361 0.533849
3 0.700724 0.195093 0.102199 0.10406 0.464756
0 0.101945 0.333324 0.0278439 0.176573 0.38296
58 0.345348 0.306095 0.0483405 0.108079 0.374286
0 0.695447 0.085884 0.0424408 0.168707 0.370975
0 0.435304 0.217327 0.0292614 0.150625 0.36245
0 0.867361 0.0563623 0.0262913 0.105354 0.321147
0 0.235175 0.140526 0.0245423 0.149035 0.318558
3 0.8408 0.59869 0.126163 0.153534 0.313003
58 0.809581 0.310395 0.0529163 0.140298 0.300935
0 0.307517 0.182274 0.0295972 0.155143 0.278385
0 0.262658 0.150993 0.0297485 0.192311 0.267691
0 0.436992 0.164926 0.031388 0.224562 0.258772
