2 0.691382 0.410167 0.139169 0.234851 0.886255
0 0.91598 0.520807 0.037849 0.195586 0.840022
0 0.232898 0.728485 0.0459976 0.239637 0.804758
0 0.237226 0.314576 0.0382442 0.199735 0.768864
0 0.0706311 0.62336 0.0377466 0.229799 0.758014
0 0.466829 0.25405 0.0355598 0.170499 0.736408
0 0.540687 0.921912 0.0319088 0.154632 0.72493
0 0.734286 0.648841 0.0528292 0.222027 0.69741
0 0.136975 0.631984 0.0348032 0.191991 0.688777
0 0.509166 0.194285 0.0406233 0.158691 0.587192
0 0.407038 0.337102 0.0305394 0.180916 0.570922
3 0.837033 0.610719 0.127398 0.153374 0.569936
0 0.197935 0.175915 0.0326818 0.161271 0.547426
0 0.287975 0.360981 0.0360951 0.188426 0.509297
0 0.432689 0.343497 0.0315884 0.172132 0.491247
0 0.59217 0.186077 0.0295271 0.0940376 0.441436
0 0.164385 0.193668 0.0274261 0.155356 0.440033
0 0.42792 0.210022 0.0313173 0.142202 0.426156
0 0.340698 0.772428 0.0252889 0.143936 0.375231
3 0.713672 0.192373 0.0768387 0.0960107 0.333617
0 0.0156229 0.671827 0.0311464 0.218579 0.300264
0 0.650635 0.227313 0.0302537 0.150287 0.296486
26 0.217423 0.721026 0.0153844 0.03801 0.295985
0 0.656392 0.222933 0.0416407 0.158736 0.28287
0 0.329902 0.345649 0.0254453 0.142829 0.264475
0 0.233319 0.110407 0.0229027 0.13661 0.255124
