2 0.691307 0.40933 0.138689 0.235298 0.84311
0 0.461415 0.936958 0.0440393 0.126084 0.818702
0 0.233645 0.624574 0.0468873 0.224209 0.815496
0 0.669671 0.809598 0.0491331 0.248788 0.811118
0 0.174831 0.487594 0.0376457 0.204997 0.807604
0 0.918149 0.518089 0.0434795 0.195312 0.794598
0 0.627388 0.813849 0.0411358 0.221433 0.752018
0 0.846048 0.657823 0.0529945 0.215064 0.640549
0 0.26185 0.236827 0.0318706 0.168846 0.639936
0 0.84734 0.189318 0.0298855 0.16723 0.558228
0 0.230838 0.246778 0.025178 0.139762 0.495632
0 0.785404 0.0658965 0.0309561 0.128332 0.476362
0 0.507533 0.0379456 0.0349884 0.0718398 0.448462
0 0.422091 0.208123 0.0282417 0.157585 0.439887
58 0.345226 0.306253 0.0477232 0.108275 0.36212
1 0.70276 0.195675 0.0973604 0.0999696 0.354629
26 0.178808 0.239153 0.0282221 0.0907 0.350892
0 0.151705 0.275635 0.0305974 0.167519 0.335485
3 0.701683 0.192392 0.100886 0.104427 0.291538
3 0.809958 0.609862 0.0715939 0.134482 0.268339
0 0.164085 0.170623 0.0279128 0.100791 0.258636
