2 0.691272 0.408819 0.139301 0.234005 0.845252
0 0.915917 0.518633 0.0375774 0.193851 0.838573
0 0.162489 0.612364 0.0407377 0.215114 0.832554
0 0.530161 0.649912 0.0366569 0.219993 0.825095
0 0.570018 0.629468 0.0362331 0.213396 0.783153
0 0.472961 0.932367 0.0330003 0.135267 0.722717
0 0.846791 0.659306 0.0502983 0.211387 0.702737
0 0.161918 0.248411 0.0296237 0.163248 0.669629
0 0.783944 0.100334 0.0321983 0.137459 0.63569
0 0.24365 0.315306 0.035195 0.172788 0.631735
0 0.756064 0.113921 0.0285081 0.140983 0.579353
0 0.216323 0.324344 0.027225 0.15822 0.559123
0 0.860318 0.0657418 0.0256096 0.12841 0.529431
0 0.261801 0.174448 0.0342768 0.180713 0.515598
0 0.192863 0.247214 0.0261258 0.15157 0.464279
0 0.42677 0.208498 0.0304814 0.156799 0.442387
3 0.701964 0.19507 0.0995046 0.104025 0.409985
0 0.305222 0.189783 0.0308691 0.15137 0.398963
58 0.344994 0.307233 0.0469188 0.111737 0.331299
0 0.237493 0.175735 0.0237483 0.142165 0.296574
0 0.375679 0.257475 0.0372299 0.123196 0.264566
0 0.694936 0.0849248 0.0418901 0.164261 0.260821
1 0.703303 0.197205 0.0958566 0.0994273 0.257097
3 0.809411 0.610161 0.0693069 0.132432 0.253604
