0 0.61751 0.662882 0.0473536 0.236178 0.848609
0 0.916081 0.515831 0.042421 0.185837 0.82594
2 0.691371 0.41091 0.13899 0.23532 0.82516
0 0.214534 0.928527 0.0507656 0.141397 0.804513
0 0.501858 0.33184 0.0315904 0.189292 0.79387
0 0.848907 0.657992 0.051223 0.213465 0.792986
0 0.455617 0.333257 0.0331772 0.180681 0.76936
0 0.901431 0.250411 0.0329409 0.154928 0.761373
0 0.274839 0.367879 0.0323729 0.173028 0.709183
0 0.974289 0.294658 0.0350897 0.170265 0.707246
0 0.487402 0.938403 0.0324332 0.123194 0.675326
0 0.170526 0.558053 0.0422914 0.188104 0.605781
0 0.91356 0.741595 0.0455883 0.216357 0.593939
0 0.217748 0.56256 0.0419879 0.21761 0.57206
0 0.781049 0.255734 0.0336605 0.142237 0.552441
0 0.322185 0.616838 0.0423223 0.223182 0.539384
0 0.168652 0.371497 0.0321454 0.173485 0.526714
0 0.21281 0.372531 0.0363409 0.181621 0.515249
0 0.666203 0.215444 0.0342522 0.163005 0.505376
0 0.161916 0.191439 0.0271337 0.150065 0.349842
0 0.135696 0.198994 0.0295204 0.155543 0.33382
3 0.720511 0.195426 0.0625654 0.085496 0.268948
