2 0.691251 0.409326 0.138683 0.235056 0.816215
0 0.918121 0.51778 0.0428238 0.195472 0.807292
0 0.648788 0.856606 0.0452198 0.241832 0.793528
0 0.462964 0.932748 0.0436415 0.134504 0.791492
0 0.172297 0.467668 0.0354578 0.200288 0.78328
0 0.220838 0.613609 0.0350537 0.2233 0.71523
0 0.695956 0.843491 0.0497858 0.247401 0.691646
0 0.85198 0.196596 0.0337334 0.165404 0.691213
0 0.78668 0.0659237 0.0317982 0.131223 0.61779
0 0.264903 0.219473 0.0321146 0.168928 0.589195
0 0.845782 0.658865 0.05383 0.211974 0.509582
0 0.426169 0.207383 0.0276052 0.159604 0.495952
0 0.148699 0.268479 0.0279793 0.176109 0.421122
1 0.702479 0.193936 0.0980839 0.107571 0.388264
3 0.701383 0.189818 0.101486 0.112421 0.384534
0 0.305528 0.181474 0.0280601 0.164901 0.370832
0 0.855828 0.656515 0.0354073 0.212827 0.337899
0 0.703704 0.852787 0.035697 0.228102 0.297002
58 0.346069 0.306623 0.0486921 0.10976 0.290545
0 0.693844 0.086523 0.0410606 0.168373 0.274927
