0 0.169432 0.690287 0.048839 0.228539 0.829956
2 0.691095 0.412928 0.138576 0.242226 0.79665
0 0.915945 0.519826 0.0378273 0.191751 0.793214
0 0.539656 0.928646 0.0445431 0.142707 0.776771
0 0.476246 0.636423 0.0413998 0.22218 0.771282
0 0.251434 0.301593 0.0390788 0.182995 0.770868
0 0.414929 0.633279 0.0443814 0.230362 0.756255
0 0.21542 0.715549 0.0393115 0.225394 0.753586
0 0.539209 0.0938913 0.0283588 0.145393 0.73288
0 0.519077 0.639936 0.0395545 0.191656 0.728021
0 0.891733 0.158384 0.0325365 0.156045 0.666679
0 0.843934 0.687011 0.0436239 0.209871 0.638499
0 0.505234 0.0809631 0.0298321 0.153189 0.615846
0 0.929464 0.187799 0.0282263 0.187289 0.577379
0 0.428519 0.215433 0.0308207 0.159779 0.570492
0 0.982873 0.461278 0.0335285 0.166497 0.564163
3 0.700918 0.194802 0.101775 0.102369 0.522894
3 0.836296 0.608501 0.127816 0.152465 0.491401
0 0.698427 0.565071 0.0421406 0.187924 0.48975
0 0.453811 0.0633086 0.0246839 0.126617 0.436859
0 0.0681592 0.42116 0.0329248 0.143426 0.433903
0 0.948924 0.149004 0.0361645 0.158089 0.408644
0 0.160269 0.193015 0.0318744 0.14993 0.40561
0 0.902426 0.398248 0.0316505 0.0913949 0.382403
58 0.809846 0.288819 0.053187 0.0944976 0.336898
0 0.695714 0.0846117 0.04135 0.16495 0.330147
0 0.237711 0.179605 0.0240935 0.153485 0.311713
0 0.90022 0.432146 0.0348301 0.138539 0.276322
0 0.196505 0.178795 0.0348189 0.162844 0.267464
0 0.253845 0.136065 0.031818 0.163847 0.259685
58 0.810835 0.308739 0.0532639 0.135578 0.255181
