0 0.912997 0.519682 0.0442181 0.195068 0.811199
2 0.691207 0.409764 0.139377 0.235529 0.803122
0 0.87292 0.288121 0.0336132 0.166041 0.789285
0 0.190799 0.937567 0.0519927 0.124563 0.788294
0 0.205074 0.347319 0.0354733 0.180723 0.70598
0 0.534006 0.93741 0.0320045 0.125179 0.668145
0 0.594981 0.912416 0.0431231 0.175168 0.666708
0 0.15196 0.967857 0.0425179 0.0637604 0.650029
0 0.787254 0.0664952 0.0314627 0.128492 0.649813
0 0.636572 0.917537 0.0392199 0.164927 0.627219
0 0.104265 0.326987 0.028036 0.164111 0.526968
0 0.240702 0.145899 0.0265285 0.158238 0.47068
0 0.845055 0.659008 0.0573683 0.212962 0.465373
3 0.700931 0.19568 0.100766 0.0985272 0.415575
0 0.330662 0.617023 0.0429424 0.208319 0.410295
0 0.202759 0.174209 0.0295731 0.192498 0.397713
0 0.162751 0.190169 0.0314715 0.161724 0.385207
0 0.434959 0.213502 0.0306775 0.161349 0.343404
0 0.991114 0.339211 0.0169521 0.219808 0.3236
58 0.809559 0.31062 0.0530827 0.138696 0.30644
58 0.346615 0.306113 0.0503703 0.107573 0.299184
3 0.841783 0.598681 0.12324 0.150035 0.274619
0 0.857448 0.655182 0.0354256 0.197245 0.261609
