2 0.691384 0.410431 0.138852 0.236615 0.850621
0 0.155152 0.714147 0.0475904 0.228192 0.821625
0 0.249642 0.282911 0.0392423 0.174366 0.78226
0 0.200772 0.735991 0.0414016 0.213865 0.768391
0 0.913999 0.519974 0.0411722 0.193223 0.76501
0 0.554723 0.926224 0.0427166 0.147553 0.752763
0 0.484123 0.66071 0.0408595 0.221883 0.746807
0 0.537914 0.0833673 0.0297312 0.14777 0.722401
0 0.430505 0.643592 0.0391216 0.226459 0.714707
0 0.524858 0.662567 0.0394279 0.19724 0.713556
0 0.884228 0.422234 0.0316872 0.170645 0.689861
0 0.502863 0.0723547 0.0284265 0.144709 0.686031
0 0.427808 0.214015 0.0284019 0.159676 0.523658
3 0.836085 0.605004 0.124672 0.151515 0.503868
0 0.46523 0.0646197 0.0297054 0.128465 0.474584
0 0.984015 0.45154 0.0314079 0.185141 0.47071
3 0.701079 0.194518 0.100375 0.0975181 0.459844
0 0.162045 0.191441 0.0317765 0.157569 0.436122
0 0.923683 0.221041 0.0323942 0.151979 0.430643
0 0.831087 0.681755 0.0344276 0.216943 0.426496
0 0.903645 0.178997 0.0347759 0.163136 0.412566
0 0.250118 0.1232 0.0338413 0.158089 0.405609
0 0.198743 0.184703 0.0340922 0.14999 0.339431
0 0.745539 0.595824 0.0560978 0.186838 0.337086
58 0.345794 0.307719 0.048556 0.113405 0.283561
0 0.695475 0.0851169 0.0402412 0.164492 0.274461
1 0.70268 0.196739 0.0977444 0.098367 0.273336
58 0.80974 0.283111 0.053471 0.0848712 0.272129
1 0.871196 0.631853 0.0543629 0.103853 0.269974
0 0.337258 0.77919 0.0319459 0.145385 0.252472
