2 0.691435 0.411226 0.139032 0.235414 0.854616
0 0.915878 0.520989 0.0379189 0.194017 0.84446
0 0.290288 0.535455 0.0352046 0.196944 0.797263
0 0.205173 0.911428 0.05076 0.177144 0.770665
0 0.535433 0.15594 0.0307785 0.160505 0.770377
0 0.24569 0.51491 0.036093 0.202685 0.758617
0 0.193986 0.653214 0.0563189 0.225205 0.754222
0 0.135255 0.433893 0.0339262 0.172338 0.752344
0 0.502295 0.918595 0.0397243 0.16281 0.743683
0 0.500787 0.122955 0.0309099 0.156795 0.738865
0 0.481456 0.49135 0.0343989 0.175317 0.689022
0 0.807584 0.66736 0.0500713 0.216893 0.671914
0 0.898991 0.11582 0.0311924 0.140432 0.633317
0 0.563472 0.149189 0.0275795 0.147544 0.618701
0 0.448932 0.488555 0.0430119 0.179884 0.594899
0 0.222808 0.814782 0.0554826 0.140538 0.520578
0 0.769122 0.0702375 0.0285196 0.125877 0.512766
0 0.4293 0.194273 0.0344742 0.207944 0.46753
0 0.254636 0.19974 0.0350407 0.175518 0.451528
1 0.863469 0.628525 0.072694 0.111951 0.399344
0 0.232611 0.11814 0.0301755 0.151858 0.363326
0 0.221669 0.47464 0.0334644 0.210186 0.327647
0 0.158021 0.195933 0.0318023 0.159951 0.292841
3 0.701709 0.196851 0.0987733 0.103193 0.284216
