0 0.180581 0.908635 0.0524879 0.182729 0.837257
2 0.691562 0.409893 0.139158 0.236363 0.832405
0 0.148366 0.938378 0.0442141 0.123245 0.806339
0 0.877695 0.316598 0.043215 0.176188 0.781751
0 0.572112 0.890519 0.0441277 0.218961 0.770239
0 0.617318 0.892085 0.0463678 0.21315 0.718083
0 0.211869 0.328525 0.033606 0.175792 0.711583
0 0.915621 0.520822 0.0390709 0.197943 0.707512
0 0.540398 0.929142 0.0331489 0.141716 0.665015
0 0.787415 0.0671902 0.0306873 0.131039 0.654904
0 0.981728 0.323139 0.035803 0.171992 0.587167
0 0.438158 0.173195 0.0335447 0.240225 0.566301
0 0.201352 0.16291 0.032624 0.159817 0.556156
0 0.163417 0.182447 0.031155 0.183975 0.542268
3 0.700857 0.194012 0.102099 0.104411 0.526401
0 0.846303 0.65854 0.0563417 0.211001 0.490652
0 0.382587 0.645466 0.0337829 0.235098 0.423288
0 0.25323 0.164246 0.0267075 0.171733 0.421583
0 0.695452 0.0846812 0.0423664 0.166244 0.406248
0 0.233727 0.136066 0.0223395 0.146282 0.379598
0 0.098777 0.334832 0.0311316 0.18355 0.359081
0 0.126405 0.338128 0.0373794 0.169745 0.349591
0 0.259172 0.152577 0.0298944 0.193513 0.341095
0 0.376568 0.255646 0.038967 0.126056 0.33997
58 0.810005 0.311448 0.0537247 0.142003 0.336659
0 0.87003 0.0602573 0.0250662 0.115199 0.324108
0 0.303593 0.159666 0.0319703 0.202754 0.294543
3 0.840829 0.599242 0.126782 0.153508 0.26955
