2 0.691484 0.410692 0.13907 0.234152 0.875989
0 0.916097 0.520826 0.0378105 0.195654 0.840761
0 0.238002 0.31922 0.0382576 0.197237 0.777747
0 0.231719 0.740973 0.050959 0.241119 0.772641
0 0.0709302 0.622808 0.0380275 0.229422 0.758756
0 0.544955 0.919934 0.0331621 0.154369 0.743856
0 0.4649 0.26259 0.0354185 0.171505 0.737725
0 0.734056 0.647999 0.0525838 0.222644 0.705223
0 0.13646 0.642755 0.0388166 0.198208 0.641308
0 0.28897 0.347006 0.0359921 0.219679 0.590101
0 0.661522 0.223344 0.0432646 0.156026 0.58646
0 0.407582 0.332592 0.0307973 0.180393 0.550686
0 0.198275 0.174967 0.0322663 0.161119 0.541203
0 0.518038 0.19183 0.0316261 0.155985 0.520782
3 0.836668 0.61183 0.127013 0.153288 0.502322
0 0.43113 0.338419 0.0278177 0.159611 0.45487
0 0.164133 0.192493 0.0273 0.154616 0.431739
0 0.427777 0.209441 0.030692 0.140116 0.393887
0 0.340348 0.771257 0.026236 0.146549 0.387416
3 0.720661 0.195488 0.0623009 0.0867225 0.383225
0 0.597157 0.210288 0.0304932 0.133168 0.380925
0 0.788228 0.101026 0.0280224 0.0701595 0.326959
0 0.0129521 0.67022 0.0258609 0.216529 0.282386
0 0.329149 0.345486 0.026692 0.144492 0.280669
1 0.723031 0.196846 0.056581 0.0854502 0.279382
26 0.21613 0.723036 0.0203953 0.064153 0.257397
0 0.596899 0.186856 0.0300602 0.0892728 0.250459
