2 0.691365 0.409308 0.139034 0.235895 0.847403
0 0.446154 0.661925 0.0505412 0.232219 0.841632
0 0.142806 0.762225 0.0484179 0.239469 0.828294
0 0.188919 0.786236 0.0415829 0.233767 0.809824
0 0.253913 0.254339 0.03624 0.169228 0.792495
0 0.495645 0.690301 0.0426919 0.214565 0.768199
0 0.914456 0.519877 0.0398956 0.191946 0.747941
0 0.536524 0.0698902 0.0296741 0.135663 0.738632
0 0.536963 0.707572 0.0411745 0.208673 0.704901
0 0.95562 0.429043 0.0460194 0.190366 0.672675
0 0.554572 0.927615 0.0421892 0.14477 0.670882
0 0.501506 0.0662656 0.0277678 0.132531 0.614541
0 0.879219 0.119591 0.0297218 0.158888 0.548878
0 0.871186 0.406324 0.032473 0.173269 0.538558
0 0.430437 0.211421 0.0265488 0.164646 0.471665
3 0.701576 0.195732 0.099983 0.101006 0.466375
0 0.201444 0.177787 0.0379414 0.161916 0.456035
0 0.245735 0.107492 0.0336534 0.153953 0.439021
0 0.940284 0.216099 0.0285389 0.165088 0.414988
0 0.913401 0.234899 0.0362526 0.148306 0.409502
0 0.337414 0.782409 0.0316774 0.140956 0.364106
0 0.820585 0.65909 0.0343899 0.220013 0.340151
58 0.809716 0.284219 0.0537456 0.087081 0.301063
58 0.810753 0.307131 0.0537224 0.133882 0.265942
1 0.868123 0.631773 0.0628418 0.105367 0.265256
3 0.789706 0.604356 0.0353206 0.116786 0.263743
0 0.90759 0.122599 0.0278461 0.129837 0.25852
1 0.703537 0.197419 0.0963856 0.0989097 0.250631
