0 0.661253 0.792788 0.0459719 0.240221 0.845311
2 0.690655 0.409105 0.138527 0.235032 0.84217
0 0.458349 0.938021 0.0426987 0.123959 0.83388
0 0.918157 0.518409 0.0439098 0.194345 0.812535
0 0.239303 0.623001 0.0428843 0.225469 0.808519
0 0.620228 0.811597 0.0408351 0.239933 0.789295
0 0.173374 0.492599 0.0380368 0.204336 0.788924
0 0.848262 0.659135 0.0493061 0.216597 0.688816
0 0.261111 0.239425 0.0332772 0.176286 0.675258
0 0.847686 0.178978 0.028775 0.16318 0.618427
0 0.229829 0.245867 0.0261384 0.138744 0.518829
0 0.500324 0.0369465 0.0327118 0.0704058 0.487836
0 0.183443 0.268074 0.030363 0.159873 0.475524
0 0.785132 0.0634073 0.0303432 0.121003 0.461535
0 0.423379 0.208391 0.0269804 0.157329 0.34424
36 0.240763 0.727049 0.0414634 0.0226171 0.340212
0 0.147615 0.259217 0.0272016 0.148289 0.336549
0 0.164114 0.18114 0.0286582 0.113852 0.300904
58 0.34542 0.305613 0.0485205 0.108183 0.29642
3 0.80896 0.609353 0.0693863 0.133898 0.286617
0 0.33755 0.783355 0.031984 0.132606 0.267051
0 0.20374 0.176068 0.0318589 0.170063 0.26418
