0 0.915989 0.517148 0.0426453 0.188016 0.83946
0 0.616049 0.656113 0.0451014 0.229643 0.822698
2 0.691296 0.410632 0.138894 0.234317 0.819578
0 0.215523 0.93057 0.0505414 0.138138 0.788776
0 0.502834 0.32971 0.0320801 0.184575 0.788481
0 0.848902 0.658035 0.0510704 0.213472 0.78305
0 0.901908 0.256198 0.0351797 0.158319 0.750168
0 0.456697 0.329347 0.0316996 0.176399 0.749429
0 0.172796 0.564198 0.0364406 0.18105 0.731415
0 0.274977 0.367834 0.0325807 0.170579 0.7049
0 0.974957 0.303917 0.0337936 0.17159 0.692075
0 0.487043 0.938313 0.0321449 0.123373 0.652786
0 0.911218 0.735688 0.0460688 0.215437 0.620367
0 0.218327 0.564919 0.0438316 0.216884 0.596415
0 0.210754 0.375319 0.0391716 0.179994 0.587667
0 0.32146 0.615993 0.040194 0.224243 0.579134
0 0.168515 0.375352 0.0314666 0.173295 0.573101
0 0.781816 0.259199 0.033766 0.138016 0.55446
0 0.666258 0.212536 0.0330547 0.16873 0.526419
0 0.135656 0.202033 0.0291259 0.148884 0.378212
0 0.161868 0.191611 0.0273633 0.151496 0.368964
