0 0.150081 0.746881 0.0486389 0.242959 0.841742
2 0.69138 0.410025 0.13898 0.23723 0.841417
0 0.193492 0.770006 0.0408642 0.225809 0.816566
0 0.533717 0.684928 0.040542 0.200084 0.792851
0 0.444295 0.652626 0.0441854 0.221596 0.78845
0 0.538448 0.073659 0.0284544 0.139917 0.777366
0 0.490027 0.677073 0.0412445 0.211202 0.775957
0 0.915399 0.519845 0.0387337 0.194202 0.77343
0 0.249804 0.265433 0.0367152 0.178476 0.771809
0 0.556187 0.92558 0.0438839 0.14884 0.72428
0 0.966157 0.436526 0.0413063 0.185132 0.664534
0 0.502723 0.0641004 0.0281134 0.128201 0.57384
0 0.92049 0.190287 0.0408064 0.233149 0.549974
0 0.429388 0.213334 0.0285984 0.161229 0.508078
0 0.825595 0.679525 0.0309965 0.220965 0.507972
0 0.201233 0.183386 0.0387864 0.158242 0.48152
0 0.245451 0.113138 0.0361202 0.157682 0.426565
1 0.868251 0.631533 0.0613855 0.105818 0.422238
3 0.701384 0.195558 0.100181 0.100383 0.419405
0 0.471997 0.0629044 0.026091 0.122892 0.403885
0 0.787687 0.560556 0.0278555 0.0858658 0.383689
0 0.889473 0.127056 0.0379105 0.154694 0.361659
0 0.158702 0.206117 0.0381169 0.21276 0.35801
1 0.703098 0.197226 0.0972792 0.0986902 0.312906
58 0.809754 0.288869 0.0534439 0.0961769 0.302058
0 0.695697 0.0835448 0.0415573 0.163042 0.300291
0 0.16253 0.192512 0.0318954 0.161103 0.294725
1 0.681979 0.198284 0.0638538 0.106794 0.275057
0 0.337422 0.780641 0.0313161 0.14129 0.271506
58 0.3456 0.305621 0.0480699 0.107925 0.265861
0 0.876441 0.408163 0.0327705 0.179033 0.260761
