2 0.6913 0.409048 0.138663 0.234855 0.850583
0 0.231371 0.622534 0.0521465 0.220853 0.808413
0 0.918663 0.517607 0.0428226 0.195698 0.804546
0 0.464669 0.934109 0.0429309 0.131781 0.801577
0 0.631994 0.837968 0.041413 0.244979 0.796789
0 0.674477 0.816383 0.0461222 0.253257 0.7818
0 0.174458 0.478635 0.037392 0.206205 0.738599
0 0.261173 0.22968 0.0338385 0.162698 0.657506
0 0.847862 0.659533 0.0499695 0.213988 0.609185
0 0.849378 0.192631 0.0299019 0.163161 0.594501
0 0.785027 0.0639082 0.0302856 0.124125 0.530734
3 0.701389 0.190167 0.101104 0.108856 0.391163
0 0.231326 0.232621 0.025355 0.142793 0.348885
3 0.81038 0.609444 0.0723366 0.134384 0.332756
3 0.840125 0.600582 0.130283 0.151853 0.271681
1 0.703821 0.195471 0.0951061 0.100596 0.259379
0 0.423679 0.207307 0.0227008 0.157509 0.258166
58 0.345787 0.306294 0.0488489 0.107135 0.250126
