0 0.647741 0.771027 0.0461018 0.252809 0.862307
0 0.196762 0.879242 0.0514865 0.241516 0.861103
0 0.221437 0.49741 0.0400719 0.205839 0.830572
2 0.691181 0.408363 0.139105 0.233087 0.828192
0 0.914398 0.518287 0.0380699 0.192817 0.805703
0 0.456829 0.395206 0.0324921 0.186468 0.784725
0 0.848736 0.657081 0.0511612 0.213365 0.773398
0 0.942721 0.232275 0.0283083 0.156982 0.772935
0 0.929359 0.737243 0.0494265 0.235037 0.766846
0 0.179185 0.495361 0.042331 0.184392 0.763334
0 0.497912 0.390528 0.033832 0.19023 0.742501
0 0.497745 0.932298 0.0356869 0.135405 0.726952
0 0.274391 0.313744 0.0332271 0.17209 0.712432
0 0.877545 0.194847 0.0276972 0.144102 0.696844
0 0.62743 0.173212 0.0317251 0.154852 0.671801
0 0.781847 0.221012 0.031043 0.14126 0.545692
0 0.230757 0.325163 0.0353557 0.17144 0.521119
0 0.1849 0.325769 0.0296656 0.160695 0.450691
0 0.434183 0.208686 0.0297188 0.1616 0.444888
58 0.34525 0.304974 0.0486301 0.10855 0.299313
3 0.701976 0.195796 0.0995321 0.100437 0.298595
1 0.70322 0.197682 0.0963205 0.0981472 0.291036
