0 0.183572 0.756211 0.0480828 0.240095 0.857104
0 0.707235 0.904427 0.0504998 0.188848 0.846665
0 0.470201 0.500629 0.0331988 0.203032 0.830135
2 0.691259 0.409262 0.138832 0.235477 0.826641
0 0.916362 0.51931 0.0367527 0.192413 0.789451
0 0.521053 0.483864 0.0343065 0.198103 0.762295
0 0.493129 0.939289 0.037359 0.121421 0.724008
0 0.232533 0.41712 0.0357897 0.189974 0.716026
0 0.935338 0.739642 0.0409781 0.220097 0.697599
0 0.848447 0.658276 0.0502445 0.211209 0.691332
0 0.593361 0.101688 0.0306263 0.149383 0.674476
0 0.18985 0.413396 0.0385765 0.167991 0.668156
0 0.844437 0.129005 0.0309731 0.146819 0.658496
0 0.261318 0.255566 0.0356213 0.190123 0.576014
0 0.754964 0.0632588 0.0277269 0.125166 0.509891
0 0.433688 0.208494 0.0360727 0.160213 0.488056
0 0.183728 0.240093 0.0396079 0.176094 0.411772
3 0.7013 0.193352 0.100254 0.104607 0.404981
0 0.695173 0.0855837 0.0428415 0.16812 0.404701
0 0.90556 0.153681 0.0255993 0.154013 0.366412
1 0.702559 0.194581 0.0977192 0.106396 0.323806
0 0.137717 0.195854 0.0309692 0.152089 0.321581
0 0.212548 0.252792 0.025873 0.151573 0.311902
3 0.799038 0.620736 0.0472115 0.0950763 0.275323
58 0.345514 0.305648 0.0484652 0.107159 0.260497
3 0.803641 0.607882 0.0597809 0.122107 0.25778
