0 0.237757 0.396375 0.0425212 0.21033 0.907938
2 0.691411 0.408715 0.138647 0.235945 0.888845
0 0.230278 0.901133 0.0533141 0.197734 0.86681
0 0.91617 0.519576 0.0379026 0.194618 0.835688
0 0.632799 0.9443 0.0429394 0.1114 0.812496
0 0.0720217 0.621279 0.0401276 0.226498 0.788182
0 0.0291559 0.766948 0.0386294 0.209536 0.75448
0 0.279089 0.284628 0.042156 0.181554 0.749631
0 0.733575 0.644898 0.0542049 0.229694 0.719843
0 0.526103 0.258983 0.0334299 0.166269 0.655607
0 0.75532 0.271102 0.0315378 0.171054 0.642131
0 0.428231 0.217145 0.0274326 0.156348 0.639129
0 0.782401 0.259726 0.0304775 0.155945 0.545075
0 0.40399 0.256668 0.0272288 0.158621 0.537503
3 0.837362 0.607331 0.129058 0.157481 0.525654
0 0.453099 0.253135 0.0314535 0.171506 0.456909
0 0.166405 0.192404 0.0289225 0.153236 0.430281
0 0.462122 0.253954 0.044025 0.173741 0.414897
0 0.788284 0.0992652 0.0275562 0.0678226 0.409762
0 0.239498 0.0881623 0.0269227 0.147228 0.396608
0 0.69659 0.241826 0.034761 0.108573 0.3826
0 0.123137 0.191317 0.0278033 0.137989 0.352724
0 0.471843 0.255801 0.0291768 0.161867 0.351793
0 0.340828 0.773667 0.025121 0.143409 0.331281
0 0.261844 0.173962 0.0278393 0.114462 0.28112
0 0.198628 0.172127 0.0330935 0.171242 0.278066
58 0.810427 0.311057 0.0514849 0.136932 0.277011
58 0.345264 0.310189 0.0471262 0.112549 0.259137
0 0.656053 0.220986 0.0274622 0.149784 0.254944
