2 0.691144 0.418228 0.138005 0.249 0.869187
0 0.91631 0.519755 0.036935 0.193783 0.819448
0 0.172267 0.666665 0.0478406 0.226078 0.791221
0 0.22406 0.686524 0.0413275 0.213626 0.779237
0 0.5382 0.0976692 0.0287668 0.143308 0.771751
0 0.530544 0.930805 0.0514734 0.138391 0.757514
0 0.255235 0.317428 0.0432756 0.186342 0.755035
0 0.884383 0.14019 0.0342823 0.157622 0.75492
0 0.509942 0.623806 0.0379176 0.198383 0.698354
0 0.933777 0.179845 0.0334759 0.184528 0.682597
0 0.50856 0.0868531 0.0292456 0.157291 0.680343
0 0.47048 0.611304 0.0394869 0.209633 0.677528
0 0.398084 0.629525 0.0304327 0.230285 0.628005
0 0.665998 0.555889 0.043563 0.188051 0.607556
0 0.846879 0.681935 0.0429338 0.216697 0.594415
3 0.837247 0.598539 0.127012 0.174842 0.585715
0 0.964676 0.147795 0.0326317 0.164221 0.505445
0 0.428516 0.215932 0.0317476 0.157656 0.505147
0 0.160313 0.192905 0.0314215 0.147608 0.446316
0 0.448191 0.0607848 0.0245537 0.12157 0.435046
0 0.128787 0.230531 0.0361034 0.218354 0.409859
3 0.70166 0.194421 0.0993967 0.0993871 0.402431
0 0.233788 0.17407 0.0255013 0.145395 0.402141
0 0.91231 0.410467 0.028863 0.0839633 0.376914
3 0.876846 0.59597 0.0513714 0.167059 0.355322
58 0.809709 0.28985 0.0531157 0.0973192 0.329909
0 0.256976 0.145792 0.0395936 0.172238 0.327959
0 0.695514 0.0841408 0.0394936 0.163082 0.318115
0 0.198236 0.186129 0.0311188 0.14821 0.299344
58 0.810609 0.3089 0.0532633 0.136786 0.266496
0 0.837424 0.686705 0.0298599 0.20766 0.263727
0 0.990247 0.455232 0.018861 0.104628 0.254269
