2 0.691231 0.410829 0.139062 0.234177 0.874323
0 0.916031 0.521327 0.0381166 0.194486 0.833975
0 0.23815 0.70912 0.0500397 0.239587 0.799798
0 0.237215 0.300369 0.0380609 0.193126 0.787519
0 0.529344 0.92617 0.0341892 0.14766 0.774964
0 0.068722 0.621634 0.0387026 0.229815 0.728414
0 0.0390236 0.687449 0.0545294 0.221965 0.727804
0 0.733537 0.644484 0.0520466 0.22878 0.706047
0 0.137443 0.613083 0.0339923 0.189427 0.690755
0 0.473112 0.248135 0.0396442 0.175931 0.679602
0 0.630088 0.221466 0.0381014 0.171103 0.674431
0 0.409843 0.347308 0.0314256 0.176896 0.614328
0 0.289443 0.370142 0.0334266 0.203073 0.610407
0 0.574662 0.20781 0.0301767 0.146199 0.580014
0 0.198344 0.178077 0.0309794 0.160989 0.568166
3 0.83695 0.610316 0.127824 0.153557 0.554533
0 0.433705 0.359182 0.0310736 0.162734 0.480477
0 0.427879 0.214589 0.0313189 0.152845 0.457583
0 0.16532 0.19264 0.0271175 0.157183 0.448522
3 0.711232 0.194065 0.0816704 0.0923599 0.440151
0 0.329933 0.358738 0.0283922 0.179814 0.420767
0 0.658938 0.212623 0.0278982 0.153262 0.361342
0 0.572677 0.224092 0.0293672 0.112363 0.338212
0 0.787851 0.132361 0.0292885 0.13068 0.280848
0 0.492262 0.181359 0.0269444 0.141771 0.276854
0 0.335561 0.354593 0.0379132 0.199849 0.255807
