0 0.193142 0.619357 0.0481911 0.217312 0.905724
2 0.691599 0.411272 0.138555 0.23789 0.848101
0 0.246981 0.633757 0.0411697 0.214339 0.802673
0 0.915686 0.519049 0.0384319 0.19318 0.798633
0 0.250868 0.362596 0.0454657 0.192151 0.768476
0 0.532841 0.918125 0.0437349 0.159337 0.752277
0 0.460795 0.565344 0.0367085 0.198379 0.72757
0 0.600281 0.520329 0.0450515 0.182656 0.705395
0 0.939829 0.169511 0.0317261 0.154848 0.700207
0 0.496219 0.578384 0.0411156 0.193465 0.66807
0 0.86889 0.103835 0.034796 0.154165 0.644479
0 0.511853 0.106284 0.0302462 0.159027 0.617259
0 0.316382 0.967597 0.0450374 0.0648068 0.581033
0 0.541271 0.116394 0.0268644 0.147586 0.580318
0 0.855892 0.70876 0.0258949 0.206363 0.575197
0 0.428154 0.218277 0.0323122 0.1605 0.534384
3 0.837537 0.605614 0.125348 0.15554 0.482774
0 0.197934 0.181789 0.0336076 0.158458 0.410074
3 0.701644 0.194034 0.099259 0.0995553 0.408552
0 0.255776 0.155597 0.0364584 0.165695 0.399896
0 0.234059 0.158535 0.0227182 0.155706 0.396434
0 0.158591 0.194231 0.0330466 0.149852 0.3866
0 0.945167 0.495217 0.0316696 0.187903 0.322814
0 0.695146 0.0851817 0.0423796 0.164142 0.316289
58 0.810721 0.292735 0.0531048 0.102523 0.270252
0 0.444868 0.0550363 0.023016 0.107429 0.267837
3 0.813766 0.619391 0.0778002 0.123698 0.264308
