2 0.690957 0.409171 0.138429 0.237979 0.845405
0 0.664845 0.878581 0.044055 0.235355 0.831072
0 0.917644 0.518576 0.0428486 0.194454 0.79949
0 0.709539 0.866789 0.0466254 0.245856 0.793269
0 0.453699 0.931417 0.0436384 0.135117 0.784305
0 0.217738 0.612261 0.0348585 0.228994 0.766062
0 0.173363 0.446116 0.0365366 0.198342 0.730444
0 0.787413 0.0659351 0.0323015 0.12962 0.656719
0 0.851236 0.209561 0.0358688 0.168315 0.599533
0 0.266193 0.214519 0.0292659 0.166169 0.599094
0 0.146761 0.273512 0.0278528 0.181893 0.58932
3 0.701028 0.189954 0.101037 0.112138 0.473811
0 0.844713 0.658974 0.0558859 0.212095 0.466729
0 0.429994 0.209129 0.0261829 0.159575 0.404614
0 0.169911 0.281997 0.0301938 0.16281 0.385545
3 0.840316 0.600184 0.127361 0.152625 0.35926
0 0.234532 0.214239 0.0243534 0.144006 0.338734
58 0.345876 0.306473 0.0490064 0.108474 0.302982
0 0.200287 0.175188 0.0327911 0.171393 0.288362
0 0.552886 0.0437414 0.0314157 0.0823203 0.252984
