2 0.69127 0.409105 0.139039 0.233638 0.844784
0 0.533991 0.657874 0.0363642 0.220627 0.830847
0 0.916145 0.519023 0.037327 0.193094 0.826978
0 0.163365 0.605241 0.0412358 0.216918 0.822204
0 0.57341 0.638271 0.0407728 0.21477 0.757451
0 0.473765 0.932994 0.0324688 0.134012 0.715818
0 0.846778 0.658357 0.0500546 0.213114 0.71266
0 0.244321 0.308374 0.0339348 0.174203 0.699624
0 0.161506 0.247534 0.0283745 0.161564 0.637522
0 0.783365 0.0987398 0.0305645 0.137508 0.604478
0 0.192989 0.248266 0.0249873 0.153881 0.560663
0 0.423517 0.208045 0.0276491 0.157587 0.485527
0 0.216227 0.317411 0.0260656 0.154703 0.484966
0 0.756865 0.119472 0.0299442 0.144736 0.425835
0 0.305455 0.187405 0.0305514 0.161415 0.410997
1 0.695816 0.195085 0.0880255 0.109572 0.399749
3 0.70126 0.192709 0.100212 0.108383 0.356241
0 0.695329 0.0855008 0.041763 0.165896 0.35259
0 0.566281 0.0300494 0.0217859 0.0552556 0.334648
0 0.263224 0.172076 0.036185 0.18345 0.334335
58 0.344824 0.308943 0.0463238 0.115487 0.332789
0 0.169468 0.609628 0.0286461 0.190381 0.317825
0 0.85745 0.0646088 0.0229118 0.125415 0.280686
3 0.809323 0.608712 0.069602 0.130346 0.267546
