2 0.691476 0.408905 0.138388 0.237077 0.907959
0 0.916313 0.519937 0.0377327 0.194207 0.84093
0 0.228016 0.437704 0.0434557 0.21161 0.825001
0 0.0721035 0.622991 0.0427881 0.226426 0.785465
0 0.018835 0.839708 0.03767 0.228918 0.744951
0 0.222254 0.948028 0.0518662 0.103944 0.741448
0 0.980332 0.337679 0.037352 0.184272 0.718493
0 0.546456 0.234782 0.0322234 0.168582 0.686482
0 0.645616 0.955716 0.0414955 0.0885683 0.683221
0 0.735301 0.64255 0.0588821 0.230569 0.646699
0 0.463954 0.224635 0.0281668 0.164631 0.612036
0 0.427226 0.217202 0.0321899 0.162143 0.591522
0 0.277883 0.252455 0.0361661 0.173125 0.58807
0 0.488058 0.257941 0.0341782 0.173015 0.584548
0 0.730506 0.275327 0.034063 0.140835 0.57622
0 0.727673 0.635435 0.0436083 0.213372 0.502048
0 0.199016 0.174229 0.0330121 0.16517 0.453109
3 0.836703 0.607471 0.128777 0.157223 0.425685
0 0.788099 0.0998675 0.0280973 0.0687009 0.425459
0 0.161196 0.183479 0.0274014 0.165881 0.351659
0 0.79008 0.29703 0.0321352 0.172412 0.323124
58 0.344944 0.306703 0.0476475 0.108825 0.258545
