2 0.691349 0.409849 0.139211 0.236553 0.805401
0 0.425568 0.671981 0.0490459 0.234551 0.790843
0 0.127521 0.877255 0.0420913 0.238773 0.788365
0 0.912393 0.519613 0.0416855 0.190476 0.783901
0 0.15298 0.900682 0.0426196 0.198636 0.756869
0 0.553814 0.9343 0.046252 0.1314 0.686403
0 0.53807 0.803486 0.0470503 0.200984 0.685554
0 0.217437 0.285871 0.0286045 0.177418 0.677627
0 0.94555 0.294297 0.0284847 0.160667 0.675273
0 0.577349 0.826572 0.0430033 0.212672 0.66469
0 0.79109 0.0620301 0.030111 0.12406 0.648241
0 0.889265 0.357549 0.0442131 0.179561 0.622903
0 0.424481 0.188342 0.0385132 0.219433 0.593808
0 0.2556 0.18157 0.0293088 0.16462 0.558282
0 0.109601 0.368433 0.0350667 0.179192 0.545998
0 0.878698 0.0727876 0.0289566 0.141672 0.51407
0 0.847398 0.656648 0.0324345 0.208311 0.506019
0 0.468463 0.0519097 0.0269638 0.0942662 0.495976
0 0.498509 0.0465408 0.0214534 0.0858938 0.433148
3 0.700599 0.194845 0.102349 0.104281 0.428165
0 0.16332 0.179945 0.0314909 0.182183 0.422062
0 0.694818 0.0875387 0.0430729 0.172246 0.391588
1 0.701033 0.197904 0.10012 0.105581 0.374546
0 0.849611 0.626808 0.0293079 0.16674 0.349058
0 0.375504 0.256053 0.0379572 0.136206 0.327939
0 0.529821 0.0472892 0.0295662 0.0901587 0.321614
58 0.344917 0.306627 0.0470902 0.108801 0.31318
0 0.992557 0.329431 0.0141703 0.138865 0.300586
3 0.839326 0.606834 0.126816 0.134687 0.275036
0 0.403576 0.119402 0.020019 0.0810952 0.265153
