0 0.166823 0.693353 0.0466122 0.229693 0.850315
2 0.691219 0.412815 0.138218 0.241448 0.81213
0 0.415759 0.636881 0.0414959 0.232604 0.807915
0 0.916297 0.51987 0.0373375 0.191736 0.799345
0 0.252162 0.301269 0.0383104 0.184403 0.783367
0 0.542354 0.928321 0.0450884 0.141687 0.78032
0 0.212973 0.715284 0.0418406 0.220076 0.750585
0 0.518629 0.647765 0.0444988 0.20187 0.744155
0 0.538866 0.0917208 0.0290846 0.143687 0.742967
0 0.477992 0.633968 0.0391759 0.205127 0.735656
0 0.894495 0.159411 0.0338047 0.157016 0.699105
0 0.504964 0.0792524 0.0286662 0.155844 0.592384
0 0.42845 0.215719 0.0308098 0.15989 0.578158
0 0.842086 0.684756 0.0419388 0.215203 0.569323
0 0.983028 0.460049 0.0332325 0.165959 0.542248
0 0.926708 0.197362 0.0273621 0.17428 0.534809
0 0.706986 0.569197 0.0445181 0.172212 0.498457
0 0.16074 0.194479 0.0313945 0.147556 0.488195
0 0.0689873 0.420775 0.03219 0.148982 0.438957
3 0.701163 0.196807 0.100372 0.0971804 0.434667
3 0.836673 0.601824 0.127366 0.160828 0.429127
0 0.454477 0.0639891 0.027853 0.127978 0.390094
0 0.196405 0.18029 0.0336926 0.160315 0.373597
58 0.809833 0.288336 0.0533379 0.0943047 0.331272
0 0.252727 0.1326 0.0326431 0.158016 0.317429
0 0.898025 0.401195 0.0328615 0.0937025 0.315924
1 0.871645 0.625515 0.0568939 0.115367 0.295978
58 0.345876 0.308974 0.0477913 0.114476 0.282414
