2 0.691389 0.409818 0.13912 0.23661 0.830316
0 0.152188 0.920605 0.0473175 0.158789 0.792451
0 0.402347 0.657387 0.039518 0.220674 0.746765
0 0.21255 0.306454 0.032691 0.17503 0.741299
0 0.885571 0.335147 0.0342739 0.175326 0.71565
0 0.16688 0.8927 0.0499325 0.2146 0.703921
0 0.916167 0.521613 0.0387732 0.197592 0.67502
0 0.788502 0.0674329 0.0319469 0.130194 0.671469
0 0.968655 0.309178 0.0376591 0.161789 0.601875
0 0.433443 0.181929 0.0379675 0.231556 0.591178
0 0.539099 0.929248 0.0533447 0.141504 0.574694
0 0.599809 0.872579 0.044342 0.2273 0.568423
3 0.700591 0.194492 0.102446 0.106761 0.526731
3 0.839066 0.598498 0.128519 0.155771 0.524681
0 0.259667 0.159877 0.0299337 0.15798 0.502639
0 0.848815 0.658099 0.0495804 0.213829 0.496009
0 0.162232 0.176387 0.0317425 0.190086 0.485748
0 0.875429 0.0646387 0.0274263 0.128315 0.43924
0 0.121822 0.349408 0.0322246 0.173461 0.429925
0 0.560156 0.865854 0.0479986 0.244556 0.425453
0 0.202885 0.163056 0.0291159 0.144508 0.390379
0 0.695229 0.0860932 0.0423325 0.168566 0.358454
58 0.810327 0.311345 0.0552395 0.146067 0.345554
0 0.83495 0.0652222 0.0290707 0.125857 0.344283
0 0.238209 0.168261 0.0286228 0.188859 0.337346
0 0.172575 0.893207 0.0322821 0.213586 0.310616
0 0.37601 0.258305 0.0387688 0.121593 0.300143
58 0.345436 0.305112 0.0482256 0.107124 0.295611
1 0.70176 0.197686 0.0995054 0.0999093 0.280828
0 0.0891048 0.349066 0.0293306 0.164854 0.251307
