0 0.733812 0.939513 0.0515076 0.120975 0.87055
0 0.482211 0.540326 0.0333228 0.205569 0.839609
0 0.171774 0.710113 0.0441776 0.227087 0.837819
2 0.691431 0.409454 0.138527 0.234627 0.819668
0 0.915559 0.518995 0.0373327 0.190989 0.819377
0 0.527754 0.524366 0.0361316 0.205134 0.793255
0 0.848084 0.657902 0.0509207 0.213534 0.768923
0 0.194679 0.391938 0.0391144 0.166502 0.740481
0 0.492707 0.933233 0.0416963 0.133534 0.73512
0 0.583 0.072206 0.0314117 0.144412 0.682373
0 0.239056 0.379632 0.0326743 0.179678 0.677923
0 0.937517 0.732389 0.0369875 0.210068 0.632915
0 0.836409 0.0836837 0.0295437 0.105132 0.541152
0 0.433679 0.208726 0.0350735 0.162639 0.530109
0 0.749392 0.0780872 0.0324193 0.140592 0.529582
0 0.182991 0.239403 0.0384261 0.179804 0.444052
0 0.69552 0.0838918 0.0440918 0.164283 0.392289
0 0.133836 0.189103 0.0302336 0.163525 0.363904
0 0.224609 0.235993 0.025747 0.157617 0.337545
0 0.793264 0.056446 0.0277941 0.107424 0.310582
3 0.799016 0.619672 0.0467381 0.0954017 0.308822
3 0.702271 0.195201 0.0992207 0.103707 0.295769
3 0.804652 0.608576 0.0616837 0.120285 0.295095
58 0.809383 0.284718 0.0528622 0.088333 0.288904
1 0.703994 0.196984 0.0951097 0.101384 0.259942
