0 0.237991 0.391718 0.0430456 0.208687 0.901167
2 0.691355 0.408479 0.138604 0.235728 0.881717
0 0.230757 0.899211 0.0543958 0.201578 0.86536
0 0.916051 0.519579 0.0385159 0.194255 0.852723
0 0.0290607 0.761804 0.0396624 0.207506 0.771427
0 0.280603 0.285168 0.041947 0.181727 0.76986
0 0.631719 0.943997 0.0421049 0.112006 0.768743
0 0.0718958 0.621525 0.039807 0.227178 0.761366
0 0.733563 0.645141 0.0543543 0.229193 0.714364
0 0.52537 0.261777 0.0330976 0.168598 0.653758
0 0.754002 0.271634 0.030366 0.170302 0.642402
0 0.401937 0.25738 0.0293318 0.160707 0.599154
0 0.427791 0.216535 0.0281165 0.155579 0.576034
3 0.837462 0.607692 0.128898 0.156187 0.47022
0 0.780823 0.256159 0.0296883 0.152116 0.454416
0 0.469821 0.260765 0.0309924 0.160439 0.446311
0 0.166733 0.192467 0.0289666 0.15338 0.405663
0 0.788075 0.0991878 0.0274908 0.0678179 0.396428
0 0.691508 0.242379 0.043469 0.111727 0.387464
0 0.122879 0.191343 0.0278948 0.13874 0.378464
0 0.452065 0.253701 0.0332956 0.174271 0.371907
0 0.652987 0.219074 0.0289893 0.153348 0.344056
0 0.463063 0.255219 0.0417498 0.175822 0.338383
0 0.198941 0.172893 0.0326129 0.169535 0.299687
58 0.345599 0.310625 0.0470686 0.114243 0.290443
0 0.262998 0.179101 0.0265035 0.122934 0.284573
