0 0.267354 0.637688 0.052952 0.2289 0.832973
0 0.59632 0.775008 0.0385008 0.236878 0.823086
0 0.915743 0.519782 0.0439062 0.195071 0.822487
2 0.690369 0.408334 0.138558 0.234821 0.819533
0 0.635935 0.747332 0.0424812 0.229423 0.800257
0 0.17611 0.516302 0.0399679 0.201683 0.777545
0 0.465662 0.941283 0.0441682 0.117433 0.763379
0 0.846439 0.658609 0.0515408 0.213405 0.716751
0 0.256118 0.252809 0.034078 0.187969 0.532715
0 0.226036 0.266414 0.0253136 0.134662 0.507527
0 0.422604 0.202871 0.029162 0.156844 0.49777
0 0.845917 0.163599 0.0288391 0.159577 0.464892
0 0.469941 0.0354584 0.0299012 0.0662799 0.385104
3 0.700595 0.192187 0.100754 0.105493 0.369372
1 0.700537 0.194554 0.0985209 0.108455 0.345575
0 0.188854 0.262611 0.0281145 0.157273 0.300642
0 0.151471 0.264624 0.0289828 0.162932 0.300426
3 0.806343 0.608127 0.0649961 0.120303 0.289467
58 0.345119 0.305734 0.0473537 0.107476 0.271961
0 0.400988 0.106005 0.0241579 0.13363 0.250609
