0 0.646938 0.768759 0.0452294 0.253931 0.866139
0 0.197008 0.880822 0.0506999 0.238355 0.860199
2 0.691043 0.4084 0.139058 0.23304 0.821784
0 0.914173 0.518227 0.0385685 0.193103 0.814745
0 0.221729 0.498605 0.03892 0.203063 0.802847
0 0.456488 0.392106 0.0327225 0.183974 0.793893
0 0.180118 0.497074 0.041106 0.182317 0.767103
0 0.929364 0.735662 0.0493595 0.232711 0.75909
0 0.84889 0.657086 0.0507755 0.213746 0.757512
0 0.497724 0.388461 0.0330243 0.189395 0.745386
0 0.274778 0.314265 0.0333895 0.16985 0.737338
0 0.942935 0.230529 0.0275873 0.153691 0.731094
0 0.497514 0.932585 0.0359694 0.13483 0.718193
0 0.628434 0.176692 0.0321167 0.157734 0.696323
0 0.878342 0.195807 0.0288271 0.143229 0.671495
0 0.230718 0.325892 0.035863 0.168106 0.546635
0 0.781416 0.222142 0.0301075 0.139756 0.454878
0 0.434686 0.208364 0.0285168 0.161123 0.431989
0 0.184902 0.327355 0.0291852 0.158243 0.393523
1 0.703124 0.197145 0.0962222 0.0980827 0.318598
58 0.345445 0.304697 0.0489853 0.106951 0.292912
3 0.701972 0.19543 0.0991107 0.100136 0.278102
