0 0.44115 0.663404 0.0440172 0.227024 0.873719
2 0.691337 0.410177 0.138846 0.234532 0.861882
0 0.138547 0.774032 0.0492998 0.242475 0.849312
0 0.183606 0.7998 0.0428857 0.233885 0.811056
0 0.252712 0.247541 0.0390877 0.176013 0.800446
0 0.496134 0.711028 0.0433907 0.228318 0.79784
0 0.538372 0.714135 0.0387146 0.204484 0.72377
0 0.551629 0.931819 0.0403005 0.136362 0.718891
0 0.914675 0.519986 0.0424299 0.192855 0.683394
0 0.951074 0.422621 0.0387897 0.181471 0.676715
0 0.916423 0.239758 0.031834 0.150797 0.630557
0 0.534825 0.0665472 0.0275499 0.133094 0.591783
0 0.947899 0.219397 0.0316542 0.166789 0.571465
0 0.203102 0.181875 0.0360196 0.161367 0.56594
0 0.867574 0.400634 0.0319462 0.174517 0.537992
0 0.499499 0.0639941 0.0274991 0.127872 0.537626
0 0.432412 0.212707 0.0245165 0.164343 0.521439
0 0.874387 0.116353 0.0316517 0.158152 0.51352
3 0.70043 0.193491 0.102588 0.101712 0.446782
0 0.247741 0.105334 0.0327373 0.154673 0.421386
0 0.900571 0.119085 0.025795 0.138152 0.4144
0 0.471879 0.0628091 0.0244497 0.119421 0.333124
0 0.696171 0.0840209 0.043043 0.164312 0.320886
1 0.703067 0.197162 0.0974751 0.0981977 0.315739
0 0.826676 0.656873 0.0495785 0.208838 0.315408
0 0.0830431 0.40298 0.0249489 0.152716 0.306636
0 0.337233 0.782229 0.0312286 0.13726 0.304734
58 0.809624 0.284428 0.0534375 0.0872333 0.292522
3 0.795946 0.600643 0.045369 0.125182 0.251154
