0 0.192731 0.619958 0.048564 0.216277 0.892184
2 0.691493 0.410033 0.138392 0.233986 0.854799
0 0.246823 0.634791 0.0424473 0.212899 0.807049
0 0.915071 0.519922 0.0371082 0.193399 0.780933
0 0.250606 0.363186 0.0452776 0.193092 0.762129
0 0.532699 0.91835 0.0445438 0.15947 0.756702
0 0.461814 0.570333 0.0380257 0.206883 0.735826
0 0.939415 0.167075 0.0318363 0.160403 0.700349
0 0.601113 0.522161 0.0443739 0.182351 0.676625
0 0.497456 0.579307 0.0373693 0.188675 0.636792
0 0.868901 0.103578 0.034811 0.153849 0.629363
0 0.511613 0.105887 0.0301098 0.15801 0.622158
0 0.541265 0.115818 0.0265463 0.146095 0.575213
0 0.317116 0.968379 0.0454725 0.0632424 0.564928
0 0.428278 0.218233 0.0325675 0.161055 0.564848
0 0.856006 0.708004 0.0252432 0.206419 0.542728
3 0.83726 0.600407 0.126703 0.165237 0.476748
3 0.701477 0.194324 0.0995412 0.100788 0.446988
0 0.258235 0.154365 0.0343749 0.170037 0.425005
0 0.233913 0.157929 0.0226702 0.154512 0.398825
0 0.198177 0.178694 0.0323083 0.163813 0.380607
0 0.158251 0.192576 0.0329003 0.150249 0.36082
0 0.695192 0.0856986 0.0414629 0.165243 0.283685
58 0.809723 0.284708 0.052639 0.0858714 0.281593
3 0.813725 0.618603 0.0779865 0.124673 0.275787
