0 0.180231 0.738467 0.0501654 0.226907 0.890654
0 0.473333 0.505237 0.0336523 0.191248 0.834361
0 0.715189 0.912503 0.0508001 0.174995 0.827731
2 0.691309 0.408764 0.138813 0.235372 0.826705
0 0.915713 0.518943 0.0381027 0.191847 0.807838
0 0.522051 0.495406 0.0387693 0.204109 0.767184
0 0.233439 0.40136 0.0375176 0.188148 0.731091
0 0.192067 0.410452 0.0328131 0.166241 0.724425
0 0.494045 0.936479 0.0362862 0.127042 0.715032
0 0.591926 0.088548 0.0265421 0.150423 0.684934
0 0.933761 0.737805 0.0432446 0.222078 0.681644
0 0.848232 0.658221 0.0507137 0.212295 0.658887
0 0.844409 0.115127 0.0262787 0.139421 0.558305
0 0.263586 0.247123 0.0383987 0.182499 0.519628
0 0.183721 0.240001 0.0380889 0.176796 0.488011
0 0.755901 0.0641921 0.0248489 0.127358 0.472574
0 0.434359 0.2081 0.0320358 0.16014 0.461151
0 0.695073 0.0845891 0.0419794 0.166091 0.442495
3 0.701255 0.192558 0.100201 0.104819 0.431877
0 0.216275 0.254301 0.02738 0.1492 0.426853
0 0.139956 0.195593 0.027157 0.156511 0.305872
58 0.809555 0.283864 0.0525602 0.0872659 0.258172
3 0.809787 0.60631 0.0713938 0.133002 0.258092
