2 0.691243 0.407792 0.138512 0.236209 0.896176
0 0.916039 0.519457 0.0381062 0.194095 0.835381
0 0.23115 0.421856 0.0435816 0.216757 0.832225
0 0.642952 0.95042 0.0449116 0.0991609 0.780264
0 0.0726253 0.621689 0.0404292 0.225003 0.778122
0 0.0224067 0.804258 0.0378488 0.21192 0.771021
0 0.228972 0.929199 0.057083 0.140794 0.744649
0 0.275787 0.262778 0.0371199 0.180348 0.74163
0 0.778145 0.282741 0.0325513 0.175685 0.733817
0 0.734434 0.642064 0.0575615 0.230576 0.621205
0 0.482489 0.244507 0.0287034 0.148681 0.530882
0 0.538132 0.249814 0.0315338 0.158508 0.524696
3 0.836536 0.608172 0.12927 0.154931 0.516959
0 0.199678 0.174172 0.0332839 0.163586 0.498889
0 0.162407 0.183733 0.0283421 0.167193 0.488716
0 0.4274 0.219742 0.0317405 0.169397 0.479836
0 0.728126 0.63498 0.0422832 0.213219 0.446882
0 0.788 0.09976 0.0291502 0.0693198 0.41774
0 0.988169 0.364054 0.0230598 0.16999 0.397966
0 0.715577 0.256478 0.038689 0.128683 0.395143
0 0.451044 0.257942 0.0305257 0.161452 0.324169
58 0.810179 0.310296 0.0522364 0.13724 0.314839
0 0.251682 0.161876 0.026806 0.137773 0.273614
0 0.987235 0.336846 0.0246443 0.213539 0.256858
