2 0.691337 0.408563 0.138958 0.236522 0.847515
0 0.91547 0.518852 0.0381834 0.193697 0.823339
0 0.173163 0.541888 0.0390883 0.211578 0.822252
0 0.297718 0.643284 0.0494529 0.224372 0.782201
0 0.617045 0.710307 0.0422655 0.22673 0.769756
0 0.475896 0.942561 0.0462864 0.114877 0.768867
0 0.577709 0.737678 0.0412287 0.230942 0.759656
0 0.847642 0.657165 0.0486687 0.215975 0.708769
0 0.252254 0.262878 0.0342873 0.197528 0.578795
0 0.222728 0.271555 0.0264626 0.153547 0.541283
0 0.184372 0.255432 0.0299917 0.156456 0.448047
3 0.700059 0.189535 0.100732 0.117649 0.351893
0 0.425382 0.203634 0.0289244 0.156585 0.339065
58 0.344938 0.305837 0.0465028 0.105458 0.328094
0 0.15847 0.258878 0.0265819 0.160859 0.319672
3 0.809108 0.608149 0.0683994 0.134692 0.286402
0 0.791829 0.0675064 0.0292355 0.11808 0.285307
0 0.69469 0.0864191 0.0413378 0.167252 0.282304
0 0.299789 0.192437 0.0306245 0.150479 0.25528
