2 0.691278 0.410054 0.139204 0.23593 0.817557
0 0.915096 0.518538 0.0400213 0.196746 0.797703
0 0.864612 0.276298 0.0420933 0.168262 0.786737
0 0.19855 0.364773 0.0339809 0.184472 0.784905
0 0.192613 0.952581 0.0507478 0.0948382 0.764035
0 0.599686 0.925331 0.042883 0.149337 0.747647
0 0.787812 0.0667776 0.0307844 0.13041 0.71671
0 0.308303 0.60934 0.0332026 0.21925 0.693644
0 0.521902 0.936246 0.0329794 0.127509 0.687961
0 0.643693 0.930596 0.0435453 0.13633 0.543067
0 0.435959 0.214101 0.0274759 0.161142 0.538977
58 0.809744 0.302805 0.0542233 0.12401 0.497057
0 0.843663 0.659258 0.0577866 0.211637 0.489064
0 0.202849 0.177288 0.0311165 0.163803 0.487948
0 0.162831 0.194953 0.0317367 0.149428 0.463202
0 0.823923 0.962727 0.0426945 0.0745462 0.431656
0 0.111991 0.315563 0.0310604 0.166455 0.402623
3 0.700953 0.194576 0.101056 0.0999692 0.397762
3 0.841053 0.597662 0.125232 0.149621 0.377897
0 0.148051 0.981961 0.0239872 0.0360778 0.334317
0 0.854647 0.657044 0.0380997 0.21317 0.29178
0 0.246261 0.154959 0.0261972 0.159747 0.284578
0 0.637414 0.929505 0.0308876 0.140991 0.262376
1 0.702836 0.196778 0.0977896 0.0974736 0.254106
