2 0.691395 0.411557 0.139149 0.239989 0.818395
0 0.915217 0.519451 0.0422333 0.198669 0.811501
0 0.861671 0.261108 0.032081 0.167334 0.801574
0 0.277273 0.609042 0.040432 0.217634 0.785645
0 0.192924 0.384148 0.0364928 0.19359 0.759905
0 0.61106 0.94201 0.0537527 0.11598 0.735951
0 0.787769 0.0679552 0.0302184 0.132422 0.707327
0 0.436047 0.213756 0.0280825 0.163493 0.668515
0 0.500085 0.928759 0.0314054 0.142482 0.642298
0 0.755247 0.950659 0.0422913 0.0986818 0.582641
0 0.201196 0.172107 0.0316024 0.176226 0.555372
0 0.79853 0.938013 0.0486412 0.123973 0.554896
0 0.124601 0.307075 0.0293893 0.166081 0.520742
0 0.254247 0.171733 0.0281928 0.160039 0.494818
0 0.842756 0.659546 0.0588989 0.210323 0.467442
0 0.160553 0.190441 0.0340681 0.1601 0.461749
0 0.233067 0.180843 0.0204239 0.132803 0.450389
3 0.701485 0.195156 0.100095 0.101424 0.426545
0 0.645135 0.947741 0.0359731 0.104518 0.373342
0 0.306771 0.186901 0.0292596 0.146518 0.368119
0 0.376042 0.261159 0.0396986 0.129046 0.364651
0 0.190389 0.980643 0.0206599 0.0387149 0.3631
3 0.84008 0.598833 0.126333 0.149153 0.362577
58 0.810116 0.311375 0.053825 0.140142 0.32297
58 0.345766 0.306818 0.0484961 0.106263 0.313346
0 0.854053 0.660611 0.0358829 0.207066 0.305407
26 0.148475 0.277661 0.0255037 0.0875758 0.264599
0 0.152876 0.308153 0.0326271 0.158806 0.263105
