2 0.691275 0.410129 0.138957 0.233213 0.889048
0 0.916343 0.519797 0.0379721 0.194165 0.840791
0 0.237286 0.336331 0.0396409 0.200426 0.830258
0 0.0715434 0.620952 0.0391883 0.229051 0.824856
0 0.232582 0.777651 0.0509556 0.23959 0.797695
0 0.562521 0.923176 0.0305379 0.152516 0.729833
0 0.733535 0.646063 0.0526218 0.224942 0.729465
0 0.113838 0.666943 0.030378 0.196703 0.721895
0 0.291726 0.345582 0.0289549 0.183857 0.69519
0 0.549758 0.201009 0.0314456 0.157063 0.689486
0 0.465742 0.27535 0.0321783 0.177199 0.651654
0 0.322058 0.328058 0.0283234 0.162655 0.624987
0 0.688863 0.229764 0.0495946 0.13749 0.591115
0 0.41359 0.315999 0.0286202 0.163364 0.564882
3 0.836939 0.606644 0.129165 0.157959 0.544453
0 0.340022 0.772436 0.0275583 0.149921 0.516035
0 0.198127 0.172813 0.0320151 0.164809 0.481186
0 0.438729 0.315846 0.0271135 0.143941 0.47426
0 0.42735 0.200993 0.0300524 0.127354 0.423863
0 0.163369 0.191314 0.0255703 0.152876 0.414016
0 0.62013 0.199483 0.0288448 0.0984724 0.364008
0 0.249827 0.102458 0.0232997 0.143684 0.32474
0 0.788345 0.0992208 0.0278444 0.0695524 0.300264
0 0.268748 0.259554 0.0303212 0.156706 0.298465
0 0.376725 0.280117 0.0400846 0.180024 0.280347
58 0.809333 0.288152 0.0536991 0.0958409 0.274263
3 0.609931 0.258525 0.0322334 0.0725385 0.258485
