2 0.691425 0.408336 0.138739 0.237471 0.897003
0 0.916489 0.520299 0.0380898 0.195073 0.834712
0 0.223593 0.451736 0.0482173 0.212948 0.810246
0 0.0726878 0.623328 0.0434091 0.226084 0.786146
0 0.0165372 0.870401 0.0330743 0.238012 0.755404
0 0.282355 0.241945 0.0320367 0.172013 0.68883
0 0.546843 0.22847 0.0344379 0.167128 0.676264
0 0.629262 0.954347 0.0350634 0.091305 0.674013
0 0.427762 0.21851 0.032084 0.16215 0.645973
0 0.977474 0.319384 0.0408812 0.177792 0.622008
0 0.738088 0.642275 0.0645239 0.22962 0.614579
0 0.842361 0.298573 0.0292154 0.164487 0.604049
0 0.518415 0.263451 0.0288018 0.159508 0.574931
0 0.727078 0.634723 0.0426811 0.212173 0.526577
3 0.836393 0.607926 0.128767 0.156686 0.523789
0 0.490906 0.219559 0.0269102 0.149535 0.509998
0 0.467292 0.215484 0.0271757 0.163884 0.501304
0 0.199645 0.177027 0.03155 0.158487 0.419046
0 0.115053 0.434275 0.0329948 0.168847 0.398883
0 0.738562 0.291467 0.0375275 0.172797 0.397801
0 0.16168 0.189961 0.026932 0.15062 0.386987
0 0.223628 0.965088 0.0467594 0.0698232 0.374489
0 0.787683 0.099415 0.0278688 0.0675049 0.335249
58 0.345326 0.310213 0.0469864 0.114445 0.254811
