0 0.167158 0.706518 0.0444394 0.235214 0.863775
0 0.915045 0.518571 0.0396961 0.192446 0.847459
2 0.69128 0.409576 0.138901 0.234821 0.837307
0 0.485937 0.548587 0.0355001 0.20268 0.833594
0 0.531922 0.538146 0.0367267 0.208419 0.774404
0 0.241003 0.377284 0.0343 0.183813 0.768852
0 0.739264 0.951297 0.0513283 0.0974067 0.750708
0 0.48924 0.935335 0.039468 0.12933 0.747681
0 0.847575 0.658581 0.0498066 0.213538 0.719191
0 0.836256 0.0775624 0.0296745 0.112598 0.63652
0 0.434944 0.208772 0.0355675 0.162086 0.624581
0 0.747427 0.0809458 0.0311527 0.141321 0.61619
0 0.5806 0.0657404 0.0286471 0.131481 0.592503
0 0.199205 0.371973 0.0293911 0.160176 0.572862
0 0.261524 0.226254 0.0365972 0.182321 0.509985
0 0.695387 0.0846422 0.0435651 0.164611 0.488582
0 0.89352 0.113496 0.0290817 0.154732 0.479112
0 0.227501 0.227102 0.0264945 0.155178 0.465447
0 0.183779 0.240847 0.0392974 0.185047 0.382585
0 0.133701 0.185434 0.0310791 0.16899 0.357892
1 0.702151 0.195032 0.10217 0.105819 0.31171
26 0.1823 0.353171 0.0213946 0.0629344 0.303656
0 0.797195 0.06193 0.0287722 0.118084 0.297329
58 0.809444 0.284533 0.0530893 0.0879629 0.287087
1 0.721816 0.197414 0.0602043 0.0943191 0.273941
3 0.806025 0.607425 0.0634533 0.123493 0.27265
