2 0.691528 0.409828 0.13838 0.236601 0.88606
0 0.239465 0.389264 0.0421307 0.210442 0.857965
0 0.916327 0.519902 0.0376951 0.193937 0.838215
0 0.231374 0.890758 0.0518907 0.218484 0.816546
0 0.0313171 0.748759 0.0363433 0.202538 0.810511
0 0.0714828 0.622221 0.0403157 0.229553 0.760045
0 0.62624 0.939585 0.0393915 0.12083 0.758096
0 0.733957 0.644945 0.0546725 0.226885 0.696763
0 0.283268 0.290931 0.0411739 0.186184 0.678165
0 0.635232 0.221515 0.0495819 0.152257 0.645107
0 0.52009 0.271069 0.0342452 0.171826 0.625913
0 0.747588 0.269385 0.0310238 0.180028 0.585349
3 0.836903 0.60789 0.128982 0.156936 0.523985
0 0.770635 0.26224 0.0305527 0.165079 0.507623
0 0.467699 0.270698 0.0271595 0.146061 0.422739
0 0.680131 0.239462 0.039453 0.111869 0.41162
0 0.444039 0.260814 0.0319656 0.167304 0.404749
0 0.425976 0.22626 0.0294298 0.177524 0.398648
0 0.264715 0.18664 0.0288886 0.136513 0.385527
0 0.788139 0.0997953 0.0277042 0.0681883 0.344182
0 0.167499 0.191977 0.0287097 0.156331 0.340935
0 0.19902 0.172301 0.0336366 0.171386 0.321567
0 0.292057 0.287082 0.0277312 0.18163 0.316003
58 0.809842 0.30987 0.0539442 0.135467 0.303932
0 0.388267 0.253218 0.0242047 0.159214 0.28941
0 0.121439 0.191318 0.0294697 0.141452 0.268723
0 0.378517 0.255819 0.0417249 0.162036 0.268392
0 0.145443 0.17581 0.0263188 0.16069 0.263161
0 0.239476 0.0827911 0.0248135 0.140177 0.259155
