0 0.914294 0.518448 0.0407017 0.194548 0.841614
2 0.691208 0.407817 0.139238 0.235157 0.82052
0 0.47354 0.94112 0.043765 0.117759 0.799864
0 0.177389 0.53183 0.040772 0.207707 0.792508
0 0.625991 0.740327 0.0475929 0.238908 0.790483
0 0.286031 0.637278 0.0356648 0.224969 0.780688
0 0.587504 0.746519 0.0402184 0.226438 0.763885
0 0.848835 0.659197 0.0474045 0.214737 0.699542
0 0.252988 0.260434 0.0357065 0.175116 0.643847
0 0.223851 0.265228 0.0258682 0.155697 0.532475
0 0.793146 0.0654801 0.0302803 0.121645 0.489992
0 0.186055 0.258049 0.0277938 0.161165 0.455922
0 0.251649 0.108697 0.0315577 0.130273 0.393012
0 0.424558 0.203799 0.0299816 0.155729 0.369209
0 0.154797 0.262379 0.0255957 0.162494 0.34264
3 0.700988 0.192085 0.100017 0.103439 0.327093
58 0.345304 0.306414 0.0478637 0.108298 0.322204
0 0.458558 0.0347831 0.0323912 0.0660963 0.298568
3 0.807606 0.609056 0.066391 0.119303 0.267951
