2 0.691403 0.410276 0.138644 0.234324 0.857329
0 0.915617 0.519975 0.0401882 0.19389 0.854132
0 0.608993 0.634729 0.0427047 0.22835 0.843377
0 0.504476 0.313056 0.0333637 0.184081 0.794591
0 0.982763 0.31513 0.0326557 0.175841 0.776088
0 0.459308 0.315759 0.0310411 0.175177 0.757182
0 0.84774 0.655994 0.0481842 0.214994 0.737439
0 0.907656 0.268373 0.0304955 0.150698 0.731275
0 0.478693 0.935984 0.0300625 0.128033 0.7146
0 0.229184 0.94572 0.0456124 0.108559 0.657403
0 0.170554 0.584557 0.0387032 0.186865 0.651418
0 0.269628 0.387999 0.0348125 0.17604 0.633263
0 0.170048 0.387278 0.0347243 0.171729 0.579892
0 0.31914 0.613476 0.0356188 0.231945 0.558619
0 0.214743 0.579419 0.0405851 0.210981 0.552072
0 0.893576 0.712803 0.0444759 0.257401 0.549235
0 0.207072 0.376339 0.0404161 0.161169 0.48113
0 0.161196 0.192999 0.0278887 0.151553 0.307768
0 0.680694 0.237403 0.0260458 0.123398 0.301963
0 0.434418 0.209014 0.0290556 0.158871 0.2614
3 0.721597 0.193828 0.0604223 0.0830578 0.258581
3 0.802962 0.606191 0.0572897 0.1328 0.251488
58 0.346059 0.307255 0.0472282 0.105258 0.2513
