0 0.725425 0.928083 0.0539694 0.142364 0.841544
2 0.69139 0.409326 0.138876 0.234597 0.822801
0 0.916017 0.518936 0.0382046 0.190714 0.813319
0 0.479442 0.524623 0.0345976 0.203617 0.78909
0 0.523324 0.515748 0.0421438 0.21096 0.776325
0 0.173266 0.725095 0.0415369 0.22695 0.775948
0 0.588955 0.0764826 0.0303114 0.146094 0.715222
0 0.494655 0.93311 0.040222 0.133781 0.706937
0 0.848244 0.658914 0.0502863 0.210727 0.699662
0 0.934729 0.73973 0.0423229 0.219692 0.65561
0 0.194516 0.393873 0.0359264 0.161297 0.65329
0 0.236341 0.391683 0.0349975 0.175765 0.638442
0 0.434247 0.208656 0.0324756 0.161146 0.517569
0 0.899658 0.139919 0.0255707 0.134519 0.472877
0 0.751931 0.0734793 0.0287924 0.138524 0.466793
0 0.183502 0.23907 0.0379809 0.175877 0.411122
0 0.694873 0.0838093 0.0429316 0.164501 0.394325
0 0.84022 0.0924433 0.0251484 0.114324 0.365135
0 0.261584 0.238757 0.0352502 0.179323 0.337146
2 0.0561596 0.331787 0.0622092 0.133625 0.284303
1 0.723749 0.198204 0.0565797 0.0898425 0.277591
0 0.13707 0.192561 0.0301139 0.159034 0.25719
0 0.221116 0.243434 0.0259231 0.147566 0.250941
