2 0.691189 0.409779 0.138729 0.234517 0.827302
0 0.699227 0.895979 0.0503958 0.208042 0.827271
0 0.468151 0.483038 0.0338558 0.185688 0.808055
0 0.916033 0.519514 0.0363338 0.193338 0.793985
0 0.182503 0.762051 0.0465116 0.233164 0.785737
0 0.517543 0.476 0.0351958 0.198985 0.768567
0 0.492263 0.940472 0.0392362 0.119057 0.759439
0 0.848923 0.131263 0.0266262 0.144207 0.733049
0 0.909846 0.161515 0.0288052 0.152278 0.712276
0 0.594659 0.108212 0.030695 0.152537 0.709799
0 0.936464 0.738015 0.041087 0.222711 0.699238
0 0.848047 0.658256 0.0500818 0.210524 0.694153
0 0.230485 0.417297 0.0368487 0.191684 0.692981
0 0.190637 0.428087 0.0336771 0.173209 0.674515
0 0.433831 0.208112 0.0355914 0.158889 0.504419
0 0.258961 0.260137 0.0382254 0.183037 0.462721
3 0.702071 0.193654 0.0984424 0.104479 0.399026
0 0.695368 0.085887 0.0423035 0.167984 0.397527
0 0.182905 0.241729 0.0422485 0.179072 0.364565
0 0.784122 0.171578 0.0275876 0.140365 0.328614
0 0.137094 0.196858 0.0286828 0.149135 0.324256
0 0.754664 0.0624275 0.0282778 0.123854 0.323041
3 0.803905 0.607308 0.0593789 0.126335 0.282136
3 0.799983 0.622639 0.0470439 0.0933009 0.271698
1 0.703296 0.194908 0.0956694 0.106699 0.265067
58 0.346048 0.305449 0.0493671 0.10834 0.257455
