2 0.69144 0.410016 0.139228 0.236567 0.8703
0 0.916067 0.521067 0.0377316 0.195328 0.844024
0 0.235916 0.716102 0.0451627 0.231005 0.765665
0 0.236002 0.308843 0.0393732 0.195701 0.746856
0 0.0702024 0.622786 0.037654 0.22969 0.743937
0 0.536917 0.922982 0.0303336 0.150502 0.743567
0 0.469631 0.252338 0.0342096 0.1682 0.736161
0 0.734366 0.648831 0.0529442 0.223021 0.715953
0 0.0235179 0.680017 0.0467712 0.208376 0.663071
0 0.139358 0.623869 0.0355169 0.190535 0.655931
0 0.28941 0.359406 0.032427 0.196031 0.647029
0 0.407895 0.343635 0.0316187 0.173778 0.587365
3 0.83707 0.610868 0.127799 0.153907 0.58337
0 0.504761 0.19326 0.0392635 0.160799 0.567806
0 0.197965 0.176931 0.0317845 0.160988 0.529214
0 0.433081 0.352199 0.0309004 0.173129 0.525667
0 0.586537 0.210085 0.030751 0.142276 0.466732
0 0.427391 0.213716 0.0302008 0.149589 0.446777
0 0.164542 0.193786 0.0273739 0.154256 0.419138
0 0.644248 0.221307 0.0276567 0.160563 0.417464
3 0.712583 0.193681 0.0792595 0.0946236 0.335069
0 0.332536 0.347539 0.0300397 0.18259 0.290888
0 0.667265 0.209811 0.0259624 0.161553 0.290432
0 0.788139 0.101706 0.0286791 0.0706777 0.287137
