0 0.651768 0.778565 0.0471619 0.249299 0.882564
0 0.196649 0.86857 0.0499022 0.242789 0.82941
2 0.691209 0.408113 0.138883 0.23363 0.815344
0 0.914325 0.518169 0.0379982 0.19307 0.804325
0 0.457076 0.406256 0.0315098 0.193893 0.785142
0 0.929574 0.734334 0.0487759 0.227709 0.750415
0 0.499858 0.391396 0.0329767 0.187028 0.741184
0 0.848112 0.656968 0.0521673 0.213199 0.736716
0 0.223004 0.487418 0.0395922 0.207332 0.735125
0 0.274247 0.308332 0.0326419 0.169336 0.718197
0 0.50119 0.931023 0.0378342 0.137955 0.715052
0 0.621419 0.169579 0.0346394 0.156175 0.658545
0 0.874779 0.192222 0.029936 0.147249 0.656115
0 0.185562 0.490262 0.0274313 0.173177 0.638068
0 0.178571 0.491289 0.0415394 0.177134 0.548773
0 0.185992 0.320812 0.0323786 0.163363 0.49096
0 0.939256 0.226764 0.0287388 0.14271 0.48336
0 0.232034 0.30958 0.03382 0.159236 0.47584
0 0.434691 0.209114 0.0286781 0.160238 0.447622
1 0.702619 0.198564 0.0972866 0.0998184 0.390213
0 0.783272 0.215996 0.0331732 0.137481 0.354308
0 0.255489 0.143091 0.0357902 0.160096 0.317468
58 0.345333 0.304363 0.0486834 0.106724 0.300051
26 0.670511 0.817128 0.01589 0.0643863 0.268993
