2 0.691389 0.409412 0.139339 0.236141 0.825141
0 0.86978 0.283641 0.0358898 0.169501 0.810917
0 0.190754 0.941611 0.0502663 0.116705 0.809072
0 0.913483 0.518681 0.0431465 0.194145 0.802994
0 0.531564 0.937747 0.0320206 0.124505 0.717252
0 0.204372 0.355598 0.0345923 0.188663 0.711993
0 0.597207 0.915984 0.0419057 0.168032 0.680284
0 0.327175 0.615031 0.051091 0.215093 0.665339
0 0.787556 0.0667679 0.0318573 0.128616 0.633776
0 0.149871 0.972785 0.0396703 0.0544306 0.583605
0 0.636728 0.921879 0.0368179 0.156243 0.568697
0 0.435677 0.213029 0.0287704 0.159498 0.501422
3 0.70084 0.194204 0.101989 0.104532 0.470137
0 0.10661 0.326139 0.0309745 0.164422 0.467853
0 0.844572 0.660055 0.0571087 0.21012 0.452634
0 0.202944 0.175005 0.0306358 0.175033 0.400046
0 0.140783 0.327049 0.0349666 0.158777 0.365032
3 0.840588 0.597803 0.124475 0.152203 0.344096
0 0.69556 0.0842023 0.0427844 0.16483 0.321363
0 0.855204 0.656922 0.0387657 0.212863 0.317292
58 0.809575 0.301803 0.0532025 0.121296 0.317274
0 0.163059 0.187714 0.0307764 0.165125 0.307975
