2 0.691494 0.409231 0.139111 0.237203 0.828159
0 0.183866 0.403867 0.0378459 0.1866 0.807673
0 0.916297 0.518613 0.0415386 0.196212 0.782093
0 0.245564 0.600231 0.0330888 0.222324 0.781058
0 0.860886 0.235726 0.0391361 0.162879 0.752572
0 0.721554 0.92297 0.0468243 0.152681 0.705427
0 0.471987 0.930137 0.0357797 0.139726 0.698003
0 0.787691 0.0650106 0.0337908 0.130021 0.670363
0 0.435979 0.212863 0.0280705 0.162371 0.636873
0 0.261191 0.183761 0.0315931 0.163452 0.628576
0 0.597732 0.961688 0.0409653 0.0757646 0.626353
0 0.844909 0.658792 0.054134 0.212436 0.554279
0 0.765896 0.914745 0.0511991 0.17051 0.54923
3 0.700854 0.191049 0.100698 0.108231 0.521879
0 0.64345 0.967264 0.042152 0.0652266 0.515911
0 0.201577 0.173877 0.0333414 0.167771 0.461267
0 0.234594 0.186794 0.0246314 0.140488 0.452984
0 0.163031 0.196429 0.0307058 0.156068 0.418564
0 0.756329 0.915051 0.0327127 0.169899 0.391686
0 0.376835 0.254418 0.0396642 0.136067 0.335017
0 0.134899 0.296986 0.0366362 0.152161 0.333255
0 0.4026 0.119374 0.0268143 0.154481 0.330908
0 0.142338 0.29837 0.0470164 0.155827 0.320051
58 0.809152 0.310733 0.0550104 0.139212 0.30458
58 0.345876 0.306478 0.0490825 0.10856 0.302153
