0 0.91481 0.518762 0.0402489 0.193792 0.851681
2 0.691237 0.408966 0.13896 0.233766 0.836988
0 0.158951 0.661865 0.0429183 0.213414 0.822924
0 0.501538 0.59264 0.0334173 0.208424 0.79553
0 0.544745 0.570736 0.0366319 0.207233 0.767179
0 0.472904 0.93705 0.0444637 0.1259 0.760194
0 0.847445 0.658302 0.0503109 0.212295 0.759441
0 0.242524 0.346732 0.031309 0.18174 0.675822
0 0.201242 0.358006 0.0344735 0.155726 0.662382
0 0.435278 0.208652 0.0382812 0.163517 0.637648
0 0.572126 0.0528896 0.029756 0.105779 0.574039
0 0.746684 0.0970647 0.0317609 0.139966 0.475908
0 0.695235 0.0856502 0.0436829 0.166997 0.441954
3 0.701736 0.194018 0.10002 0.108122 0.341598
0 0.877473 0.0969962 0.0256704 0.142565 0.340254
0 0.779489 0.124206 0.0316643 0.138931 0.327378
0 0.135282 0.197086 0.029913 0.153903 0.326829
0 0.175437 0.244737 0.0300648 0.168652 0.306863
0 0.827001 0.0659924 0.0265755 0.121066 0.30344
1 0.722991 0.19672 0.0575274 0.0924271 0.292089
0 0.26107 0.204104 0.0321715 0.166745 0.284079
3 0.805762 0.608939 0.0635588 0.125148 0.277213
0 0.232602 0.203054 0.0295409 0.151605 0.268072
0 0.376036 0.254293 0.0383534 0.123568 0.260274
