2 0.69118 0.409545 0.139228 0.235885 0.86713
0 0.139071 0.772993 0.0503463 0.244057 0.841972
0 0.442526 0.662136 0.0452522 0.229723 0.830882
0 0.184543 0.796869 0.0433469 0.237679 0.823368
0 0.253519 0.249382 0.0388455 0.172673 0.795972
0 0.497253 0.704653 0.0417713 0.227538 0.784358
0 0.537856 0.711542 0.0397006 0.205196 0.768894
0 0.913963 0.519831 0.0403652 0.191207 0.711628
0 0.552095 0.930331 0.0401844 0.139339 0.700044
0 0.952226 0.426049 0.0409256 0.187247 0.69233
0 0.535086 0.0659641 0.0286888 0.131584 0.670828
0 0.917691 0.24164 0.0331738 0.147177 0.560765
0 0.821125 0.658218 0.0422644 0.21583 0.527349
0 0.868167 0.400151 0.0316677 0.177391 0.525455
0 0.203159 0.181153 0.0357349 0.160222 0.523737
0 0.431699 0.211346 0.0260053 0.165172 0.512585
0 0.875113 0.11487 0.0298618 0.152047 0.493487
0 0.500043 0.0656424 0.0287644 0.131285 0.465848
3 0.701129 0.19467 0.100471 0.101884 0.422539
0 0.945035 0.222169 0.0281017 0.163279 0.390348
0 0.24726 0.105913 0.0328038 0.151201 0.369638
0 0.902275 0.121704 0.024765 0.133533 0.367672
3 0.794168 0.600955 0.0426278 0.122676 0.341385
58 0.809558 0.282379 0.0536226 0.0833216 0.286375
1 0.7028 0.197654 0.097438 0.0974343 0.264949
0 0.337185 0.78261 0.0312775 0.137164 0.264136
