0 0.179964 0.649813 0.0448263 0.231826 0.841901
0 0.255747 0.340058 0.0382207 0.188527 0.788442
0 0.537674 0.104792 0.030509 0.145207 0.768585
2 0.690673 0.412009 0.138366 0.237647 0.766368
0 0.236945 0.660844 0.035851 0.216794 0.750901
0 0.532604 0.924425 0.0413628 0.150343 0.743252
0 0.915654 0.519606 0.0378658 0.194017 0.730402
0 0.634931 0.541412 0.0403852 0.189645 0.726989
0 0.467754 0.589533 0.0395317 0.20458 0.715876
0 0.872421 0.119671 0.0315062 0.153255 0.710194
0 0.504883 0.60139 0.0366231 0.199057 0.67944
0 0.509092 0.0982248 0.0289988 0.148553 0.644338
0 0.937949 0.182214 0.0309843 0.164225 0.638204
0 0.260957 0.151945 0.0378726 0.174795 0.607606
0 0.42835 0.217172 0.031869 0.160354 0.598736
0 0.857116 0.688075 0.0361767 0.212217 0.538375
3 0.838788 0.596878 0.128483 0.168139 0.502556
3 0.701127 0.194881 0.100161 0.101509 0.448892
0 0.233203 0.164984 0.0244156 0.155552 0.411265
0 0.160692 0.194001 0.0300127 0.145598 0.370835
0 0.385959 0.0616963 0.0244155 0.123393 0.358249
0 0.694908 0.0861522 0.0416555 0.167491 0.354864
0 0.13025 0.201989 0.0296492 0.148514 0.314167
