0 0.266009 0.637662 0.0545009 0.227846 0.851843
0 0.91655 0.519447 0.0428993 0.195824 0.839521
0 0.597294 0.778252 0.0390535 0.237881 0.829489
2 0.6911 0.408134 0.138889 0.236336 0.809552
0 0.464887 0.940713 0.0441159 0.118575 0.797001
0 0.637289 0.750103 0.043631 0.22684 0.786021
0 0.846396 0.658089 0.0512772 0.213868 0.721475
0 0.175698 0.515511 0.0388785 0.202289 0.721109
0 0.226749 0.266224 0.0260949 0.138684 0.558252
0 0.846169 0.165552 0.0282394 0.157055 0.517545
0 0.256216 0.253633 0.0347356 0.185406 0.513223
0 0.187766 0.260221 0.0285447 0.158128 0.491291
0 0.644078 0.751714 0.0296757 0.213831 0.490355
0 0.422557 0.202533 0.0286758 0.155741 0.487704
1 0.700282 0.194043 0.0980418 0.109903 0.362657
0 0.151614 0.262962 0.0296461 0.166894 0.345428
0 0.47284 0.0354271 0.0329638 0.068362 0.33718
3 0.700045 0.190663 0.103053 0.110422 0.331941
0 0.791792 0.0634614 0.0298077 0.111524 0.321565
3 0.807147 0.607281 0.0668118 0.122823 0.311344
58 0.345258 0.306431 0.0478894 0.109691 0.270289
0 0.303919 0.191048 0.032063 0.155661 0.256627
0 0.245729 0.112566 0.031597 0.134289 0.250515
