0 0.914513 0.518994 0.0407013 0.194381 0.853424
2 0.691267 0.409625 0.139087 0.23662 0.836124
0 0.492112 0.570828 0.035491 0.209228 0.828136
0 0.535962 0.55855 0.0453435 0.219882 0.806966
0 0.164202 0.68052 0.0433379 0.220576 0.801596
0 0.480183 0.93665 0.0406938 0.126701 0.786612
0 0.241038 0.363472 0.0326843 0.169508 0.736361
0 0.744864 0.965282 0.0468281 0.0694349 0.719032
0 0.847781 0.659063 0.0497517 0.215437 0.709661
0 0.19892 0.369146 0.0336388 0.15797 0.686154
0 0.886711 0.109601 0.0255606 0.152601 0.67754
0 0.435499 0.209079 0.0366086 0.16128 0.660996
0 0.744832 0.0830309 0.0307583 0.143183 0.5798
0 0.579933 0.0603102 0.0296923 0.118771 0.562939
0 0.262224 0.21561 0.0345558 0.173186 0.549922
0 0.833997 0.0740712 0.024596 0.108335 0.478918
0 0.695604 0.085315 0.0441762 0.166536 0.471265
0 0.232927 0.223346 0.026411 0.153182 0.427265
0 0.799394 0.0620736 0.030678 0.115876 0.413646
0 0.375778 0.254805 0.0378458 0.119634 0.305179
1 0.72288 0.197447 0.0575568 0.0902315 0.286984
0 0.134876 0.193257 0.0288354 0.15212 0.286399
0 0.176658 0.241481 0.0316071 0.174234 0.267282
1 0.705657 0.19668 0.0914944 0.0994519 0.261703
0 0.7816 0.132732 0.0288219 0.137276 0.254069
