0 0.262199 0.633436 0.0488974 0.224462 0.846572
2 0.690545 0.408926 0.138783 0.234293 0.837242
0 0.602799 0.78283 0.0411922 0.236231 0.836633
0 0.461484 0.939749 0.0451408 0.120501 0.813891
0 0.917105 0.519303 0.0435339 0.195193 0.81291
0 0.174529 0.514056 0.0357533 0.205071 0.768864
0 0.84692 0.657783 0.0495079 0.214279 0.766975
0 0.644568 0.769336 0.0452417 0.240526 0.712118
0 0.226739 0.264481 0.026907 0.145185 0.654416
0 0.257248 0.252159 0.036536 0.171985 0.59851
0 0.847286 0.168739 0.0277767 0.155958 0.534413
0 0.18743 0.261534 0.0284007 0.156644 0.50664
3 0.701634 0.193383 0.0994833 0.102195 0.450242
0 0.79097 0.0623939 0.0304249 0.105773 0.427216
0 0.422416 0.205748 0.0255169 0.156553 0.361216
0 0.40062 0.108634 0.0244831 0.134507 0.303379
58 0.345144 0.305426 0.0480113 0.107726 0.299942
0 0.163954 0.195278 0.0275342 0.147475 0.29526
3 0.808765 0.608795 0.0688382 0.132161 0.258839
