2 0.691256 0.409601 0.138495 0.235604 0.893538
0 0.239244 0.350051 0.0412278 0.199343 0.84795
0 0.916023 0.520095 0.0383284 0.194569 0.836197
0 0.226787 0.814827 0.0527624 0.251075 0.827609
0 0.567249 0.208298 0.0483469 0.161023 0.757958
0 0.578715 0.92796 0.0401405 0.143399 0.756393
0 0.0713317 0.617945 0.0369453 0.223492 0.72631
0 0.734006 0.647245 0.0533384 0.223943 0.724573
0 0.292037 0.330651 0.0294355 0.190057 0.708077
0 0.441643 0.309297 0.0319088 0.157797 0.633545
0 0.315622 0.316141 0.027203 0.167101 0.590194
0 0.198225 0.17345 0.0330373 0.166069 0.579882
0 0.480679 0.277444 0.0282675 0.164165 0.573074
0 0.417001 0.304197 0.0280428 0.161777 0.542989
0 0.637359 0.225804 0.0273434 0.145069 0.535348
0 0.163227 0.19236 0.0279444 0.151541 0.491803
0 0.708201 0.23789 0.0469633 0.142724 0.483895
0 0.340269 0.770235 0.0264785 0.143942 0.451802
3 0.836583 0.608601 0.12714 0.15482 0.434494
0 0.787662 0.098248 0.0273798 0.0686309 0.333015
0 0.262175 0.269379 0.0258074 0.110793 0.323687
0 0.426882 0.194358 0.029035 0.112583 0.312175
0 0.632135 0.230593 0.0347876 0.149602 0.292139
0 0.261955 0.117631 0.0274253 0.140232 0.286759
0 0.373886 0.288979 0.0351603 0.184134 0.276
58 0.809296 0.28827 0.0537014 0.0932663 0.271402
