0 0.190925 0.933689 0.0528545 0.132621 0.824193
2 0.691339 0.410251 0.138947 0.235756 0.815241
0 0.913764 0.518778 0.0434685 0.19227 0.78032
0 0.873997 0.290823 0.0330034 0.166732 0.741231
0 0.152439 0.963808 0.0429445 0.0716793 0.697368
0 0.205846 0.346936 0.0356109 0.185026 0.683095
0 0.634724 0.91599 0.0425913 0.16802 0.662642
0 0.787498 0.0664471 0.0316807 0.12987 0.644545
0 0.59156 0.910396 0.0450439 0.177654 0.644111
0 0.535105 0.937371 0.0297903 0.125257 0.639023
0 0.990093 0.339452 0.0189911 0.215172 0.548945
0 0.104059 0.327859 0.0280449 0.170925 0.439032
3 0.70113 0.195832 0.100546 0.101769 0.420986
0 0.239603 0.146263 0.0256765 0.158249 0.383996
0 0.201477 0.174849 0.0294168 0.183661 0.381484
0 0.162516 0.189899 0.0315907 0.165194 0.380953
0 0.845024 0.660029 0.0579971 0.212408 0.36485
0 0.435749 0.213901 0.0271763 0.160567 0.352891
3 0.840693 0.597542 0.124288 0.152126 0.330248
58 0.810752 0.310555 0.0521798 0.13628 0.30296
0 0.695326 0.08407 0.0415438 0.165422 0.302088
58 0.345845 0.306492 0.0487479 0.108218 0.293857
0 0.139661 0.333278 0.036547 0.166635 0.283823
0 0.267013 0.133571 0.0280419 0.188456 0.253866
0 0.857328 0.658387 0.0365322 0.203357 0.253505
0 0.855422 0.0494472 0.024412 0.092249 0.253318
