0 0.915791 0.518624 0.0381073 0.194304 0.837386
0 0.172412 0.544716 0.0386795 0.206234 0.827703
2 0.691499 0.409041 0.139005 0.237719 0.818928
0 0.572126 0.72392 0.0393131 0.221939 0.7911
0 0.61277 0.707997 0.0407347 0.23314 0.772505
0 0.47777 0.943083 0.0470152 0.113833 0.768786
0 0.300857 0.641659 0.0470982 0.223786 0.753133
0 0.846664 0.657806 0.0508602 0.212397 0.710297
0 0.250892 0.269172 0.0327204 0.189526 0.652517
0 0.222468 0.275408 0.0278346 0.154467 0.584915
0 0.184443 0.256065 0.0319795 0.156525 0.447579
0 0.424698 0.20365 0.0311388 0.157727 0.370189
3 0.700778 0.189379 0.103128 0.109788 0.360794
1 0.700029 0.192732 0.0971899 0.111752 0.348092
0 0.693862 0.0892273 0.0430281 0.172992 0.308117
58 0.345745 0.305273 0.0485392 0.105195 0.301897
0 0.158768 0.25681 0.0266009 0.163157 0.292763
0 0.402129 0.0992398 0.0255226 0.125354 0.255055
