2 0.69151 0.40896 0.138891 0.237951 0.887171
0 0.214749 0.486419 0.0422146 0.222009 0.792564
0 0.559526 0.206689 0.0344329 0.166903 0.732753
0 0.0727892 0.622053 0.0407493 0.225944 0.725147
0 0.921825 0.524558 0.0400101 0.203601 0.722451
0 0.299028 0.21733 0.0324928 0.170345 0.692488
0 0.59247 0.953681 0.0373787 0.0926375 0.687971
0 0.427822 0.216355 0.0327565 0.162616 0.676488
0 0.587357 0.27606 0.0311212 0.164229 0.657096
0 0.949367 0.273857 0.029093 0.175822 0.610177
0 0.867956 0.325635 0.0351067 0.170249 0.607576
0 0.737974 0.643829 0.0642889 0.231192 0.606578
3 0.836558 0.606781 0.129277 0.159699 0.589957
0 0.274223 0.201232 0.0286584 0.158211 0.513795
0 0.4721 0.19461 0.028426 0.158974 0.480834
0 0.727803 0.634979 0.0442734 0.212942 0.464853
0 0.199409 0.176248 0.0313146 0.160569 0.4612
0 0.133952 0.459044 0.032975 0.190421 0.445408
0 0.489701 0.196838 0.0232643 0.149595 0.444418
0 0.15244 0.439752 0.0337121 0.196123 0.436842
0 0.767153 0.306815 0.0354698 0.150213 0.356762
0 0.227824 0.160398 0.026466 0.152076 0.324392
0 0.787911 0.0994403 0.0274782 0.0679479 0.323893
0 0.48033 0.194637 0.040276 0.159449 0.320235
0 0.0107874 0.904524 0.0213366 0.188728 0.277617
0 0.16302 0.185876 0.0278991 0.161118 0.265916
1 0.665744 0.203481 0.0330708 0.0870839 0.260399
58 0.346961 0.310457 0.0498482 0.11581 0.25867
0 0.375546 0.251848 0.0358043 0.118697 0.250491
