0 0.915952 0.518146 0.0378475 0.194216 0.833331
0 0.171366 0.566818 0.0399126 0.213452 0.820293
2 0.691567 0.408814 0.139004 0.236802 0.806324
0 0.558629 0.703561 0.035969 0.223303 0.786966
0 0.595272 0.68057 0.0410746 0.224487 0.782923
0 0.477735 0.942933 0.0421455 0.114134 0.747598
0 0.846484 0.657488 0.0496658 0.212749 0.728765
0 0.320907 0.648865 0.037977 0.230789 0.681653
0 0.246968 0.288717 0.0329154 0.175306 0.627852
0 0.220391 0.287526 0.0263855 0.153839 0.512343
0 0.762601 0.133437 0.0300737 0.140074 0.459815
0 0.15902 0.25591 0.0259658 0.161336 0.38655
0 0.298962 0.193841 0.0307737 0.148044 0.369197
3 0.701599 0.192042 0.100385 0.105824 0.368934
0 0.260383 0.147934 0.0324855 0.162051 0.334551
0 0.18463 0.254177 0.0275057 0.156948 0.331566
0 0.421328 0.201304 0.0275249 0.158191 0.312575
58 0.34559 0.306753 0.047635 0.108508 0.309268
0 0.788668 0.0764606 0.0285677 0.116043 0.307351
0 0.693908 0.0887525 0.0442286 0.171818 0.292672
3 0.803633 0.607475 0.0578117 0.125231 0.286018
1 0.725612 0.194013 0.0545296 0.0865257 0.282874
1 0.702492 0.195089 0.0983179 0.0997426 0.276514
