2 0.691534 0.411956 0.139506 0.239908 0.839857
0 0.130686 0.82694 0.048353 0.253078 0.828922
0 0.169281 0.849685 0.0453059 0.238033 0.783484
0 0.44894 0.679154 0.0360724 0.227262 0.75197
0 0.858381 0.367909 0.0290649 0.173904 0.74531
0 0.92289 0.256479 0.0316624 0.150817 0.740216
0 0.259197 0.21659 0.0343517 0.160709 0.716843
0 0.915779 0.521882 0.0335594 0.187875 0.696626
0 0.509819 0.753233 0.0435398 0.228892 0.695669
0 0.560099 0.931665 0.0417885 0.136671 0.656175
0 0.555996 0.759908 0.0382897 0.205421 0.627993
0 0.890784 0.0971865 0.0340071 0.152366 0.621588
0 0.898819 0.666719 0.0504749 0.195626 0.599761
0 0.82448 0.667493 0.0546537 0.201196 0.592322
0 0.976684 0.265042 0.0424252 0.183458 0.570025
0 0.225081 0.248289 0.0306048 0.163752 0.545749
0 0.249487 0.0814487 0.0322803 0.148311 0.541508
0 0.855536 0.0922464 0.0284962 0.155341 0.541502
0 0.534892 0.058799 0.0307123 0.11353 0.534931
0 0.162749 0.189067 0.0283344 0.164853 0.514918
0 0.203719 0.178733 0.0322083 0.1632 0.511637
0 0.793118 0.060452 0.0277124 0.120904 0.492996
0 0.919622 0.388717 0.040983 0.139085 0.466966
3 0.700695 0.193146 0.102364 0.103442 0.466239
0 0.429035 0.212196 0.0250488 0.163417 0.454971
0 0.500228 0.0551342 0.026861 0.106493 0.449583
0 0.47514 0.059138 0.0298174 0.111151 0.435212
0 0.133295 0.183133 0.0303235 0.172265 0.382204
0 0.695688 0.0863076 0.0415367 0.168202 0.361675
0 0.834378 0.668737 0.0363762 0.201738 0.282737
58 0.345568 0.305171 0.0487042 0.10576 0.269208
