0 0.702843 0.901297 0.0480139 0.197372 0.845616
0 0.183124 0.765587 0.0460649 0.242917 0.838907
0 0.468968 0.496877 0.0333248 0.199951 0.833971
2 0.691285 0.409971 0.138588 0.235574 0.82557
0 0.915859 0.518544 0.0377855 0.191778 0.789823
0 0.492876 0.940379 0.0379931 0.119243 0.753042
0 0.519605 0.483364 0.0359771 0.199049 0.746926
0 0.593674 0.107392 0.0315382 0.153359 0.723937
0 0.846673 0.130898 0.0272911 0.146683 0.716556
0 0.935682 0.739422 0.0399063 0.223577 0.708246
0 0.190066 0.422181 0.0356727 0.174694 0.697019
0 0.231379 0.417147 0.0354537 0.192237 0.684357
0 0.847889 0.657975 0.0510338 0.21093 0.683529
0 0.908544 0.157298 0.0298645 0.153633 0.673727
0 0.754206 0.0635552 0.029924 0.12711 0.500262
0 0.433871 0.208394 0.0356524 0.159693 0.454994
0 0.258952 0.258987 0.0356298 0.182025 0.441491
3 0.702218 0.19398 0.0984396 0.10364 0.388866
0 0.695721 0.0831797 0.041572 0.162843 0.363212
0 0.183055 0.24092 0.039697 0.176962 0.340454
3 0.801634 0.619762 0.050535 0.096902 0.315815
3 0.80396 0.608287 0.0599958 0.120976 0.293362
0 0.137605 0.196453 0.0289231 0.150503 0.288645
1 0.703217 0.19516 0.0959688 0.104817 0.268371
58 0.809848 0.282638 0.0524031 0.0845626 0.264081
0 0.785008 0.171423 0.0280993 0.137635 0.257236
