0 0.914999 0.518863 0.0396156 0.194165 0.844561
2 0.691171 0.409598 0.138759 0.236241 0.841772
0 0.506469 0.605374 0.0350259 0.212312 0.839962
0 0.158082 0.654642 0.0423172 0.221283 0.806988
0 0.552904 0.5853 0.0416492 0.213177 0.779515
0 0.471914 0.936933 0.0413767 0.126134 0.750361
0 0.846736 0.658331 0.0514343 0.213329 0.723731
0 0.434507 0.209272 0.0357351 0.165546 0.673293
0 0.205587 0.344355 0.0314492 0.15984 0.671267
0 0.243021 0.343506 0.0316811 0.179377 0.666762
0 0.874928 0.0804874 0.0270546 0.154589 0.582239
0 0.571354 0.048212 0.0272623 0.0964239 0.566932
0 0.695228 0.0852664 0.0434013 0.166531 0.44053
3 0.701719 0.193063 0.102075 0.109641 0.428851
0 0.74728 0.098028 0.0326424 0.138338 0.404231
0 0.22895 0.205401 0.030082 0.159617 0.341436
0 0.261573 0.196634 0.0315069 0.185244 0.319693
0 0.175589 0.247246 0.0270134 0.164471 0.313898
3 0.809598 0.609153 0.069968 0.136236 0.308947
0 0.194231 0.240866 0.0242933 0.152984 0.30558
58 0.809296 0.284784 0.05378 0.0891607 0.291073
58 0.344839 0.306023 0.0467735 0.107922 0.267674
0 0.37679 0.256363 0.0395549 0.123231 0.252151
1 0.723646 0.197749 0.0560648 0.0888488 0.250717
