2 0.691098 0.410383 0.138972 0.234921 0.816692
0 0.917265 0.518308 0.043795 0.195639 0.81463
0 0.213065 0.605645 0.0523479 0.228656 0.803882
0 0.857692 0.217507 0.0360283 0.16768 0.774063
0 0.450943 0.925658 0.041 0.14579 0.757559
0 0.725314 0.88016 0.0482495 0.234355 0.757453
0 0.678669 0.895914 0.0457405 0.205789 0.711711
0 0.178313 0.43869 0.0338365 0.194711 0.684329
0 0.787628 0.0666038 0.0307489 0.128814 0.654722
0 0.266857 0.197734 0.0308972 0.169176 0.572907
0 0.567398 0.0444877 0.0231314 0.084324 0.541182
0 0.142839 0.282371 0.0301475 0.170341 0.509365
0 0.844951 0.659648 0.0546633 0.211028 0.491927
3 0.70107 0.192502 0.101182 0.109446 0.432623
0 0.432121 0.210193 0.0284975 0.15811 0.409124
0 0.233463 0.199149 0.0256395 0.15698 0.35618
58 0.346263 0.305178 0.0503059 0.105753 0.320595
0 0.168721 0.27738 0.0288665 0.150536 0.300871
3 0.840262 0.600875 0.127589 0.156923 0.271203
