2 0.691371 0.411038 0.138923 0.236598 0.859337
0 0.916133 0.521811 0.0380287 0.196586 0.855582
0 0.507763 0.924045 0.0312834 0.148586 0.767138
0 0.223062 0.921002 0.0481859 0.118022 0.723357
0 0.28188 0.560076 0.0348893 0.203492 0.718601
0 0.499266 0.104962 0.0314839 0.159205 0.702692
0 0.527224 0.143345 0.0283031 0.159316 0.678912
0 0.910174 0.133819 0.0276476 0.136739 0.674973
0 0.821549 0.678191 0.0384857 0.207453 0.670617
0 0.461366 0.506164 0.0389679 0.197923 0.666671
0 0.554948 0.141754 0.0261751 0.151028 0.63002
0 0.135464 0.412331 0.0291322 0.17226 0.618787
0 0.251274 0.185756 0.0356642 0.170954 0.573301
0 0.244948 0.857794 0.0494584 0.143333 0.562615
0 0.488179 0.510346 0.0275865 0.181793 0.562252
0 0.51199 0.451293 0.0301446 0.17638 0.523394
0 0.428956 0.22043 0.0298539 0.152706 0.501585
0 0.764876 0.058341 0.0300385 0.116682 0.496789
0 0.236002 0.642541 0.0636696 0.244967 0.466688
0 0.233052 0.598495 0.0679331 0.332667 0.432943
0 0.233526 0.400425 0.0386868 0.125224 0.429646
0 0.234302 0.534242 0.0528913 0.199921 0.37952
1 0.864536 0.630539 0.058707 0.1086 0.375181
0 0.160666 0.195175 0.031175 0.162021 0.364913
3 0.70161 0.197214 0.0996578 0.103528 0.304003
24 0.813998 0.639443 0.0223286 0.0640905 0.274104
1 0.664917 0.203731 0.0318945 0.0906614 0.267967
0 0.204667 0.178958 0.0341602 0.155829 0.263871
0 0.513078 0.481339 0.024624 0.113605 0.260894
26 0.437568 0.539126 0.0215889 0.0449317 0.2541
