0 0.257618 0.607578 0.0429677 0.221709 0.825402
2 0.691396 0.41184 0.138962 0.239715 0.819016
0 0.916219 0.520341 0.0421869 0.19853 0.810366
0 0.741387 0.938057 0.0440504 0.122601 0.759917
0 0.858908 0.248849 0.0335682 0.163856 0.744526
0 0.19127 0.392563 0.0368194 0.192648 0.734002
0 0.48964 0.930709 0.0360199 0.138532 0.711474
0 0.787769 0.0667321 0.0311188 0.133464 0.648339
0 0.436239 0.213448 0.0281597 0.163024 0.638877
0 0.607455 0.950255 0.0421783 0.0994905 0.587717
0 0.844253 0.660057 0.055817 0.211278 0.498964
0 0.256455 0.172853 0.0276841 0.163657 0.497616
0 0.203078 0.17368 0.0344332 0.17349 0.49448
0 0.785396 0.930575 0.0474909 0.138851 0.471515
3 0.701398 0.195224 0.100561 0.10331 0.40166
0 0.643312 0.955851 0.0359482 0.0882975 0.399213
0 0.162022 0.193904 0.032144 0.152604 0.350952
0 0.127133 0.30588 0.0275565 0.155324 0.341007
3 0.840269 0.600175 0.127143 0.150596 0.334977
0 0.306931 0.187282 0.0307711 0.148524 0.317266
58 0.809539 0.312515 0.0537716 0.141649 0.316972
58 0.346475 0.307714 0.0501565 0.107527 0.296458
0 0.854693 0.656425 0.0356329 0.215867 0.295106
0 0.376576 0.262313 0.0403769 0.127988 0.294405
0 0.156348 0.305172 0.0257721 0.157032 0.276
