2 0.691341 0.40905 0.139018 0.236696 0.834851
0 0.917713 0.51777 0.0435131 0.195865 0.807696
0 0.171912 0.464025 0.0364716 0.198966 0.796525
0 0.462268 0.933274 0.0449125 0.133451 0.765316
0 0.651674 0.864737 0.0441549 0.243496 0.75649
0 0.219825 0.613581 0.0317348 0.225399 0.747713
0 0.265145 0.218701 0.0314808 0.163851 0.71243
0 0.698035 0.84367 0.0502003 0.243359 0.703538
0 0.851923 0.198714 0.0338963 0.163266 0.645139
0 0.787211 0.0659671 0.0327471 0.131083 0.615366
0 0.234189 0.224684 0.0270792 0.15054 0.589045
0 0.148744 0.269416 0.0276839 0.174149 0.57131
0 0.84478 0.658457 0.056535 0.213053 0.518538
0 0.427288 0.206717 0.0278669 0.157212 0.506931
0 0.172204 0.277571 0.0307258 0.156151 0.409491
0 0.305791 0.184005 0.0264214 0.160163 0.407537
1 0.702071 0.192988 0.0987286 0.108715 0.399233
3 0.701307 0.188788 0.101425 0.114643 0.358192
0 0.201287 0.184453 0.031963 0.152461 0.336621
0 0.704664 0.851294 0.0374929 0.229912 0.300578
58 0.345728 0.305976 0.0483273 0.108403 0.297441
0 0.693214 0.0860433 0.0400717 0.168192 0.27591
