2 0.691215 0.410934 0.139112 0.233879 0.862751
0 0.915696 0.521332 0.037933 0.195729 0.821421
0 0.304026 0.487639 0.0332174 0.187415 0.777862
0 0.513393 0.926568 0.0444968 0.142656 0.766861
0 0.223622 0.527725 0.0422812 0.215607 0.734248
0 0.773698 0.651947 0.0468699 0.228558 0.703352
0 0.549577 0.17345 0.0323339 0.165583 0.688631
0 0.505907 0.15377 0.0314705 0.160689 0.667376
0 0.58719 0.162057 0.0302891 0.151118 0.661857
0 0.87664 0.0920338 0.0285358 0.141753 0.660281
0 0.1685 0.854999 0.0438084 0.221018 0.644593
0 0.135292 0.46559 0.0320977 0.161013 0.627363
0 0.259556 0.473602 0.0317004 0.199038 0.61595
0 0.443834 0.449405 0.0345429 0.190664 0.5804
0 0.132229 0.650337 0.0354105 0.223895 0.510039
0 0.258621 0.224019 0.0364829 0.185091 0.50641
0 0.185454 0.746337 0.0585147 0.132385 0.490409
0 0.410252 0.398245 0.030253 0.166443 0.487459
0 0.776042 0.0987402 0.0287178 0.130435 0.447761
0 0.480947 0.454803 0.0357774 0.179283 0.434457
3 0.701476 0.197123 0.0995705 0.101554 0.400247
0 0.194987 0.179276 0.0280385 0.163883 0.358051
3 0.847649 0.620961 0.106429 0.133119 0.33534
0 0.428666 0.217869 0.031303 0.154723 0.294486
0 0.165258 0.188787 0.0273609 0.167332 0.285072
