2 0.69119 0.416579 0.137955 0.24822 0.83101
0 0.915011 0.52053 0.0396027 0.191724 0.826244
0 0.474178 0.625442 0.0417727 0.208773 0.804604
0 0.53635 0.930972 0.0485821 0.138056 0.795978
0 0.170638 0.688979 0.0505446 0.23516 0.794061
0 0.252368 0.304425 0.0383197 0.18009 0.775182
0 0.216788 0.706493 0.0404316 0.216868 0.760297
0 0.410851 0.63335 0.044565 0.217952 0.747176
0 0.539243 0.0957883 0.028351 0.147865 0.738506
0 0.689283 0.561976 0.0361206 0.188658 0.715762
0 0.51679 0.631865 0.0383222 0.193316 0.715323
0 0.843589 0.687536 0.0437016 0.208351 0.633301
0 0.931272 0.202034 0.0241192 0.151542 0.633112
0 0.506971 0.0822124 0.0314829 0.154883 0.615779
0 0.428507 0.215887 0.030943 0.160469 0.555865
3 0.837062 0.602554 0.12792 0.165674 0.479874
0 0.888653 0.154758 0.0325623 0.159606 0.473163
0 0.130259 0.223231 0.0367222 0.2408 0.446247
0 0.451949 0.0631319 0.0240068 0.126264 0.428655
3 0.701267 0.194512 0.100009 0.0992839 0.425337
0 0.984992 0.467458 0.0292812 0.164354 0.415188
0 0.95484 0.144177 0.0377655 0.164978 0.395238
0 0.235762 0.176804 0.0234962 0.146814 0.386383
0 0.160045 0.189177 0.0322226 0.158062 0.377839
58 0.809525 0.288735 0.0532589 0.0960212 0.349167
0 0.19631 0.177683 0.035093 0.164923 0.311533
0 0.695314 0.0848612 0.0414553 0.165593 0.302385
0 0.906755 0.405055 0.031456 0.0858283 0.27325
