0 0.638932 0.84916 0.044853 0.24487 0.862084
2 0.691417 0.408937 0.139068 0.236614 0.841127
0 0.465864 0.933162 0.0424387 0.133677 0.840991
0 0.91803 0.518287 0.0430811 0.195298 0.801909
0 0.228685 0.618086 0.0489321 0.225115 0.784564
0 0.683883 0.82057 0.0456368 0.234309 0.734474
0 0.263182 0.228856 0.0318832 0.166863 0.717076
0 0.17425 0.470122 0.0371567 0.194163 0.709842
0 0.849536 0.658568 0.0470791 0.213682 0.679235
0 0.787037 0.064583 0.0344973 0.127372 0.611365
0 0.850015 0.196346 0.031695 0.168497 0.538041
0 0.52509 0.0387441 0.0352101 0.0721223 0.470614
0 0.423226 0.206616 0.0241005 0.157657 0.447341
0 0.232428 0.232525 0.0231271 0.138207 0.389676
1 0.701357 0.189187 0.10186 0.11585 0.309949
58 0.345295 0.305028 0.0473881 0.106732 0.288447
0 0.149472 0.26882 0.0268937 0.170479 0.283345
3 0.703312 0.191426 0.0989815 0.102403 0.25766
