2 0.691536 0.408452 0.13886 0.237733 0.909247
0 0.916916 0.519939 0.037887 0.194261 0.826606
0 0.220552 0.459812 0.0439483 0.220819 0.799974
0 0.0156981 0.875752 0.0313962 0.233521 0.793717
0 0.0725794 0.623211 0.0423812 0.225945 0.753472
0 0.845609 0.304654 0.0323574 0.162876 0.690063
0 0.427898 0.218121 0.0324036 0.161665 0.678977
0 0.623868 0.952335 0.0351738 0.0953305 0.672836
0 0.28642 0.237823 0.0301353 0.175945 0.656572
0 0.969324 0.312274 0.0352612 0.170554 0.617966
0 0.735902 0.642692 0.0603268 0.230102 0.615273
0 0.492146 0.218052 0.0271831 0.153774 0.548926
0 0.470318 0.213312 0.0276346 0.167027 0.527522
0 0.727098 0.635282 0.0426788 0.212809 0.513562
3 0.836814 0.607946 0.12931 0.157589 0.473827
0 0.19891 0.176457 0.0309586 0.160591 0.4599
0 0.549215 0.217835 0.0331127 0.152203 0.439172
0 0.535589 0.266926 0.0492151 0.168872 0.423181
0 0.54566 0.229556 0.0391298 0.183303 0.359252
0 0.121883 0.433336 0.0382314 0.182756 0.353494
0 0.787748 0.099324 0.0272232 0.0671564 0.332907
58 0.34617 0.310029 0.0496202 0.11544 0.305385
0 0.161805 0.19173 0.0270672 0.149549 0.279711
0 0.742314 0.29531 0.0380339 0.171174 0.272903
