2 0.691601 0.408733 0.139138 0.238318 0.891064
0 0.218543 0.472078 0.0424812 0.212603 0.805021
0 0.917375 0.520065 0.038195 0.193843 0.804384
0 0.0734441 0.622875 0.0413309 0.224791 0.756769
0 0.955442 0.292512 0.0358736 0.159146 0.73989
0 0.295752 0.22904 0.0295778 0.167304 0.732082
0 0.60996 0.950047 0.0347225 0.0999066 0.683226
0 0.427598 0.217526 0.033304 0.161776 0.65622
0 0.0117869 0.891373 0.0235737 0.210854 0.607108
0 0.734884 0.643111 0.0582933 0.229099 0.598976
0 0.482181 0.203271 0.0454041 0.166761 0.595869
0 0.859433 0.315807 0.032325 0.166577 0.589293
3 0.836423 0.607104 0.130405 0.159562 0.521151
0 0.563225 0.272687 0.0395781 0.160703 0.50879
0 0.271688 0.212663 0.0289454 0.158211 0.488923
0 0.727612 0.635685 0.0438562 0.212574 0.478177
0 0.197394 0.176645 0.0314526 0.15895 0.406861
0 0.75399 0.308551 0.0403305 0.179043 0.374134
0 0.125441 0.446194 0.0332595 0.17113 0.339183
0 0.146135 0.43803 0.0258075 0.181443 0.336258
0 0.787632 0.0993227 0.0277245 0.0674305 0.314733
0 0.555765 0.211338 0.0338888 0.159804 0.311382
