0 0.915798 0.518903 0.0373947 0.19282 0.832078
2 0.691277 0.408739 0.13911 0.236215 0.825604
0 0.170922 0.574077 0.0433668 0.207867 0.818405
0 0.553048 0.68509 0.0389809 0.217759 0.816332
0 0.590037 0.675539 0.0440165 0.232628 0.798114
0 0.477013 0.940412 0.0370821 0.119176 0.721665
0 0.846428 0.657881 0.050116 0.212348 0.711378
0 0.246343 0.29595 0.0295444 0.162588 0.709677
0 0.219897 0.29964 0.0265719 0.152903 0.5996
0 0.331129 0.650437 0.0357777 0.219348 0.598635
0 0.760952 0.132883 0.0317774 0.142162 0.46866
0 0.160126 0.252427 0.0250796 0.160946 0.437637
0 0.261589 0.155793 0.0345419 0.176715 0.408946
0 0.191124 0.25494 0.0267291 0.153367 0.305402
0 0.200451 0.176582 0.0256419 0.149516 0.296719
3 0.708306 0.191439 0.0904147 0.0924868 0.293774
3 0.80887 0.608656 0.0694082 0.135346 0.264356
0 0.299949 0.193825 0.028909 0.148285 0.253853
