2 0.691323 0.410094 0.1385 0.234504 0.892937
0 0.23091 0.852337 0.0531443 0.255426 0.846197
0 0.241972 0.36275 0.0428282 0.205783 0.832713
0 0.916226 0.519752 0.0380672 0.194625 0.831837
0 0.497124 0.280138 0.0289635 0.170198 0.782614
0 0.598981 0.214277 0.0418367 0.162857 0.780588
0 0.59692 0.931287 0.0421957 0.137425 0.721823
0 0.289122 0.316617 0.0333932 0.177839 0.713483
0 0.734126 0.646352 0.0540223 0.226733 0.707293
0 0.264134 0.231416 0.0293039 0.155234 0.652138
0 0.071652 0.647427 0.0399294 0.281876 0.606299
0 0.198979 0.173145 0.0345708 0.167232 0.523737
3 0.83718 0.609126 0.127724 0.154276 0.502982
0 0.164716 0.188394 0.0292305 0.160127 0.464669
0 0.451744 0.295467 0.0299123 0.155735 0.432877
0 0.340763 0.769296 0.025401 0.141654 0.40984
0 0.0652624 0.710431 0.0352092 0.19419 0.404309
0 0.652373 0.232543 0.0264948 0.122151 0.400439
0 0.788033 0.0985105 0.0285313 0.067205 0.392696
0 0.426364 0.284492 0.0329459 0.164428 0.287334
58 0.809517 0.287778 0.0533825 0.0926966 0.257904
