0 0.167866 0.706965 0.0436618 0.234912 0.864051
0 0.914986 0.518814 0.0390846 0.192484 0.848771
0 0.485284 0.550821 0.0358595 0.207142 0.841527
2 0.691381 0.40976 0.139117 0.236917 0.834794
0 0.241109 0.378517 0.0337614 0.181424 0.792535
0 0.532312 0.537201 0.0361246 0.210559 0.77413
0 0.490181 0.934982 0.0390568 0.130036 0.754664
0 0.738462 0.950131 0.0519098 0.0997378 0.744712
0 0.847536 0.658848 0.0502338 0.212935 0.716538
0 0.198011 0.374174 0.0324338 0.1585 0.650159
0 0.747948 0.0805568 0.0309981 0.141545 0.610884
0 0.8359 0.0782911 0.0308655 0.110734 0.610224
0 0.434201 0.208198 0.0376186 0.160925 0.576873
0 0.580833 0.0661941 0.0287697 0.132388 0.535772
0 0.894044 0.115725 0.0287844 0.149533 0.477635
0 0.695017 0.0848695 0.0435888 0.165138 0.466048
0 0.183319 0.239098 0.0391126 0.181279 0.414062
0 0.261629 0.223601 0.0373361 0.179825 0.40682
0 0.227158 0.228511 0.0264886 0.154792 0.356961
26 0.182894 0.351416 0.0209545 0.068569 0.34947
0 0.133386 0.187425 0.0298105 0.164659 0.337105
1 0.70387 0.196444 0.0950898 0.103471 0.319953
0 0.796418 0.0630287 0.0288502 0.115217 0.283172
0 0.375881 0.255656 0.0382869 0.116765 0.281804
3 0.807227 0.608307 0.066745 0.121497 0.276113
1 0.722239 0.197575 0.0590372 0.0936863 0.274701
58 0.809442 0.28347 0.0531887 0.0856367 0.266868
