2 0.691511 0.409265 0.139078 0.237976 0.907046
0 0.215147 0.486862 0.041604 0.222953 0.854899
0 0.920511 0.523887 0.0402973 0.201644 0.754325
0 0.0724401 0.622084 0.0384033 0.226803 0.741981
0 0.579654 0.277755 0.0392866 0.158666 0.715342
0 0.427834 0.21712 0.0332664 0.164582 0.693147
0 0.597676 0.952431 0.038344 0.0951375 0.689508
0 0.2986 0.220047 0.0315375 0.169372 0.687019
0 0.950409 0.273681 0.0302853 0.174095 0.659666
0 0.864611 0.326231 0.033802 0.172011 0.643978
0 0.560353 0.202685 0.0334249 0.15979 0.603796
0 0.737429 0.643211 0.0626064 0.230431 0.592469
3 0.836212 0.606948 0.12929 0.158631 0.51297
0 0.138809 0.461639 0.0491889 0.179915 0.510526
0 0.474043 0.197482 0.0285155 0.157202 0.499677
0 0.273213 0.200726 0.0302676 0.156621 0.484455
0 0.727792 0.63458 0.0429972 0.213619 0.475133
0 0.19869 0.175325 0.0320757 0.163016 0.47217
0 0.15142 0.430971 0.0298363 0.185111 0.439485
0 0.766934 0.30828 0.0298943 0.156394 0.404256
0 0.0109601 0.902494 0.0217807 0.193556 0.37079
0 0.228835 0.15916 0.025288 0.155953 0.329455
0 0.788107 0.099181 0.0276621 0.0675023 0.319363
58 0.347049 0.310141 0.050526 0.114963 0.306044
0 0.491573 0.197517 0.0218571 0.144559 0.305485
0 0.163114 0.184757 0.0272018 0.163208 0.302794
