2 0.6915 0.408624 0.138604 0.23748 0.906976
0 0.916083 0.520198 0.0377407 0.194061 0.83982
0 0.228482 0.433258 0.0439944 0.207799 0.828962
0 0.072276 0.623179 0.0425779 0.226439 0.805134
0 0.222877 0.945491 0.0512672 0.108808 0.729419
0 0.0202132 0.841826 0.0404257 0.237633 0.72613
0 0.545622 0.237283 0.0317007 0.16741 0.697828
0 0.6462 0.955388 0.0416918 0.0892242 0.676358
0 0.981736 0.341108 0.035128 0.183851 0.671722
0 0.735161 0.642555 0.0589396 0.230293 0.646462
0 0.278728 0.255287 0.0359379 0.175586 0.635356
0 0.42733 0.217812 0.0319775 0.164568 0.587728
0 0.78826 0.291014 0.0316448 0.172952 0.548884
0 0.197494 0.172651 0.0338138 0.164197 0.528156
0 0.462002 0.221273 0.0275682 0.160814 0.501066
0 0.727739 0.635355 0.0434792 0.21281 0.495976
0 0.271126 0.248471 0.0326598 0.162848 0.457731
0 0.72968 0.271392 0.0333387 0.128264 0.423832
0 0.788169 0.0991457 0.0282427 0.0677494 0.408875
0 0.161124 0.182135 0.0280253 0.171128 0.391807
0 0.483717 0.264415 0.0298922 0.154498 0.355523
3 0.836767 0.607924 0.128975 0.156021 0.331101
