2 0.691458 0.409863 0.139197 0.236585 0.845784
0 0.150561 0.746758 0.0476985 0.244043 0.834077
0 0.194152 0.769367 0.0414952 0.227583 0.8056
0 0.489373 0.675384 0.0406918 0.211475 0.791156
0 0.442801 0.652626 0.0421422 0.222806 0.78802
0 0.249875 0.26528 0.0355855 0.178524 0.787366
0 0.915345 0.520042 0.038689 0.192989 0.776314
0 0.532689 0.683294 0.0427511 0.200716 0.745961
0 0.556228 0.925511 0.0434696 0.148977 0.736944
0 0.538431 0.0739718 0.0283746 0.13826 0.731456
0 0.91908 0.217754 0.0398157 0.175522 0.581991
0 0.968201 0.438246 0.0401138 0.184469 0.577242
0 0.502323 0.0643674 0.0281494 0.128735 0.575707
0 0.429131 0.213482 0.0283049 0.162179 0.507864
0 0.826592 0.678712 0.0311165 0.22345 0.484364
0 0.890734 0.127302 0.0407385 0.159258 0.441582
0 0.245821 0.116262 0.0359889 0.152975 0.440376
1 0.867286 0.631593 0.0626793 0.106788 0.427461
0 0.201653 0.183544 0.0364806 0.153593 0.421823
0 0.470793 0.06248 0.0256008 0.123146 0.417867
0 0.781521 0.571239 0.0351928 0.109329 0.405524
3 0.701567 0.195867 0.0995619 0.10054 0.401383
58 0.809775 0.287911 0.0539356 0.0939047 0.337918
0 0.695554 0.0844599 0.0417711 0.164928 0.310462
0 0.159037 0.215834 0.036751 0.206965 0.306775
0 0.877431 0.410599 0.0320332 0.181125 0.291868
1 0.702965 0.197234 0.0970229 0.0997981 0.278399
58 0.345845 0.307081 0.048451 0.110164 0.258596
1 0.688343 0.198361 0.0764269 0.107039 0.255785
0 0.780862 0.585488 0.0402935 0.13837 0.251382
