2 0.690962 0.40984 0.139248 0.233604 0.860519
0 0.915889 0.520544 0.0380592 0.194888 0.833687
0 0.315377 0.448115 0.0337983 0.180469 0.809603
0 0.0980652 0.636865 0.0512985 0.22364 0.76463
0 0.508163 0.921529 0.0392039 0.149464 0.758977
0 0.272627 0.452525 0.0360763 0.206893 0.745464
0 0.224155 0.562621 0.0431473 0.209889 0.735112
0 0.140757 0.818891 0.0476354 0.244475 0.724435
0 0.74938 0.639788 0.0439777 0.231634 0.709057
0 0.859932 0.0776229 0.0280647 0.13363 0.691097
0 0.569112 0.187233 0.0297935 0.165123 0.68326
0 0.50546 0.177768 0.0341761 0.171934 0.663161
0 0.607829 0.173192 0.0290241 0.158418 0.639457
0 0.130874 0.510173 0.0327147 0.177396 0.612107
0 0.469457 0.421475 0.0361662 0.17566 0.550438
3 0.838303 0.616044 0.124838 0.144289 0.539087
0 0.254708 0.241257 0.0387644 0.182925 0.525615
0 0.435105 0.419693 0.0374899 0.188287 0.486456
3 0.700567 0.195798 0.102562 0.102528 0.484371
0 0.132906 0.700846 0.0470169 0.137725 0.450121
0 0.428947 0.217189 0.0323952 0.157283 0.38226
0 0.782152 0.112175 0.0267923 0.13171 0.363368
0 0.163184 0.195267 0.0268451 0.148525 0.297439
1 0.692881 0.198773 0.0863789 0.108751 0.27919
0 0.473882 0.175243 0.0280056 0.142155 0.259301
