2 0.691467 0.410527 0.139054 0.233986 0.839414
0 0.123603 0.850982 0.0510331 0.256489 0.813648
0 0.160361 0.874952 0.0427205 0.24027 0.807814
0 0.911682 0.519099 0.0363522 0.189399 0.771967
0 0.448543 0.676277 0.0319108 0.231087 0.749498
0 0.52065 0.785135 0.0442787 0.236072 0.747907
0 0.934441 0.274601 0.0302654 0.166693 0.651862
0 0.886296 0.0864439 0.0321125 0.151788 0.620762
0 0.258587 0.196023 0.0307633 0.174825 0.60747
0 0.788909 0.0621769 0.0288885 0.124354 0.603565
0 0.563571 0.792941 0.035841 0.218873 0.597186
0 0.93197 0.691813 0.0420656 0.199356 0.590324
0 0.910226 0.371916 0.0371134 0.164637 0.576699
3 0.700523 0.192178 0.102353 0.104353 0.566362
0 0.563884 0.93226 0.0395418 0.135479 0.565905
0 0.835406 0.668094 0.0355507 0.203505 0.521285
0 0.162275 0.191375 0.0280723 0.15626 0.508996
0 0.219926 0.254327 0.0315942 0.184746 0.483893
0 0.847199 0.352687 0.02796 0.169298 0.479835
0 0.40552 0.161803 0.0367201 0.164722 0.4385
0 0.253126 0.0679601 0.0319037 0.135536 0.411851
0 0.69488 0.0885145 0.0438612 0.171758 0.409063
0 0.420772 0.216103 0.0323725 0.155305 0.372569
0 0.132828 0.188268 0.0310495 0.163515 0.364057
0 0.529359 0.0558798 0.0254665 0.103094 0.35929
3 0.840071 0.606368 0.12286 0.137227 0.35194
1 0.874677 0.624619 0.0537228 0.11965 0.345669
0 0.376142 0.247559 0.0393593 0.142395 0.325821
0 0.498961 0.0546485 0.0271465 0.103058 0.319384
0 0.984357 0.285125 0.0307978 0.177153 0.30388
0 0.477533 0.0568008 0.0315493 0.103232 0.260715
3 0.800106 0.606008 0.0514652 0.129849 0.257827
1 0.694132 0.195354 0.0885876 0.112148 0.25663
