2 0.691419 0.410679 0.139156 0.234714 0.830184
0 0.123598 0.853934 0.0498209 0.258264 0.811639
0 0.160377 0.877697 0.0433319 0.2409 0.802656
0 0.912356 0.519121 0.0364513 0.189581 0.780321
0 0.520344 0.784971 0.0429127 0.235293 0.742714
0 0.447752 0.675784 0.0306002 0.231199 0.737437
0 0.935369 0.276002 0.0310642 0.166053 0.649547
0 0.563805 0.794808 0.0378846 0.219515 0.622486
0 0.788919 0.0625156 0.0291798 0.125031 0.621965
0 0.910354 0.373789 0.0371288 0.171012 0.621154
0 0.933833 0.693667 0.0432926 0.191443 0.584655
0 0.886395 0.0856044 0.0329323 0.152044 0.577636
0 0.258155 0.196089 0.0303082 0.172927 0.556826
0 0.563721 0.931142 0.0392322 0.137716 0.54849
0 0.16284 0.194876 0.0300926 0.150492 0.533423
0 0.835563 0.669645 0.0366184 0.201334 0.531
3 0.700483 0.192269 0.10223 0.104871 0.5248
0 0.846561 0.35167 0.0274824 0.169471 0.513252
0 0.219581 0.257531 0.0332819 0.185108 0.495532
0 0.420363 0.215728 0.0318015 0.155803 0.434128
0 0.25294 0.067166 0.032114 0.134332 0.429799
0 0.694893 0.0877972 0.0433672 0.170562 0.410912
0 0.529486 0.0558053 0.0260866 0.103273 0.393658
0 0.405924 0.161292 0.0350981 0.163045 0.371704
1 0.87464 0.625062 0.0533125 0.117987 0.369979
0 0.499235 0.0531928 0.0267205 0.101972 0.364773
0 0.132572 0.188483 0.030825 0.161125 0.35238
3 0.839986 0.608622 0.122959 0.130804 0.327718
0 0.375993 0.248392 0.0388548 0.138193 0.319645
0 0.47658 0.055775 0.0298887 0.102999 0.318874
0 0.10285 0.385644 0.0333084 0.178114 0.312513
0 0.98395 0.286719 0.0315941 0.17888 0.30193
0 0.416786 0.205916 0.0405061 0.185664 0.256943
