2 0.691429 0.410982 0.139418 0.238934 0.821195
0 0.915262 0.519483 0.0417089 0.198334 0.808958
0 0.861659 0.261976 0.0326897 0.168903 0.797679
0 0.28101 0.609192 0.0441821 0.216714 0.768564
0 0.19289 0.383346 0.0365593 0.193827 0.766793
0 0.78783 0.0680562 0.0308467 0.132606 0.705712
0 0.609971 0.941471 0.0526737 0.117057 0.667391
0 0.43602 0.213392 0.0281439 0.162345 0.664966
0 0.499953 0.92969 0.0333564 0.14062 0.638486
0 0.800203 0.938455 0.0492379 0.123089 0.562465
0 0.124924 0.31017 0.0309119 0.164207 0.550804
0 0.201001 0.171702 0.0315271 0.175969 0.545511
0 0.756266 0.95212 0.0413897 0.0957603 0.525017
0 0.160458 0.200165 0.034814 0.183284 0.497719
0 0.253592 0.169122 0.0278544 0.163477 0.480382
0 0.845303 0.659911 0.0538006 0.20994 0.473746
0 0.232979 0.18005 0.0200815 0.13265 0.422261
0 0.644308 0.947041 0.037112 0.105918 0.412596
0 0.189796 0.979678 0.0244926 0.040643 0.406208
0 0.306859 0.187657 0.0292623 0.144617 0.380117
3 0.701374 0.19553 0.100328 0.102576 0.379363
0 0.376004 0.260995 0.0394698 0.128031 0.35456
0 0.8557 0.660544 0.0335142 0.207071 0.320501
26 0.149131 0.279369 0.0282704 0.0916176 0.319067
58 0.345857 0.305562 0.0489131 0.103812 0.314967
3 0.839928 0.598677 0.127134 0.148455 0.311037
58 0.810125 0.31162 0.0534493 0.140358 0.305325
