2 0.691119 0.410346 0.138981 0.235366 0.850571
0 0.916162 0.520971 0.0378416 0.195066 0.843452
0 0.226811 0.624914 0.0454792 0.218795 0.818221
0 0.284124 0.410902 0.0375381 0.202475 0.772885
0 0.504331 0.917308 0.0377584 0.165385 0.772727
0 0.103889 0.753182 0.0591878 0.246696 0.75192
0 0.490284 0.211465 0.0351996 0.169952 0.734576
0 0.595492 0.202083 0.0295647 0.163999 0.719466
0 0.243143 0.26841 0.0359187 0.189206 0.684476
0 0.420896 0.387154 0.0317951 0.179087 0.671661
0 0.324597 0.407002 0.0318797 0.170277 0.651774
0 0.733319 0.647407 0.0544788 0.228467 0.650343
0 0.0637464 0.702456 0.0433824 0.22368 0.58193
0 0.631732 0.194827 0.0265755 0.149097 0.5639
3 0.837187 0.611694 0.128215 0.151756 0.547908
0 0.126801 0.556186 0.0307334 0.189274 0.545493
0 0.835336 0.0623274 0.0264818 0.124655 0.484127
0 0.16351 0.193857 0.0272153 0.148146 0.445633
0 0.433817 0.200609 0.0416113 0.199369 0.441982
0 0.072262 0.583936 0.0415134 0.145138 0.433032
0 0.791496 0.098215 0.026992 0.0701418 0.338625
0 0.4467 0.386366 0.0236063 0.183032 0.331012
0 0.451887 0.389112 0.0308851 0.171861 0.275206
