2 0.691258 0.408645 0.138803 0.236582 0.895541
0 0.228611 0.794804 0.0457155 0.241618 0.866788
0 0.237127 0.338451 0.0398614 0.193339 0.858203
0 0.91629 0.520077 0.0381367 0.194702 0.840119
0 0.0713444 0.620779 0.0385948 0.227612 0.83829
0 0.470251 0.276326 0.0313443 0.172606 0.782398
0 0.291457 0.333701 0.0296133 0.18493 0.756462
0 0.570045 0.925507 0.0357431 0.145889 0.747797
0 0.561869 0.203865 0.0390911 0.16009 0.721836
0 0.733648 0.646225 0.0534218 0.224967 0.720488
0 0.318548 0.31932 0.0272917 0.162351 0.613145
0 0.103071 0.6752 0.0394158 0.191382 0.541599
3 0.837016 0.607201 0.129043 0.157411 0.540089
0 0.413224 0.307656 0.0289834 0.156608 0.522579
0 0.198759 0.173507 0.0324423 0.164643 0.50053
0 0.2651 0.251093 0.0278984 0.15673 0.491346
0 0.43992 0.312695 0.0315888 0.159111 0.483228
0 0.340267 0.771803 0.0262897 0.144339 0.481792
0 0.16287 0.190593 0.0269624 0.153715 0.460428
0 0.626927 0.219082 0.0272755 0.139339 0.424561
0 0.426629 0.199226 0.0329475 0.125997 0.394857
0 0.788199 0.0989709 0.02714 0.0691174 0.364068
0 0.375366 0.282419 0.0377463 0.183866 0.293732
