2 0.691346 0.411383 0.139127 0.235237 0.863553
0 0.915815 0.520902 0.0378679 0.193817 0.847568
0 0.292826 0.518683 0.0355868 0.191037 0.786535
0 0.196269 0.905362 0.050072 0.189275 0.780436
0 0.250384 0.507292 0.0352716 0.205458 0.770083
0 0.502078 0.919721 0.0390059 0.160558 0.767452
0 0.537506 0.156394 0.0315197 0.162 0.766534
0 0.501305 0.126181 0.0308025 0.159053 0.734701
0 0.183397 0.652674 0.0408348 0.230554 0.722244
0 0.136656 0.43895 0.0306864 0.169445 0.72061
0 0.79973 0.663191 0.0515221 0.224965 0.702033
0 0.218778 0.805072 0.0558721 0.14046 0.638531
0 0.896579 0.113431 0.0291698 0.144512 0.632801
0 0.22199 0.483403 0.0366625 0.207458 0.602593
0 0.567987 0.150858 0.0262115 0.146762 0.579849
0 0.43295 0.19711 0.0384797 0.203025 0.540334
0 0.480081 0.483902 0.0314625 0.172945 0.451192
0 0.451874 0.483971 0.0347229 0.190056 0.447403
1 0.861916 0.630518 0.0765678 0.106058 0.440474
0 0.768308 0.075414 0.0300951 0.126395 0.417998
0 0.257737 0.206964 0.0308529 0.176721 0.412324
0 0.466262 0.374541 0.0301991 0.071817 0.305684
3 0.70144 0.196392 0.0993802 0.103577 0.294017
0 0.197353 0.183686 0.0315511 0.1565 0.291288
1 0.665248 0.20273 0.0330635 0.0952365 0.26761
0 0.695033 0.0859583 0.0425032 0.166567 0.26209
1 0.682363 0.201408 0.06445 0.104057 0.257018
0 0.703748 0.283736 0.0191092 0.0396164 0.256548
