2 0.691132 0.409959 0.138857 0.233489 0.859607
0 0.915862 0.520655 0.0383324 0.194065 0.832877
0 0.315204 0.449642 0.0338248 0.183181 0.822416
0 0.0983906 0.637421 0.0488993 0.224085 0.796042
0 0.143728 0.81872 0.0489 0.236161 0.767867
0 0.272582 0.452619 0.0365432 0.20685 0.755567
0 0.223081 0.560843 0.0444024 0.211807 0.741062
0 0.508347 0.922172 0.0400919 0.150181 0.740051
0 0.860929 0.0787493 0.027878 0.135672 0.706198
0 0.568017 0.186976 0.0294195 0.164938 0.677372
0 0.505484 0.176593 0.0337304 0.171723 0.676412
0 0.750885 0.639387 0.0419804 0.229316 0.675627
0 0.607195 0.173316 0.0296243 0.163485 0.646579
0 0.470116 0.422 0.0357691 0.173155 0.594005
0 0.130985 0.510237 0.0323582 0.179262 0.588664
3 0.837904 0.615257 0.125496 0.147191 0.543007
0 0.435143 0.420039 0.036029 0.188861 0.526081
0 0.255061 0.240502 0.0380547 0.181835 0.509811
0 0.134735 0.69158 0.0437522 0.117893 0.503107
3 0.700686 0.196706 0.102246 0.102553 0.477594
0 0.428669 0.217534 0.0316439 0.155243 0.38606
0 0.782286 0.109228 0.0271334 0.130409 0.351456
0 0.163235 0.195561 0.0266775 0.148513 0.317815
1 0.692725 0.199075 0.0859064 0.108374 0.293358
0 0.474018 0.175154 0.0283361 0.141749 0.286117
0 0.782217 0.0883663 0.0262629 0.086842 0.265631
