0 0.48807 0.55446 0.0363409 0.203592 0.862405
0 0.166242 0.701812 0.0446002 0.232003 0.861068
0 0.74168 0.95223 0.0486073 0.0955405 0.846226
0 0.914975 0.518639 0.039745 0.192763 0.844199
2 0.691277 0.409969 0.139012 0.234755 0.83889
0 0.533658 0.54047 0.0359053 0.210734 0.806973
0 0.240977 0.374765 0.0337076 0.184241 0.75103
0 0.847751 0.658043 0.0501873 0.214019 0.731314
0 0.486609 0.935214 0.039456 0.129572 0.708286
0 0.435605 0.209523 0.0352842 0.162078 0.629701
0 0.745572 0.0830429 0.0332224 0.138841 0.605377
0 0.835893 0.0762316 0.0272099 0.11297 0.591973
0 0.580697 0.064134 0.0268627 0.127086 0.5466
0 0.88983 0.115502 0.0279152 0.149394 0.506926
0 0.695347 0.0848453 0.0440838 0.165331 0.477348
0 0.200559 0.37476 0.0285219 0.158422 0.477247
0 0.261 0.224002 0.0351493 0.179423 0.352869
0 0.228894 0.223642 0.0264356 0.149928 0.344785
0 0.183251 0.24254 0.036705 0.186455 0.326033
3 0.809098 0.606747 0.0698624 0.133149 0.298464
1 0.704561 0.196475 0.0936547 0.102563 0.290499
0 0.375941 0.256165 0.0384968 0.118214 0.281991
0 0.195809 0.372276 0.0395868 0.167164 0.270329
1 0.722366 0.197104 0.058617 0.0919448 0.269968
0 0.133884 0.194197 0.0300544 0.150953 0.268757
3 0.800556 0.617346 0.0503286 0.0996804 0.25663
58 0.80957 0.288866 0.0532394 0.0961118 0.251012
