2 0.691678 0.409544 0.138791 0.234777 0.83898
0 0.251859 0.292312 0.0361926 0.183294 0.793251
0 0.915797 0.520137 0.038176 0.194186 0.791272
0 0.208753 0.727 0.0412039 0.222193 0.78036
0 0.161779 0.710876 0.0497178 0.238359 0.765247
0 0.481271 0.647099 0.0435302 0.224423 0.742102
0 0.548805 0.927841 0.0437595 0.144319 0.74054
0 0.538733 0.0854414 0.0287771 0.145215 0.714404
0 0.421039 0.644013 0.0365461 0.231454 0.699943
0 0.522315 0.655984 0.0399126 0.205663 0.67755
0 0.898401 0.168264 0.0351133 0.159128 0.665587
0 0.720708 0.578008 0.0369051 0.181966 0.651265
0 0.503412 0.0735804 0.0297959 0.146204 0.610603
0 0.835721 0.682883 0.0308334 0.21779 0.5809
0 0.427378 0.216464 0.031448 0.158591 0.531318
0 0.890252 0.426071 0.0328831 0.165711 0.526503
3 0.835989 0.599416 0.127412 0.158722 0.452405
3 0.701088 0.195471 0.100875 0.0998808 0.445171
0 0.161224 0.193236 0.0321246 0.149077 0.427036
0 0.927176 0.220952 0.0257994 0.15752 0.405579
0 0.98387 0.461363 0.0315735 0.18076 0.38415
0 0.0657752 0.422042 0.040377 0.14637 0.362266
0 0.251035 0.132068 0.0331799 0.163416 0.343524
0 0.459506 0.0643574 0.0196731 0.127613 0.339046
1 0.87197 0.626128 0.0558308 0.113457 0.338612
0 0.197282 0.18527 0.0335798 0.147365 0.326372
0 0.695761 0.0845264 0.0409527 0.165098 0.306874
0 0.891365 0.390639 0.0299267 0.0958828 0.304306
58 0.809633 0.285148 0.0538753 0.0879878 0.297744
0 0.235265 0.180603 0.0196324 0.140799 0.258823
