2 0.691282 0.409026 0.138346 0.234101 0.882803
0 0.235652 0.404652 0.0422316 0.207691 0.881995
0 0.227249 0.907052 0.0519185 0.185897 0.833084
0 0.91638 0.520015 0.0377933 0.194614 0.832119
0 0.635339 0.944867 0.0452525 0.110266 0.817706
0 0.0721907 0.621893 0.040199 0.227308 0.755265
0 0.531067 0.255273 0.030636 0.177411 0.740637
0 0.27716 0.278432 0.0404851 0.180878 0.720925
0 0.73273 0.643357 0.0533754 0.227033 0.720353
0 0.760637 0.27323 0.0318844 0.167618 0.701644
0 0.026136 0.777291 0.0397325 0.215069 0.682724
0 0.413349 0.257589 0.0275557 0.160642 0.607623
0 0.430104 0.210989 0.0251398 0.147378 0.492583
0 0.165159 0.191557 0.0298244 0.151273 0.473414
0 0.452303 0.248851 0.0263979 0.169993 0.465986
0 0.476455 0.257887 0.0249969 0.145691 0.431781
0 0.198381 0.173762 0.0336427 0.165218 0.417154
3 0.837015 0.60801 0.127878 0.155693 0.413019
0 0.788199 0.0997116 0.0277309 0.0691231 0.410497
58 0.810346 0.309251 0.05263 0.135947 0.359396
0 0.663728 0.217141 0.0350618 0.155229 0.338481
0 0.122956 0.191997 0.0282502 0.138241 0.311077
0 0.261715 0.173111 0.0296634 0.11757 0.291149
0 0.341276 0.771989 0.0249542 0.14729 0.285966
0 0.238813 0.0911091 0.0272075 0.14229 0.283056
0 0.697211 0.243033 0.0416635 0.111338 0.280861
58 0.345022 0.310642 0.0464927 0.114861 0.273985
0 0.374531 0.25552 0.0351228 0.124095 0.26923
0 0.457876 0.251953 0.035485 0.16738 0.262473
2 0.0625341 0.343493 0.0723439 0.162247 0.261171
