0 0.915829 0.52042 0.0381689 0.196038 0.847748
2 0.691315 0.410827 0.138881 0.235161 0.845399
0 0.274893 0.434661 0.0378424 0.198614 0.797458
0 0.57643 0.192584 0.0304488 0.165458 0.745854
0 0.320632 0.439089 0.0305833 0.181166 0.713414
0 0.223639 0.590562 0.0442291 0.223832 0.696639
0 0.741171 0.644114 0.0643332 0.232205 0.69414
0 0.503475 0.916582 0.034577 0.162143 0.680892
0 0.848708 0.0752539 0.0321533 0.135354 0.675593
0 0.130712 0.793313 0.0470249 0.231548 0.674928
0 0.129304 0.527691 0.0338196 0.182675 0.658654
0 0.252446 0.253744 0.0388123 0.193105 0.656623
0 0.0852497 0.634476 0.0448562 0.220469 0.654253
0 0.614544 0.18085 0.0282137 0.150763 0.648183
0 0.429251 0.410885 0.0338348 0.18402 0.577927
0 0.502715 0.186381 0.0301607 0.161331 0.563029
3 0.837857 0.611216 0.127515 0.154255 0.550054
0 0.464321 0.414515 0.0312934 0.176479 0.44441
0 0.111342 0.680265 0.0405401 0.139826 0.441096
3 0.70132 0.19611 0.100966 0.101301 0.435543
0 0.111155 0.713028 0.0386069 0.202654 0.405908
0 0.428817 0.218418 0.0327599 0.156674 0.382891
0 0.783568 0.116003 0.0273283 0.116106 0.356851
0 0.745167 0.640363 0.0438025 0.237595 0.317675
0 0.162661 0.193328 0.0261831 0.15128 0.309718
0 0.694808 0.0884347 0.0435318 0.171323 0.272072
