2 0.69151 0.408257 0.138828 0.237061 0.903351
0 0.916688 0.520228 0.0379351 0.194204 0.828716
0 0.223074 0.45572 0.0479301 0.21719 0.815358
0 0.0159686 0.871894 0.0319372 0.230861 0.768126
0 0.0725203 0.623371 0.0430449 0.225995 0.761889
0 0.625339 0.952278 0.0330105 0.0954437 0.661724
0 0.42814 0.217439 0.0324237 0.165031 0.646854
0 0.97247 0.316168 0.0362465 0.170417 0.62324
0 0.844229 0.302405 0.0306301 0.161396 0.616174
0 0.736511 0.641866 0.0611389 0.228626 0.60587
0 0.284833 0.239053 0.0293919 0.173539 0.601519
0 0.528327 0.26824 0.0345334 0.159483 0.559615
0 0.491633 0.218905 0.0297483 0.155186 0.548251
0 0.727156 0.634994 0.0424603 0.212226 0.544237
0 0.468424 0.213641 0.0270874 0.165779 0.529376
0 0.549303 0.221297 0.034583 0.154578 0.526356
3 0.836722 0.608285 0.129138 0.156125 0.512823
0 0.199413 0.177106 0.0311808 0.159936 0.486846
0 0.119229 0.430239 0.0324144 0.17396 0.338885
58 0.346018 0.309629 0.04897 0.113502 0.310073
0 0.787728 0.0995102 0.027453 0.0674614 0.305557
0 0.740847 0.297596 0.037586 0.166601 0.304637
0 0.161898 0.190239 0.0269141 0.151204 0.293248
