2 0.691362 0.409499 0.138948 0.23596 0.810117
0 0.420369 0.6631 0.0450283 0.227138 0.763675
0 0.915502 0.518293 0.0345921 0.191469 0.732504
0 0.14818 0.90816 0.0484731 0.183681 0.712566
0 0.888398 0.343712 0.0381451 0.181639 0.70457
0 0.954971 0.299095 0.0344089 0.160912 0.68269
0 0.546481 0.934353 0.0532486 0.131293 0.679289
0 0.591473 0.851805 0.0414478 0.22312 0.669825
0 0.790421 0.0666411 0.0314241 0.128555 0.65828
0 0.214456 0.288984 0.0331783 0.179689 0.651759
0 0.547944 0.820861 0.0401544 0.191266 0.621468
0 0.42944 0.192085 0.0381095 0.208657 0.588378
3 0.700653 0.194552 0.102452 0.103964 0.547193
0 0.254152 0.166783 0.0326514 0.164433 0.521699
0 0.846178 0.65807 0.0399818 0.215077 0.489227
0 0.0866735 0.363639 0.0257874 0.153871 0.466515
0 0.161966 0.179442 0.0318326 0.179118 0.465346
0 0.467711 0.0530793 0.0253121 0.0948776 0.445646
0 0.116162 0.363098 0.0342359 0.165159 0.416495
0 0.879387 0.0668666 0.0296417 0.133733 0.390376
0 0.695459 0.085489 0.0419409 0.168437 0.36618
0 0.498618 0.0442339 0.0237602 0.0827505 0.335896
0 0.203209 0.16137 0.0314332 0.142421 0.328081
0 0.376291 0.258096 0.0394354 0.125096 0.30871
0 0.337591 0.782509 0.0305643 0.134308 0.286436
58 0.34469 0.306297 0.0468345 0.108122 0.27454
3 0.840422 0.610244 0.128228 0.131872 0.258242
