2 0.691464 0.411133 0.138915 0.237487 0.840599
0 0.216736 0.580849 0.0416826 0.213261 0.824708
0 0.916303 0.520021 0.0383869 0.193439 0.818237
0 0.549556 0.130869 0.0313509 0.152529 0.765828
0 0.262924 0.596969 0.0357088 0.211463 0.741747
0 0.519039 0.927928 0.0397558 0.142193 0.718919
0 0.840176 0.695179 0.0478317 0.232033 0.718551
0 0.244564 0.39889 0.0375484 0.199419 0.696864
0 0.926904 0.15327 0.0287596 0.149806 0.693474
0 0.492842 0.542664 0.0393343 0.189546 0.689511
0 0.556549 0.48853 0.0403708 0.182733 0.663264
0 0.290446 0.643347 0.0489311 0.216859 0.656898
0 0.281571 0.929141 0.0486227 0.141719 0.649431
0 0.513518 0.125549 0.0318275 0.161125 0.640083
0 0.258353 0.969372 0.0476868 0.0612564 0.617103
0 0.858144 0.0728039 0.0299522 0.145191 0.616409
0 0.459948 0.54108 0.0355524 0.203615 0.584466
0 0.249302 0.170651 0.0354635 0.173705 0.529929
0 0.959375 0.537687 0.0356466 0.218385 0.503733
0 0.428849 0.219794 0.0295876 0.156146 0.381266
1 0.70323 0.198489 0.0966636 0.0976966 0.353835
0 0.975586 0.133179 0.0320972 0.140708 0.350461
0 0.833254 0.691075 0.0335831 0.219981 0.349144
58 0.80945 0.287715 0.0531068 0.0916846 0.328756
0 0.694948 0.0879692 0.0423271 0.170883 0.313557
3 0.701195 0.195552 0.0999474 0.101844 0.283986
0 0.496978 0.0780675 0.0296759 0.151297 0.26066
