2 0.691279 0.410638 0.138975 0.232853 0.866249
0 0.915966 0.520872 0.0383371 0.196331 0.854308
0 0.242233 0.286441 0.0388698 0.18953 0.777786
0 0.229396 0.664029 0.0451117 0.220343 0.773612
0 0.0667567 0.714756 0.0519152 0.218574 0.767586
0 0.132136 0.584703 0.0316195 0.186499 0.743789
0 0.519536 0.922658 0.0312884 0.151111 0.738926
0 0.28511 0.394248 0.0415043 0.194642 0.737174
0 0.613387 0.212514 0.0290728 0.169006 0.70119
0 0.482093 0.228577 0.0343946 0.172062 0.697982
0 0.329409 0.376612 0.0296064 0.156004 0.687594
0 0.734726 0.643421 0.0540867 0.230196 0.606844
0 0.410416 0.367194 0.0306392 0.179404 0.543644
0 0.066345 0.569436 0.0310795 0.126766 0.536144
3 0.836747 0.613103 0.127251 0.150083 0.533417
0 0.729332 0.635777 0.0410376 0.211418 0.517092
0 0.429847 0.217992 0.0336079 0.160123 0.489738
0 0.0172948 0.667491 0.0345039 0.219395 0.47988
0 0.163997 0.192514 0.0275068 0.154016 0.463522
0 0.644399 0.207746 0.0350512 0.158305 0.45891
0 0.197003 0.177509 0.0324822 0.160221 0.435871
0 0.438146 0.373915 0.0286891 0.167929 0.410707
0 0.551365 0.191756 0.0294883 0.127355 0.404863
0 0.285985 0.197051 0.0319853 0.142906 0.392495
0 0.790097 0.101393 0.0302071 0.0695024 0.365683
