0 0.180466 0.900361 0.0555254 0.192358 0.828857
2 0.691407 0.409551 0.13885 0.235955 0.825311
0 0.150701 0.933654 0.0434091 0.131949 0.800811
0 0.880085 0.320758 0.0364265 0.175169 0.797437
0 0.567496 0.878273 0.0433878 0.231372 0.773402
0 0.390643 0.652805 0.0459241 0.233713 0.724157
0 0.213803 0.313233 0.0329523 0.177556 0.692318
0 0.913776 0.522254 0.0386337 0.195716 0.68168
0 0.976182 0.318059 0.0368946 0.164659 0.677555
0 0.542699 0.928437 0.0355228 0.141542 0.647826
0 0.787008 0.0670749 0.0301296 0.130743 0.638153
0 0.609665 0.883177 0.0442633 0.219494 0.635536
3 0.700945 0.19498 0.101285 0.10302 0.56556
0 0.438528 0.177027 0.03521 0.23174 0.552672
0 0.846299 0.657465 0.0565975 0.212589 0.494787
0 0.260903 0.155083 0.0273131 0.169724 0.455952
0 0.0948058 0.336888 0.0327854 0.182121 0.45324
0 0.202287 0.163903 0.0292182 0.14907 0.450018
0 0.1634 0.181722 0.0308977 0.181734 0.440624
0 0.871951 0.0600447 0.0262836 0.12003 0.404968
0 0.695116 0.0862372 0.0419529 0.168739 0.350335
3 0.840747 0.598727 0.126503 0.152026 0.339254
0 0.232279 0.131223 0.0227302 0.143969 0.277646
58 0.810672 0.31189 0.0523993 0.141308 0.266005
0 0.376048 0.261471 0.0386288 0.124208 0.260818
0 0.83127 0.0614502 0.0270348 0.120629 0.256641
58 0.34506 0.306034 0.0474398 0.109461 0.252924
