2 0.690687 0.409231 0.13842 0.23546 0.839497
0 0.459644 0.932228 0.0430873 0.135545 0.823709
0 0.918006 0.51777 0.0437187 0.195798 0.798412
0 0.218289 0.61463 0.0322791 0.225879 0.764762
0 0.172582 0.45808 0.0371794 0.200982 0.753582
0 0.656469 0.870025 0.0456535 0.240093 0.753555
0 0.704348 0.848093 0.0446238 0.246715 0.733089
0 0.265236 0.214974 0.0311031 0.161908 0.644101
0 0.786968 0.0675562 0.0321327 0.133559 0.633883
0 0.851335 0.206976 0.0345467 0.171386 0.557516
0 0.148392 0.27135 0.0298822 0.184742 0.534775
0 0.427942 0.207537 0.0286123 0.159 0.525132
0 0.84519 0.658661 0.0556957 0.212183 0.446288
0 0.235014 0.219873 0.0238751 0.142748 0.420104
0 0.541522 0.0395747 0.0207455 0.0759044 0.417083
58 0.345804 0.306392 0.0480861 0.108884 0.329059
3 0.703226 0.192583 0.0982023 0.101079 0.318802
0 0.173054 0.274423 0.0299016 0.163423 0.27631
