0 0.180547 0.648138 0.0452374 0.231034 0.843728
0 0.255309 0.340864 0.0378421 0.18903 0.780532
0 0.238749 0.661155 0.0340608 0.216434 0.744477
0 0.915524 0.519403 0.0375401 0.193619 0.742081
0 0.538057 0.106075 0.0303082 0.146444 0.741497
0 0.532494 0.923756 0.0420532 0.151152 0.74119
2 0.690713 0.412141 0.138056 0.238633 0.73965
0 0.467225 0.588382 0.0392176 0.204965 0.722091
0 0.504576 0.5992 0.0369693 0.197399 0.70827
0 0.871549 0.11939 0.0299082 0.152598 0.67616
0 0.630977 0.541154 0.0427835 0.187113 0.661175
0 0.509413 0.0997268 0.028978 0.14612 0.644748
0 0.857208 0.687339 0.0354237 0.213622 0.605052
0 0.428383 0.217246 0.0320801 0.160468 0.601404
0 0.937776 0.180618 0.0310774 0.16136 0.598032
0 0.260873 0.151971 0.0381845 0.175408 0.593376
3 0.838972 0.597699 0.128638 0.165264 0.525841
0 0.38582 0.0639508 0.0253342 0.127902 0.452332
3 0.700876 0.194223 0.10148 0.104356 0.440779
0 0.233339 0.165485 0.0241054 0.155235 0.423096
0 0.160321 0.193843 0.0298491 0.145795 0.357638
0 0.694897 0.0863546 0.0416654 0.16761 0.344063
0 0.12986 0.20302 0.0299125 0.14844 0.333644
0 0.939741 0.156842 0.0344151 0.210373 0.331173
0 0.444498 0.0584086 0.0320081 0.115316 0.295928
0 0.876397 0.120661 0.0253662 0.150495 0.274536
58 0.809675 0.284578 0.0527924 0.0865288 0.264824
