2 0.691381 0.412477 0.139161 0.24128 0.825653
0 0.915247 0.520312 0.0428436 0.198689 0.820375
0 0.263326 0.607694 0.0388199 0.221653 0.819857
0 0.859851 0.255577 0.0315796 0.168483 0.758898
0 0.192151 0.385683 0.036851 0.187079 0.750468
0 0.746804 0.942288 0.0462797 0.115402 0.735624
0 0.493545 0.929634 0.0354203 0.140731 0.695213
0 0.609889 0.945372 0.0487684 0.109257 0.674276
0 0.436091 0.213539 0.0280632 0.163488 0.650229
0 0.787492 0.0679226 0.0302145 0.132742 0.641825
0 0.255748 0.171301 0.0292046 0.167353 0.553485
0 0.126048 0.30847 0.0281653 0.154088 0.528324
0 0.202562 0.173602 0.0352622 0.175117 0.494885
0 0.790119 0.935673 0.0475895 0.128654 0.480159
0 0.844913 0.659892 0.0541294 0.210239 0.47626
3 0.700972 0.195286 0.100854 0.0996913 0.400284
0 0.161909 0.192905 0.0323646 0.151403 0.364636
0 0.645949 0.952284 0.0335398 0.0954325 0.359285
0 0.306166 0.188079 0.0298951 0.147855 0.357272
0 0.153926 0.303153 0.0279936 0.160774 0.347581
0 0.376544 0.261828 0.0405537 0.127755 0.330884
3 0.840159 0.598998 0.127254 0.149743 0.305282
58 0.346538 0.308209 0.0500088 0.108202 0.278032
2 0.0584198 0.335697 0.0611068 0.142614 0.266312
0 0.648707 0.970973 0.0282606 0.0580531 0.259053
58 0.809418 0.31184 0.0536448 0.141732 0.258163
0 0.85478 0.658946 0.0362711 0.204691 0.251847
0 0.40343 0.120054 0.0246791 0.160896 0.251397
