2 0.691245 0.410583 0.139063 0.233679 0.876912
0 0.915866 0.520761 0.0379425 0.196183 0.844397
0 0.13476 0.600658 0.0331952 0.195461 0.755802
0 0.240327 0.290274 0.0387819 0.188268 0.753263
0 0.523261 0.924567 0.0350773 0.145912 0.740203
0 0.287533 0.387932 0.038459 0.199183 0.73921
0 0.0579271 0.711212 0.0517669 0.228779 0.690907
0 0.328449 0.373909 0.0310515 0.164769 0.673056
0 0.231477 0.679497 0.048563 0.227127 0.664105
0 0.734102 0.643273 0.0541964 0.231409 0.659464
0 0.619972 0.215855 0.0326363 0.16508 0.591281
0 0.409722 0.362911 0.033944 0.186307 0.583525
3 0.837196 0.611053 0.127477 0.151873 0.505018
0 0.42903 0.222072 0.0341676 0.168382 0.473445
0 0.478161 0.227475 0.0339716 0.170789 0.444124
0 0.647963 0.213664 0.0301584 0.146417 0.436422
0 0.0677767 0.583661 0.0342682 0.148447 0.42388
0 0.558527 0.198153 0.0292141 0.141227 0.404525
0 0.164529 0.195871 0.0269233 0.150291 0.387551
0 0.789058 0.101971 0.0294624 0.069495 0.373767
0 0.288448 0.201593 0.0348098 0.153695 0.328182
0 0.198251 0.177886 0.0316486 0.159197 0.316968
3 0.709705 0.195407 0.084441 0.0939401 0.311011
0 0.788578 0.13234 0.0303738 0.130335 0.285596
