2 0.691153 0.41029 0.139232 0.233859 0.853342
0 0.915879 0.520565 0.0380081 0.196112 0.848506
0 0.506932 0.918209 0.0361701 0.162736 0.769531
0 0.2821 0.406898 0.0360708 0.194764 0.764894
0 0.229902 0.646455 0.0472654 0.227746 0.749947
0 0.488668 0.218444 0.036541 0.171931 0.749395
0 0.600404 0.205991 0.0283932 0.163882 0.749373
0 0.0923057 0.73365 0.0556024 0.228373 0.721854
0 0.0527361 0.690746 0.0485394 0.222555 0.677681
0 0.242386 0.272178 0.0358535 0.186707 0.657592
0 0.733925 0.645471 0.0536824 0.230591 0.651295
0 0.416587 0.381482 0.0395285 0.17883 0.603463
0 0.326485 0.40217 0.0312099 0.167367 0.596793
0 0.128488 0.564274 0.0292672 0.186234 0.558764
3 0.836889 0.612296 0.128006 0.152575 0.544502
0 0.0697715 0.579327 0.0425992 0.137121 0.537349
0 0.633574 0.202045 0.0271215 0.146584 0.520039
0 0.445335 0.387526 0.031834 0.166687 0.467203
0 0.428463 0.220917 0.0326278 0.160567 0.438883
0 0.791065 0.100929 0.0282924 0.0713369 0.35268
0 0.163383 0.193538 0.0263776 0.148757 0.339321
1 0.690802 0.200809 0.0823109 0.105388 0.292867
