2 0.69125 0.409906 0.138956 0.23463 0.872225
0 0.916058 0.521172 0.0381666 0.196122 0.854999
0 0.229297 0.657244 0.041561 0.22401 0.80336
0 0.0744757 0.724095 0.0579433 0.224258 0.763719
0 0.242498 0.285624 0.0396327 0.188529 0.763337
0 0.516876 0.922313 0.0312055 0.150631 0.761476
0 0.283288 0.397478 0.0379611 0.19698 0.75852
0 0.609849 0.211893 0.0303171 0.168735 0.72084
0 0.131996 0.578877 0.0308899 0.184341 0.707167
0 0.484251 0.225508 0.0336546 0.170705 0.704133
0 0.329175 0.378879 0.0301082 0.146911 0.671315
0 0.0226802 0.671214 0.0447433 0.218683 0.635862
0 0.734958 0.643494 0.0547804 0.230164 0.630175
0 0.411117 0.367266 0.032784 0.180648 0.577039
0 0.0679297 0.575601 0.0333425 0.140681 0.56698
0 0.640458 0.204665 0.0305628 0.149173 0.558496
3 0.83697 0.612663 0.127199 0.150005 0.536593
0 0.440343 0.376645 0.029088 0.171806 0.493667
0 0.729885 0.635906 0.0384434 0.218777 0.439075
0 0.428441 0.217428 0.03129 0.157051 0.431195
0 0.163867 0.193151 0.0270443 0.155467 0.400968
0 0.789996 0.102058 0.0292559 0.0710978 0.35747
0 0.547553 0.19298 0.0307421 0.135894 0.356714
0 0.197175 0.179751 0.0324968 0.157835 0.313866
0 0.283447 0.194862 0.0240819 0.149818 0.282357
58 0.810698 0.283419 0.0531136 0.0809996 0.260086
