2 0.69146 0.408473 0.138673 0.237849 0.884541
0 0.240695 0.369717 0.0440064 0.209189 0.872079
0 0.226967 0.858916 0.0518802 0.249405 0.852515
0 0.916386 0.519829 0.0377827 0.193949 0.831825
0 0.504473 0.276318 0.0287629 0.165785 0.778107
0 0.60901 0.215958 0.0394602 0.156763 0.772533
0 0.609599 0.933231 0.0393208 0.133537 0.739879
0 0.0724635 0.622383 0.0376031 0.230707 0.71278
0 0.288782 0.307806 0.0421017 0.18772 0.711183
0 0.0470258 0.723969 0.0419023 0.211228 0.698851
0 0.733395 0.645697 0.0536415 0.225262 0.698072
0 0.199743 0.173761 0.0333088 0.167818 0.568064
3 0.837153 0.607084 0.129068 0.157692 0.48866
0 0.430961 0.274918 0.0323251 0.1695 0.475458
0 0.73687 0.253429 0.0453865 0.174607 0.444229
0 0.660747 0.228845 0.0341907 0.138061 0.427322
0 0.264262 0.218789 0.0294922 0.160536 0.423329
0 0.788176 0.099599 0.0276678 0.0679129 0.404239
0 0.165883 0.187461 0.0300528 0.160848 0.402868
0 0.119868 0.180859 0.0293724 0.148881 0.26076
0 0.455416 0.284041 0.0257847 0.147893 0.254348
0 0.340614 0.768842 0.0253199 0.141215 0.254113
