0 0.691715 0.88271 0.0506042 0.232113 0.857494
2 0.691414 0.409061 0.138846 0.235542 0.837075
0 0.181756 0.78046 0.0437794 0.235251 0.824217
0 0.46652 0.475906 0.033201 0.194475 0.814896
0 0.914468 0.518633 0.0403328 0.192192 0.811133
0 0.511342 0.464039 0.0398915 0.204484 0.804286
0 0.49185 0.940905 0.0407879 0.118191 0.78758
0 0.226936 0.432667 0.0398187 0.198581 0.772776
0 0.854143 0.141411 0.0273197 0.146436 0.746121
0 0.935874 0.737271 0.0408005 0.229193 0.732689
0 0.190485 0.43512 0.0342149 0.164953 0.727112
0 0.847187 0.65789 0.0501204 0.210248 0.703995
0 0.599495 0.117282 0.0292594 0.147021 0.669249
0 0.913331 0.174628 0.0264097 0.163453 0.643062
0 0.256094 0.269617 0.0354099 0.179637 0.441292
0 0.434998 0.208375 0.0316021 0.160568 0.42392
1 0.697857 0.197233 0.0929434 0.107086 0.415666
0 0.182248 0.241061 0.0403971 0.176578 0.410098
0 0.694929 0.0869285 0.0435335 0.170405 0.38886
0 0.783103 0.175196 0.0279316 0.147233 0.362105
0 0.207577 0.273037 0.0269536 0.140558 0.325421
3 0.803649 0.605362 0.05977 0.12915 0.307356
3 0.801087 0.618327 0.0509338 0.100756 0.293684
58 0.810923 0.306904 0.0527355 0.133264 0.257471
0 0.137662 0.189488 0.026887 0.164903 0.255031
58 0.809869 0.283099 0.0522821 0.0844315 0.250061
