0 0.914234 0.51895 0.0408579 0.194567 0.854892
0 0.538411 0.563244 0.0472151 0.215087 0.832766
2 0.691379 0.409851 0.139054 0.237256 0.831931
0 0.494868 0.576151 0.0352822 0.212397 0.826669
0 0.16356 0.676566 0.0441478 0.220054 0.810452
0 0.47709 0.936725 0.041662 0.126549 0.789417
0 0.240832 0.36324 0.0332345 0.171983 0.753734
0 0.847738 0.659111 0.0499298 0.215828 0.709137
0 0.198928 0.363767 0.0343063 0.157782 0.634186
0 0.886257 0.105718 0.0257429 0.146662 0.619151
0 0.435296 0.208745 0.0370902 0.160734 0.602809
0 0.747594 0.969612 0.0444078 0.0607751 0.57457
0 0.744963 0.0856592 0.0301889 0.14643 0.530747
0 0.261296 0.214379 0.0326544 0.176166 0.524664
0 0.578225 0.0573354 0.0284103 0.114286 0.469897
0 0.234109 0.217418 0.0265817 0.160616 0.409465
0 0.695347 0.0859055 0.0443184 0.166976 0.400119
0 0.799336 0.0624864 0.0303438 0.110987 0.374322
0 0.178005 0.242488 0.0319928 0.168969 0.361036
1 0.723575 0.197589 0.0557726 0.0891339 0.343338
0 0.833154 0.0712701 0.0236774 0.111554 0.326394
0 0.376023 0.259329 0.0380743 0.128699 0.313118
1 0.704068 0.196768 0.0946735 0.0989521 0.281996
0 0.135426 0.192631 0.0292429 0.156383 0.252399
