2 0.691289 0.410327 0.139412 0.238196 0.805278
0 0.191215 0.926064 0.0558926 0.144946 0.798092
0 0.913865 0.518965 0.0425556 0.19189 0.781567
0 0.206321 0.346939 0.0343529 0.178888 0.72599
0 0.153472 0.958689 0.0449076 0.0826213 0.724972
0 0.87712 0.297346 0.0344872 0.16713 0.716604
0 0.586 0.906677 0.0431723 0.186646 0.69667
0 0.535973 0.936599 0.0325928 0.126802 0.659838
0 0.787697 0.0668761 0.0302488 0.130334 0.649214
0 0.634378 0.912636 0.0432077 0.174729 0.621993
0 0.989332 0.338673 0.0205421 0.19419 0.578528
3 0.700545 0.194118 0.102451 0.104039 0.544036
0 0.844519 0.659208 0.0581673 0.212465 0.466279
0 0.102971 0.331528 0.026436 0.172647 0.444735
0 0.201306 0.176952 0.0294183 0.175011 0.43393
0 0.16313 0.19102 0.0292436 0.157152 0.422409
0 0.238113 0.142366 0.026628 0.158371 0.409271
0 0.85883 0.0503332 0.0285454 0.0974389 0.406165
0 0.695547 0.0863565 0.0426092 0.169793 0.394898
0 0.266573 0.13667 0.0293281 0.194454 0.368187
58 0.809439 0.3082 0.0522989 0.131846 0.311145
2 0.0590477 0.336072 0.062401 0.144627 0.305447
0 0.436126 0.214002 0.026214 0.158456 0.300969
0 0.85535 0.65804 0.0386885 0.211677 0.279349
3 0.841656 0.599264 0.124221 0.149481 0.274898
58 0.345747 0.305743 0.0486995 0.107182 0.25924
