2 0.691264 0.409883 0.138379 0.236336 0.852699
0 0.156772 0.715067 0.0497128 0.233155 0.832251
0 0.250796 0.284644 0.0382919 0.178576 0.823487
0 0.203738 0.73353 0.0417428 0.21591 0.755345
0 0.914737 0.519215 0.0397999 0.192968 0.753334
0 0.55246 0.926999 0.0441066 0.146002 0.751354
0 0.482364 0.65594 0.041814 0.2206 0.742562
0 0.523333 0.66087 0.0402362 0.199621 0.71284
0 0.53812 0.0833225 0.0287746 0.141091 0.710477
0 0.426359 0.643513 0.0369028 0.228323 0.701491
0 0.927178 0.221034 0.0349586 0.157361 0.628301
0 0.503358 0.0722962 0.0281579 0.144592 0.618876
0 0.46335 0.0629334 0.0260893 0.125867 0.557871
0 0.426616 0.21616 0.0312542 0.160318 0.533562
0 0.886314 0.422115 0.0336538 0.167868 0.512882
0 0.901914 0.175102 0.0293047 0.157153 0.480287
0 0.983713 0.458684 0.0319859 0.194484 0.45691
3 0.835694 0.605838 0.125588 0.152544 0.453124
0 0.161829 0.194842 0.0314039 0.150419 0.424327
3 0.701519 0.194427 0.0998565 0.0968514 0.365282
0 0.250979 0.124797 0.032233 0.158054 0.359857
0 0.197227 0.186349 0.0349602 0.148585 0.330842
0 0.070022 0.420949 0.0304315 0.149871 0.324988
0 0.234412 0.180271 0.0202434 0.136829 0.313332
58 0.345767 0.306115 0.048099 0.111495 0.287285
58 0.809645 0.282094 0.0532352 0.0821366 0.268414
0 0.33737 0.778863 0.0317963 0.146606 0.251503
