2 0.691272 0.40854 0.139133 0.235781 0.846352
0 0.915743 0.518608 0.0378408 0.193884 0.843109
0 0.563007 0.616072 0.049398 0.225887 0.82798
0 0.518315 0.629288 0.0350661 0.214299 0.818345
0 0.16273 0.630206 0.0409082 0.21767 0.806079
0 0.784346 0.107054 0.0296535 0.131029 0.727038
0 0.84667 0.658537 0.0517014 0.212147 0.718978
0 0.469136 0.934906 0.0371636 0.130188 0.706234
0 0.242901 0.327055 0.032649 0.178375 0.648676
0 0.867188 0.0703759 0.025288 0.136905 0.61792
0 0.212709 0.334615 0.0294976 0.163543 0.574796
0 0.429908 0.208161 0.0338821 0.164981 0.564538
0 0.261413 0.183486 0.0308915 0.1791 0.519333
0 0.752037 0.104843 0.0275214 0.139709 0.475908
0 0.169671 0.24887 0.0293169 0.163762 0.46476
0 0.694852 0.085066 0.0431549 0.165912 0.429711
0 0.56861 0.0398586 0.0257793 0.0735718 0.420397
3 0.701878 0.193681 0.101425 0.107529 0.390178
0 0.234608 0.188047 0.0247725 0.151456 0.284488
58 0.80938 0.29352 0.0532988 0.107659 0.282139
0 0.336891 0.784101 0.0315971 0.136281 0.267141
1 0.722747 0.1965 0.0580936 0.0911762 0.264373
58 0.345245 0.305767 0.0474051 0.107707 0.253964
