2 0.691256 0.408791 0.1393 0.233659 0.86135
0 0.541418 0.666796 0.0394746 0.212398 0.838541
0 0.915679 0.518741 0.0377516 0.194249 0.833705
0 0.57988 0.646933 0.0389347 0.223778 0.823438
0 0.164569 0.596272 0.0384821 0.212947 0.802664
0 0.244315 0.308424 0.0328018 0.177138 0.776043
0 0.845622 0.658037 0.052116 0.213933 0.715072
0 0.475014 0.93525 0.0290995 0.129501 0.686797
0 0.216424 0.306138 0.0282024 0.156907 0.578016
0 0.853879 0.0629922 0.0247541 0.125613 0.556542
0 0.161061 0.251648 0.0278441 0.164733 0.540109
0 0.192143 0.249889 0.0262818 0.151999 0.512423
3 0.701203 0.192266 0.099795 0.107874 0.459795
0 0.419017 0.206633 0.0281148 0.155852 0.450962
0 0.78439 0.0986656 0.0299648 0.135279 0.450816
0 0.695011 0.0851437 0.0421577 0.165788 0.356883
0 0.234067 0.165423 0.0255331 0.150966 0.33506
0 0.262449 0.164635 0.0335356 0.173983 0.330214
0 0.30163 0.192172 0.030692 0.149979 0.325733
58 0.345247 0.309934 0.0467326 0.118572 0.324613
0 0.761202 0.119282 0.0263762 0.14164 0.294334
1 0.690373 0.194268 0.0789078 0.113003 0.254974
