2 0.69125 0.409272 0.138749 0.234568 0.838842
0 0.235313 0.624501 0.0471261 0.226026 0.826014
0 0.174424 0.490689 0.0381146 0.206837 0.812007
0 0.667838 0.806848 0.0494986 0.24544 0.810201
0 0.918173 0.51795 0.0435505 0.195752 0.809707
0 0.459746 0.937411 0.0429998 0.125178 0.805966
0 0.6254 0.81358 0.0400523 0.229886 0.768325
0 0.84837 0.657681 0.0487658 0.217312 0.685392
0 0.260801 0.23973 0.0343239 0.16785 0.633716
0 0.784754 0.063693 0.0294205 0.122939 0.568242
0 0.229866 0.246935 0.0254659 0.139671 0.557741
0 0.504425 0.0383969 0.0395115 0.0717098 0.421518
0 0.84717 0.183954 0.02892 0.16553 0.408676
0 0.423139 0.208807 0.0264963 0.157618 0.395313
58 0.345329 0.305978 0.0483518 0.108068 0.385872
0 0.151532 0.274732 0.0313722 0.170626 0.31855
3 0.809619 0.610246 0.0701267 0.133116 0.30433
3 0.701499 0.191059 0.100817 0.105008 0.298279
1 0.703316 0.19672 0.0958696 0.0954764 0.290501
0 0.163786 0.171075 0.028736 0.0984734 0.255856
0 0.202889 0.177815 0.0317352 0.165753 0.253237
