0 0.26701 0.608766 0.037711 0.221244 0.825917
2 0.691364 0.412424 0.139121 0.239529 0.814907
0 0.915305 0.519532 0.0425688 0.198426 0.811703
0 0.860138 0.257379 0.0318338 0.161961 0.782255
0 0.192451 0.383538 0.0366417 0.186961 0.751837
0 0.608919 0.944434 0.0482079 0.111131 0.723386
0 0.787412 0.0680516 0.0298393 0.133186 0.687409
0 0.496091 0.928837 0.0339911 0.142326 0.685361
0 0.43606 0.213594 0.0284692 0.164085 0.661958
0 0.750129 0.946311 0.0426994 0.107378 0.637677
0 0.793609 0.937357 0.0506422 0.125285 0.588765
0 0.202633 0.173071 0.0327775 0.174058 0.537616
0 0.255475 0.171444 0.0269194 0.165034 0.532242
0 0.125317 0.307778 0.0293291 0.162672 0.523301
0 0.842306 0.660311 0.0589653 0.209804 0.491669
0 0.162141 0.193424 0.0321134 0.15166 0.432673
3 0.70123 0.195739 0.100605 0.101822 0.403502
0 0.645766 0.950566 0.0341674 0.098868 0.401112
0 0.233672 0.180355 0.0191447 0.136216 0.370492
0 0.306571 0.187304 0.0291248 0.145 0.341707
0 0.403499 0.121242 0.0255663 0.160681 0.338743
0 0.375998 0.257777 0.0394891 0.126913 0.303622
3 0.840147 0.598954 0.125915 0.150224 0.30205
58 0.346549 0.307798 0.0500371 0.107036 0.301768
0 0.853627 0.660436 0.035252 0.208057 0.29824
0 0.153098 0.304773 0.0290269 0.162145 0.282914
58 0.809598 0.311486 0.0534843 0.14078 0.264315
0 0.695031 0.086396 0.0420372 0.167025 0.259056
