2 0.691494 0.411229 0.139407 0.238459 0.8414
0 0.129101 0.836172 0.0486734 0.251875 0.816625
0 0.16699 0.856797 0.0417496 0.227583 0.786339
0 0.449434 0.679116 0.0347071 0.227466 0.758465
0 0.512941 0.76505 0.0445117 0.2272 0.741896
0 0.913597 0.518049 0.0336205 0.186332 0.721706
0 0.257163 0.213673 0.0364396 0.164507 0.696033
0 0.562324 0.930733 0.0413577 0.138534 0.647515
0 0.554954 0.766572 0.0458184 0.203041 0.634916
0 0.856189 0.366553 0.0286531 0.17555 0.626278
0 0.926262 0.260428 0.0272976 0.145985 0.578233
0 0.791822 0.0608695 0.0295137 0.121739 0.566515
0 0.224282 0.257069 0.0291461 0.171063 0.555841
3 0.700556 0.192355 0.102344 0.107202 0.544114
0 0.830214 0.665265 0.0451324 0.199296 0.519672
0 0.423413 0.215078 0.0297734 0.160168 0.509111
0 0.85522 0.0897158 0.0315479 0.154042 0.50298
0 0.889304 0.0941936 0.0334854 0.148424 0.49277
0 0.133704 0.184281 0.0309507 0.172325 0.48133
0 0.204829 0.178542 0.0290273 0.168408 0.471542
0 0.162309 0.188435 0.0276255 0.165707 0.462061
0 0.911822 0.65682 0.0395464 0.154812 0.461274
0 0.979683 0.275129 0.0402363 0.175326 0.422432
0 0.532845 0.0574742 0.0292913 0.108198 0.4125
0 0.695531 0.0875867 0.043052 0.171038 0.388645
0 0.251066 0.0762737 0.0318081 0.147473 0.363794
0 0.476259 0.0579487 0.0298135 0.108544 0.344879
0 0.500146 0.0558195 0.0275604 0.106474 0.340206
0 0.280525 0.168281 0.022965 0.164705 0.321882
0 0.912296 0.382311 0.0469448 0.132094 0.311367
3 0.839513 0.596603 0.124973 0.149632 0.288946
0 0.397999 0.161629 0.033009 0.144805 0.279606
3 0.800711 0.60518 0.0541622 0.125558 0.255159
