2 0.691458 0.409175 0.138556 0.238288 0.899151
0 0.916007 0.519953 0.0383774 0.194275 0.840779
0 0.22744 0.441446 0.0437418 0.216879 0.795167
0 0.0721602 0.623177 0.0429614 0.226629 0.782621
0 0.979016 0.332178 0.0375549 0.17838 0.761722
0 0.546581 0.234409 0.0332361 0.170686 0.70928
0 0.492526 0.263596 0.044848 0.1663 0.698104
0 0.644404 0.955513 0.0417926 0.0889733 0.683577
0 0.0179278 0.841403 0.0358556 0.225123 0.655641
0 0.222528 0.95201 0.0504457 0.0959793 0.649741
0 0.734872 0.641572 0.0579418 0.228396 0.628737
0 0.464831 0.222279 0.027048 0.161961 0.614789
0 0.279292 0.249158 0.036084 0.178367 0.607531
0 0.427488 0.217237 0.0311662 0.163028 0.597859
0 0.731592 0.280223 0.0341529 0.144595 0.556644
0 0.727237 0.634474 0.042839 0.211611 0.534846
3 0.836626 0.606982 0.129093 0.157273 0.491359
0 0.199026 0.175238 0.0332381 0.164092 0.469017
0 0.78814 0.0999837 0.0282543 0.0688088 0.38547
0 0.106349 0.422629 0.0334104 0.189516 0.379952
0 0.161332 0.181515 0.0279438 0.171827 0.318045
58 0.34516 0.309761 0.0477596 0.114943 0.253111
