2 0.691337 0.410373 0.138701 0.233331 0.872703
0 0.915889 0.520989 0.0379818 0.194571 0.841265
0 0.237057 0.6917 0.0448147 0.230175 0.822923
0 0.237817 0.29773 0.0381805 0.193422 0.80269
0 0.527661 0.926783 0.0328515 0.146434 0.745069
0 0.0506498 0.699156 0.0602515 0.225162 0.735243
0 0.136062 0.602563 0.0341257 0.18832 0.731508
0 0.733848 0.64449 0.0529461 0.231352 0.72088
0 0.626474 0.220584 0.0387394 0.163678 0.704731
0 0.288534 0.378535 0.0360319 0.187706 0.674931
0 0.475355 0.240713 0.0385274 0.173031 0.663155
0 0.410108 0.353629 0.0333536 0.186718 0.600692
0 0.328904 0.365461 0.0301979 0.169053 0.568442
3 0.836926 0.611 0.128138 0.152676 0.556922
0 0.436163 0.36427 0.0329758 0.168796 0.551926
0 0.0684847 0.609151 0.0385961 0.206056 0.500797
3 0.710203 0.193334 0.0834808 0.0912242 0.472826
0 0.427964 0.215486 0.0320312 0.155445 0.471237
0 0.198305 0.178295 0.0304988 0.159769 0.466794
0 0.568656 0.199063 0.028113 0.129781 0.450065
0 0.164581 0.194757 0.0277366 0.152768 0.422304
3 0.564086 0.239176 0.0330101 0.0773916 0.323895
0 0.788322 0.1017 0.0278278 0.0700871 0.291054
0 0.654745 0.221266 0.0292294 0.147056 0.26676
