2 0.691417 0.410424 0.139316 0.237912 0.824568
0 0.915593 0.517732 0.0398109 0.197555 0.810391
0 0.864745 0.271736 0.0350006 0.176382 0.810232
0 0.788289 0.0665076 0.0318474 0.129761 0.775919
0 0.291249 0.60989 0.0599397 0.218609 0.765229
0 0.603926 0.928522 0.049567 0.142956 0.747277
0 0.194139 0.961531 0.0505307 0.0769375 0.727525
0 0.195782 0.366897 0.0357727 0.182003 0.724602
0 0.511615 0.931922 0.0307634 0.136156 0.682664
0 0.814757 0.955436 0.0486626 0.0880683 0.646232
0 0.6484 0.935596 0.0463654 0.12609 0.568853
0 0.435456 0.21276 0.0284925 0.15975 0.53896
0 0.84397 0.658815 0.0569 0.21158 0.52369
0 0.770526 0.965525 0.0413868 0.06895 0.495902
0 0.116965 0.316059 0.0320682 0.174562 0.443008
0 0.203167 0.174641 0.0364448 0.17283 0.41715
3 0.701092 0.194042 0.101059 0.101911 0.404942
58 0.80977 0.311872 0.0534145 0.143401 0.384812
0 0.162029 0.198334 0.0322049 0.157021 0.384331
0 0.248952 0.162644 0.0276725 0.150478 0.345287
0 0.639394 0.936095 0.0334127 0.127041 0.327745
3 0.841583 0.599228 0.126628 0.150302 0.324318
0 0.853742 0.656307 0.0403862 0.21345 0.314515
0 0.145921 0.318111 0.0347554 0.161299 0.305321
0 0.408266 0.121025 0.0295658 0.154614 0.286768
