2 0.691331 0.408671 0.138707 0.235537 0.897479
0 0.2291 0.78437 0.046748 0.235051 0.867837
0 0.237094 0.336685 0.0398641 0.196682 0.842231
0 0.0717484 0.620369 0.0391178 0.22858 0.837278
0 0.916315 0.520195 0.0379356 0.194155 0.836399
0 0.469048 0.275082 0.031611 0.171867 0.763552
0 0.56717 0.925976 0.0331059 0.148048 0.744914
0 0.73361 0.646155 0.0532116 0.225628 0.732542
0 0.557053 0.203967 0.0321564 0.159065 0.719318
0 0.291239 0.334941 0.029153 0.181052 0.704343
0 0.105132 0.673028 0.0365976 0.191472 0.605014
0 0.31914 0.321448 0.0279647 0.170688 0.57093
0 0.412475 0.30981 0.0303899 0.158154 0.558063
3 0.836857 0.606875 0.129104 0.157418 0.544337
0 0.266131 0.254451 0.0291262 0.15561 0.543845
0 0.340095 0.771744 0.0267986 0.146037 0.51297
0 0.695522 0.228622 0.0463091 0.135697 0.506586
0 0.198858 0.173394 0.0323656 0.163349 0.483752
0 0.43881 0.310067 0.0294376 0.131985 0.446491
0 0.163172 0.18625 0.0261771 0.163177 0.413329
0 0.427021 0.200862 0.0330286 0.128938 0.408745
0 0.788324 0.0989693 0.0274225 0.0693783 0.36593
0 0.375093 0.283136 0.037924 0.187175 0.353409
0 0.625293 0.206915 0.028326 0.114572 0.303069
58 0.809248 0.287508 0.0538189 0.0930794 0.265832
