2 0.691383 0.409068 0.13862 0.237162 0.883359
0 0.240443 0.370597 0.0436716 0.208829 0.877346
0 0.227339 0.868646 0.0511503 0.254809 0.846304
0 0.916183 0.51941 0.0379913 0.193741 0.830779
0 0.0719504 0.621629 0.0380106 0.229331 0.782995
0 0.505883 0.275204 0.0288229 0.166944 0.774901
0 0.61174 0.933487 0.0378661 0.133026 0.753498
0 0.615133 0.215236 0.033643 0.156728 0.737526
0 0.287961 0.303403 0.041793 0.187775 0.708179
0 0.733563 0.646084 0.0538356 0.225635 0.698952
0 0.0439847 0.727593 0.043722 0.208296 0.691301
0 0.199453 0.172075 0.0330756 0.170108 0.49829
0 0.263182 0.223064 0.0297203 0.172849 0.486774
0 0.430775 0.274133 0.0315826 0.169618 0.479855
3 0.837131 0.606859 0.129188 0.15814 0.453
0 0.739817 0.252837 0.0442127 0.170941 0.450525
0 0.166254 0.187761 0.0306132 0.165058 0.411772
0 0.456229 0.282989 0.0259604 0.147717 0.409282
0 0.788333 0.0993421 0.0273619 0.0670573 0.370625
0 0.664805 0.225555 0.0319035 0.139589 0.326364
0 0.368576 0.313864 0.0309276 0.134125 0.277256
