0 0.182912 0.752992 0.0480555 0.238619 0.854333
0 0.708139 0.905754 0.049276 0.188492 0.851049
0 0.470672 0.500252 0.0332282 0.200966 0.844669
2 0.691318 0.409269 0.138813 0.237228 0.8204
0 0.915957 0.518605 0.0373222 0.190982 0.787481
0 0.521299 0.485264 0.0350555 0.198684 0.7508
0 0.193339 0.411848 0.0319753 0.168989 0.726558
0 0.232964 0.416494 0.0371791 0.190845 0.711216
0 0.934946 0.739418 0.0427006 0.221496 0.707255
0 0.492844 0.939044 0.0371777 0.121912 0.704431
0 0.592892 0.0979667 0.0295641 0.148591 0.692034
0 0.849405 0.659108 0.0483742 0.214546 0.66539
0 0.84446 0.125935 0.030439 0.143791 0.598541
0 0.26168 0.254181 0.0361242 0.186993 0.573176
0 0.433625 0.208205 0.0363234 0.160306 0.495237
0 0.183586 0.240491 0.039655 0.176933 0.431478
0 0.754386 0.0635085 0.0287102 0.127017 0.407806
0 0.694872 0.0867273 0.043409 0.170449 0.404068
0 0.137955 0.195457 0.0309565 0.153446 0.348408
0 0.214146 0.251217 0.0244693 0.148549 0.335279
1 0.702468 0.195051 0.0976927 0.105512 0.332591
3 0.701359 0.19334 0.100055 0.103993 0.331174
58 0.345646 0.305781 0.0490092 0.107753 0.254284
