2 0.69138 0.408948 0.139148 0.237214 0.825599
0 0.64074 0.849359 0.0444782 0.242811 0.822604
0 0.465454 0.933153 0.0426837 0.133695 0.810886
0 0.917807 0.518056 0.0434643 0.195271 0.800643
0 0.68672 0.831175 0.0485752 0.238163 0.772201
0 0.262788 0.227663 0.034111 0.166699 0.76674
0 0.225019 0.61462 0.0418377 0.223034 0.761234
0 0.173548 0.470265 0.0368478 0.196454 0.699119
0 0.849347 0.659922 0.046999 0.213152 0.656765
0 0.787285 0.0657108 0.0337877 0.130489 0.585467
0 0.850221 0.196276 0.0322109 0.168296 0.578366
0 0.424031 0.206327 0.0247424 0.157292 0.530299
0 0.148715 0.26955 0.0272149 0.171451 0.40638
0 0.232594 0.234643 0.0235252 0.135298 0.385787
3 0.701556 0.191601 0.101905 0.108597 0.350162
58 0.34508 0.304454 0.0471712 0.105505 0.329513
0 0.201872 0.185782 0.0318624 0.151514 0.297756
1 0.703583 0.194621 0.0964039 0.102748 0.27793
