2 0.691383 0.410248 0.139006 0.236086 0.824499
0 0.697133 0.888146 0.0494581 0.221882 0.82251
0 0.467255 0.4787 0.0341971 0.190053 0.815064
0 0.915891 0.518922 0.0361263 0.193403 0.813045
0 0.514314 0.467865 0.0356982 0.195974 0.787446
0 0.492009 0.941039 0.0404686 0.117922 0.763078
0 0.181727 0.768901 0.0446875 0.234717 0.760643
0 0.850935 0.136938 0.0268631 0.145486 0.75663
0 0.230021 0.420114 0.0365268 0.192555 0.744981
0 0.911845 0.163498 0.0256321 0.153626 0.725512
0 0.935884 0.740814 0.0398304 0.232717 0.687479
0 0.847866 0.657956 0.048991 0.21164 0.686462
0 0.597547 0.108282 0.0299494 0.150031 0.68205
0 0.189807 0.432738 0.0343918 0.163778 0.64304
0 0.433652 0.207912 0.0361806 0.160677 0.490492
3 0.70146 0.193897 0.0998848 0.104548 0.418057
0 0.256233 0.266142 0.036052 0.193775 0.412422
0 0.783575 0.172529 0.029052 0.142015 0.410248
0 0.695644 0.0846034 0.0421297 0.165811 0.391079
0 0.182295 0.241071 0.0412352 0.178483 0.365952
0 0.136536 0.192889 0.0282902 0.156253 0.308901
58 0.809855 0.28577 0.0526342 0.0893706 0.287301
1 0.703073 0.196303 0.0965675 0.104865 0.280199
3 0.803817 0.608012 0.0605797 0.126252 0.2768
