0 0.656294 0.785117 0.0465681 0.237136 0.85393
2 0.69126 0.408396 0.1389 0.233567 0.845561
0 0.19279 0.865543 0.0439598 0.251858 0.844024
0 0.458202 0.410428 0.0322946 0.186997 0.828799
0 0.914667 0.518264 0.0379744 0.192418 0.816774
0 0.872218 0.183889 0.0316408 0.149773 0.782349
0 0.500071 0.403005 0.0364616 0.189557 0.769727
0 0.848261 0.656811 0.051564 0.213169 0.754758
0 0.929923 0.737481 0.0488087 0.235943 0.744173
0 0.182899 0.487149 0.0356546 0.179532 0.742235
0 0.616472 0.162127 0.0326265 0.150298 0.737919
0 0.221637 0.478789 0.0393979 0.194645 0.707915
0 0.501524 0.930735 0.0386847 0.138529 0.705758
0 0.272419 0.297332 0.031115 0.163143 0.692604
0 0.935106 0.216746 0.0307079 0.147258 0.598911
0 0.235539 0.31584 0.0337367 0.176523 0.538673
0 0.435445 0.208289 0.0268064 0.160295 0.436312
0 0.187512 0.310997 0.0293194 0.156842 0.418922
3 0.701272 0.196283 0.100152 0.100454 0.322621
0 0.163651 0.194489 0.0307574 0.15346 0.306948
0 0.782605 0.213158 0.029537 0.132814 0.291363
0 0.337284 0.781449 0.0316375 0.138402 0.273222
