2 0.691675 0.411678 0.139246 0.23968 0.858988
0 0.15311 0.731148 0.0481848 0.240332 0.828724
0 0.485283 0.664668 0.0404392 0.219041 0.813268
0 0.196047 0.746847 0.0427637 0.223509 0.790306
0 0.913542 0.519427 0.0423298 0.192257 0.767805
0 0.53809 0.0804388 0.028965 0.142779 0.764222
0 0.555777 0.925755 0.0418968 0.148491 0.749212
0 0.434499 0.646587 0.0382597 0.220256 0.746352
0 0.502293 0.0720951 0.0282972 0.14419 0.719485
0 0.527852 0.676945 0.0395941 0.202782 0.703586
0 0.248288 0.281814 0.037086 0.176037 0.700724
0 0.881319 0.417046 0.0317226 0.171497 0.636359
0 0.760331 0.575994 0.0394878 0.143112 0.515651
0 0.249168 0.122478 0.0333596 0.160946 0.492012
0 0.427918 0.212707 0.0276468 0.162046 0.474297
0 0.827607 0.682943 0.0391661 0.21318 0.465735
0 0.920038 0.205552 0.0328053 0.190695 0.448852
3 0.701661 0.195794 0.0992386 0.0995658 0.427956
0 0.202451 0.184607 0.0320999 0.154627 0.417964
0 0.980095 0.453877 0.0390554 0.188065 0.414114
0 0.161646 0.191084 0.0315481 0.150455 0.396006
0 0.467205 0.0639083 0.0292446 0.126602 0.33987
1 0.869218 0.631237 0.0603405 0.106862 0.324715
58 0.346048 0.307239 0.0487998 0.111431 0.293205
1 0.703502 0.197525 0.0960003 0.0993543 0.263749
58 0.809687 0.282471 0.0537614 0.0837844 0.259908
0 0.695648 0.0834041 0.0404878 0.162086 0.256081
