0 0.915529 0.519634 0.0401161 0.194251 0.857985
0 0.610068 0.635221 0.0429829 0.230237 0.855329
2 0.691468 0.410381 0.138646 0.234832 0.83582
0 0.5045 0.312439 0.0336637 0.18314 0.817454
0 0.84782 0.656498 0.0474745 0.215825 0.777116
0 0.906786 0.264542 0.0301294 0.149012 0.763578
0 0.983297 0.311911 0.0329041 0.176763 0.75069
0 0.458584 0.323499 0.0304455 0.180364 0.743493
0 0.480659 0.93517 0.0300833 0.12966 0.718488
0 0.269917 0.386306 0.0320189 0.176712 0.680716
0 0.2258 0.944489 0.0455382 0.111023 0.666415
0 0.171183 0.5822 0.0375056 0.18875 0.649799
0 0.212767 0.571892 0.0375191 0.205861 0.648793
0 0.893596 0.712042 0.0457333 0.255807 0.602761
0 0.318737 0.613781 0.0366759 0.231835 0.590588
0 0.170473 0.384555 0.0338789 0.169796 0.586371
0 0.20815 0.36878 0.0404564 0.148414 0.430858
0 0.783931 0.267792 0.0341754 0.141627 0.412773
3 0.72319 0.194411 0.0574417 0.0837502 0.327138
0 0.161539 0.192892 0.0272795 0.151011 0.322494
0 0.135077 0.204098 0.0276119 0.146058 0.292175
0 0.677445 0.230767 0.0362787 0.131012 0.266413
3 0.805382 0.605514 0.0631756 0.138238 0.262014
0 0.43444 0.208785 0.0288866 0.158901 0.252982
