2 0.691259 0.410976 0.139002 0.233441 0.882294
0 0.915946 0.52067 0.0377636 0.196141 0.8466
0 0.240844 0.288856 0.0390752 0.187662 0.77306
0 0.134219 0.596923 0.032586 0.196298 0.75794
0 0.286845 0.390758 0.0402301 0.197353 0.74741
0 0.522073 0.923852 0.0341675 0.1474 0.738738
0 0.0591025 0.713344 0.0470775 0.222538 0.733893
0 0.328561 0.375093 0.0307944 0.162395 0.721351
0 0.616931 0.213666 0.031057 0.166083 0.695557
0 0.231086 0.677547 0.047014 0.229625 0.674721
0 0.735549 0.643785 0.0573679 0.231939 0.632285
0 0.410379 0.365988 0.0328794 0.182544 0.562085
3 0.836695 0.611999 0.126747 0.152529 0.545465
0 0.479109 0.228161 0.034413 0.172034 0.533825
0 0.647462 0.211136 0.0327763 0.149135 0.524653
0 0.428084 0.22054 0.0322334 0.163926 0.458805
0 0.164319 0.195591 0.0269281 0.150001 0.434729
0 0.0664564 0.576309 0.0333441 0.133444 0.430758
0 0.78965 0.101501 0.0299303 0.0692404 0.375774
0 0.28642 0.200579 0.0332826 0.147593 0.369021
3 0.709188 0.196695 0.0842207 0.0943492 0.329509
0 0.729755 0.635312 0.0422677 0.213652 0.325925
0 0.555811 0.184633 0.0265701 0.112449 0.31767
0 0.197319 0.17821 0.0325853 0.159761 0.31433
0 0.00815844 0.64615 0.016192 0.170013 0.251125
