0 0.915979 0.518183 0.038061 0.193733 0.837149
0 0.171503 0.567236 0.0410086 0.211808 0.812591
2 0.691449 0.408575 0.138774 0.234559 0.799902
0 0.593913 0.680488 0.0406839 0.229426 0.799882
0 0.557187 0.703556 0.0362062 0.224328 0.770034
0 0.477816 0.942503 0.040786 0.114994 0.743203
0 0.847943 0.657563 0.0480183 0.21508 0.706079
0 0.324067 0.648334 0.0391908 0.228112 0.703235
0 0.247343 0.290428 0.0314882 0.172872 0.632306
0 0.220826 0.288954 0.0261687 0.151238 0.563555
0 0.761765 0.134293 0.0299595 0.143608 0.406538
0 0.260894 0.151615 0.0324462 0.164037 0.393694
0 0.159283 0.254736 0.0257004 0.162076 0.386968
0 0.298842 0.193847 0.0307027 0.149303 0.347912
0 0.421678 0.202718 0.0262403 0.155811 0.325462
1 0.725522 0.193853 0.0543245 0.0866973 0.321889
58 0.34587 0.306612 0.0477161 0.108073 0.296439
3 0.803055 0.607236 0.0564354 0.126554 0.267475
0 0.694203 0.088873 0.0433878 0.171777 0.265881
0 0.185518 0.238697 0.0274788 0.126429 0.262998
0 0.788627 0.0778053 0.0290869 0.114845 0.250581
