2 0.691568 0.410662 0.139315 0.237813 0.845567
0 0.125747 0.838367 0.0494948 0.246336 0.800173
0 0.163862 0.860354 0.0435029 0.231254 0.798812
0 0.513226 0.776995 0.0462581 0.238327 0.7848
0 0.449764 0.67958 0.0323437 0.232989 0.758824
0 0.912568 0.519259 0.0367775 0.189946 0.751556
0 0.557314 0.778615 0.0417541 0.216359 0.664199
0 0.564268 0.931342 0.0413755 0.137316 0.651064
0 0.258018 0.209061 0.0360659 0.168765 0.649782
0 0.918826 0.672504 0.0397766 0.184907 0.61442
0 0.221771 0.256919 0.0307799 0.173334 0.571017
0 0.834888 0.66772 0.0361305 0.207211 0.552792
0 0.790878 0.061375 0.0282336 0.12275 0.54202
0 0.889075 0.0934867 0.0340065 0.155645 0.534529
0 0.928922 0.26394 0.0284973 0.147244 0.522671
0 0.162477 0.190342 0.0286226 0.159217 0.519582
0 0.852283 0.363753 0.0295183 0.170139 0.516143
0 0.423031 0.214542 0.0307791 0.156988 0.480073
3 0.70043 0.193261 0.102503 0.104855 0.478591
0 0.133564 0.18515 0.0315288 0.17232 0.474771
0 0.911195 0.381108 0.0443825 0.152141 0.444611
0 0.252378 0.0738601 0.0323106 0.146677 0.433215
0 0.854528 0.0878412 0.030267 0.153598 0.401294
1 0.875714 0.62947 0.0519371 0.111883 0.377052
0 0.695505 0.0858079 0.0428385 0.167557 0.372679
0 0.204526 0.182626 0.0339068 0.163035 0.326968
0 0.400184 0.160003 0.0336132 0.150962 0.325737
0 0.978797 0.28122 0.0336502 0.163638 0.319616
3 0.84012 0.597893 0.124011 0.151449 0.319025
0 0.532601 0.0572798 0.0305021 0.108997 0.29337
0 0.476883 0.0571361 0.0300678 0.106738 0.281025
3 0.800135 0.605445 0.0522602 0.130166 0.267751
0 0.283325 0.168369 0.0294951 0.164101 0.266016
