2 0.691255 0.409992 0.139017 0.233801 0.864621
0 0.916009 0.520994 0.0380579 0.195645 0.850727
0 0.229662 0.654368 0.041039 0.221001 0.806397
0 0.283698 0.396286 0.0379609 0.197315 0.782591
0 0.242545 0.285484 0.0393722 0.189296 0.761791
0 0.0741583 0.724456 0.0641432 0.228573 0.760223
0 0.515531 0.920945 0.0328152 0.151745 0.735459
0 0.484333 0.224824 0.0337614 0.174369 0.717654
0 0.130928 0.578919 0.0325847 0.185374 0.710223
0 0.608964 0.212199 0.0295879 0.168857 0.696891
0 0.328963 0.379665 0.0310611 0.153178 0.689641
0 0.0226645 0.672246 0.043551 0.218339 0.686515
0 0.734816 0.644708 0.0544153 0.232011 0.656713
3 0.836731 0.612556 0.12795 0.151451 0.609278
0 0.0683962 0.580492 0.0349044 0.147 0.56468
0 0.411057 0.368478 0.0326089 0.180797 0.546685
0 0.639403 0.203496 0.0296186 0.146722 0.50281
0 0.440334 0.376614 0.0315806 0.172678 0.492482
0 0.428293 0.219013 0.0318132 0.160171 0.459577
0 0.163891 0.193598 0.0269979 0.153783 0.402837
0 0.79031 0.101679 0.0292263 0.0708443 0.317831
0 0.546151 0.178392 0.0284543 0.106299 0.292232
0 0.460247 0.17558 0.0277131 0.148341 0.292208
0 0.19734 0.18012 0.0323566 0.156175 0.27842
58 0.810678 0.283312 0.0530552 0.0809062 0.254306
