2 0.691497 0.408315 0.13853 0.237278 0.90426
0 0.230012 0.429519 0.0433973 0.2105 0.843787
0 0.916123 0.519472 0.0380386 0.195002 0.836703
0 0.227902 0.939131 0.0545762 0.121738 0.818946
0 0.072201 0.622531 0.0414022 0.224591 0.80027
0 0.0209621 0.827317 0.0360644 0.21365 0.768257
0 0.280675 0.256066 0.0330719 0.174379 0.695383
0 0.646749 0.953806 0.0416309 0.0923884 0.674165
0 0.784552 0.288006 0.0333263 0.178377 0.669042
0 0.733767 0.64257 0.0554365 0.230112 0.654569
0 0.541561 0.242129 0.0351089 0.167993 0.646619
0 0.427902 0.217233 0.0323679 0.164054 0.645978
0 0.985837 0.34713 0.0271702 0.178489 0.61449
0 0.271616 0.25008 0.0344285 0.162093 0.525033
0 0.198963 0.172605 0.035105 0.169292 0.474842
0 0.467 0.260625 0.0452753 0.167834 0.435398
3 0.836499 0.607627 0.129432 0.157641 0.429997
0 0.788301 0.0989686 0.0287303 0.0679491 0.417481
0 0.161618 0.187248 0.0270225 0.160017 0.40386
0 0.728943 0.634854 0.0399748 0.214255 0.361058
0 0.484951 0.252628 0.0242154 0.180616 0.34369
0 0.479632 0.253952 0.0262939 0.18019 0.338074
0 0.726302 0.26846 0.0326288 0.133656 0.329859
58 0.811475 0.309177 0.0511642 0.139884 0.32661
0 0.461449 0.237956 0.0306257 0.197912 0.324046
0 0.375518 0.252523 0.0364343 0.12242 0.262035
