2 0.691182 0.411241 0.139078 0.233884 0.868675
0 0.915794 0.521793 0.0385529 0.195213 0.828851
0 0.511059 0.925869 0.0475947 0.144727 0.76561
0 0.171657 0.872049 0.0445383 0.249804 0.759941
0 0.30172 0.490006 0.0340963 0.186444 0.744262
0 0.22373 0.521812 0.0405799 0.214868 0.739452
0 0.774696 0.651945 0.0437376 0.22699 0.716918
0 0.879955 0.0939771 0.028595 0.144985 0.684992
0 0.259048 0.480823 0.0320749 0.209401 0.677165
0 0.505073 0.15239 0.0317265 0.166576 0.644714
0 0.584594 0.159605 0.029546 0.151809 0.644509
0 0.547639 0.172836 0.0319725 0.163777 0.629702
0 0.443898 0.452972 0.0328825 0.188392 0.595854
0 0.137026 0.651951 0.0338975 0.23137 0.535206
0 0.135504 0.467922 0.0323092 0.171586 0.527028
0 0.774289 0.0985473 0.0311369 0.135171 0.506095
0 0.256758 0.222228 0.0357313 0.184536 0.498533
0 0.189034 0.75272 0.0546616 0.129514 0.465263
0 0.479636 0.458471 0.037831 0.177304 0.403858
3 0.847994 0.619694 0.105218 0.13589 0.397867
3 0.70195 0.197527 0.0986705 0.101117 0.39076
0 0.194893 0.180127 0.0287311 0.164786 0.369131
0 0.16407 0.190042 0.0269261 0.165801 0.327103
0 0.282741 0.189086 0.0273314 0.148935 0.282147
