2 0.69137 0.409818 0.139165 0.236606 0.830771
0 0.864437 0.274642 0.0397991 0.167868 0.813283
0 0.91561 0.518337 0.0397566 0.195119 0.778173
0 0.788226 0.0660168 0.0315907 0.129602 0.765679
0 0.197914 0.364983 0.03366 0.181919 0.765425
0 0.193091 0.956043 0.0494807 0.0876787 0.761907
0 0.599689 0.926114 0.0414919 0.147772 0.743703
0 0.305211 0.608883 0.0367124 0.221096 0.719082
0 0.518529 0.935372 0.0310981 0.129256 0.715319
0 0.644452 0.932298 0.0420122 0.135066 0.524596
0 0.822682 0.959733 0.0465582 0.0805335 0.51653
0 0.435924 0.213013 0.0277416 0.160617 0.49882
58 0.809614 0.303315 0.0541836 0.12787 0.473418
0 0.840434 0.659705 0.0650337 0.212383 0.456653
0 0.202283 0.176181 0.0310441 0.16534 0.409557
3 0.841136 0.596595 0.12516 0.150996 0.407849
0 0.162836 0.195092 0.0316125 0.150538 0.402486
3 0.701163 0.194598 0.10078 0.0988342 0.378275
0 0.113665 0.316778 0.0293904 0.156074 0.357906
0 0.144279 0.324864 0.0377312 0.153158 0.295773
0 0.853926 0.657367 0.0398481 0.213237 0.293732
0 0.638127 0.931497 0.0311962 0.137006 0.276601
