0 0.180047 0.907666 0.0519179 0.184667 0.839183
2 0.691516 0.410423 0.139179 0.237096 0.835175
0 0.148925 0.937333 0.0440786 0.125327 0.791771
0 0.878551 0.317101 0.0407259 0.175348 0.772648
0 0.572022 0.888392 0.044463 0.223216 0.770343
0 0.615848 0.891103 0.0473706 0.214192 0.735664
0 0.212726 0.32275 0.0332202 0.180664 0.699131
0 0.91551 0.521297 0.0386715 0.197363 0.676246
0 0.542101 0.929076 0.0350327 0.141847 0.634339
0 0.787222 0.0674486 0.0306036 0.130955 0.628574
0 0.98128 0.321796 0.0361767 0.169131 0.596627
0 0.438248 0.17411 0.0336815 0.23753 0.554797
0 0.201893 0.167063 0.0331953 0.171077 0.553933
3 0.700943 0.194427 0.10186 0.104778 0.549248
0 0.845713 0.658537 0.0562057 0.214107 0.524909
0 0.163322 0.181584 0.0308885 0.185119 0.524485
0 0.383988 0.649082 0.0369318 0.24489 0.47703
0 0.252911 0.163266 0.0257479 0.171958 0.412106
0 0.695382 0.0852719 0.0423265 0.167575 0.402718
0 0.0994797 0.334386 0.030811 0.186829 0.3682
0 0.233028 0.133861 0.0223242 0.147961 0.345332
0 0.376441 0.260271 0.0386248 0.127009 0.331648
0 0.25845 0.153805 0.0285067 0.190179 0.314409
58 0.809994 0.311225 0.0535654 0.142045 0.306876
0 0.869929 0.0602591 0.0251894 0.11715 0.299333
0 0.30347 0.159705 0.0310316 0.201787 0.29894
58 0.345256 0.306456 0.0480438 0.110049 0.293338
0 0.26287 0.151096 0.0257346 0.181652 0.254574
