2 0.691273 0.408481 0.139007 0.236742 0.834624
0 0.915622 0.519099 0.0384462 0.19422 0.830742
0 0.172819 0.54262 0.0391687 0.210089 0.823379
0 0.576223 0.733349 0.0414732 0.219895 0.792121
0 0.476846 0.942675 0.0467793 0.114649 0.78284
0 0.615399 0.708364 0.0418158 0.228635 0.779284
0 0.298451 0.642383 0.0487267 0.222226 0.768444
0 0.84825 0.65783 0.0485489 0.217276 0.701996
0 0.25174 0.266643 0.0342402 0.191664 0.658353
0 0.223099 0.272072 0.0257107 0.151726 0.545741
0 0.184677 0.255686 0.0304602 0.155352 0.472063
0 0.425757 0.203629 0.028525 0.155827 0.374601
0 0.158449 0.257324 0.0265613 0.161272 0.354249
0 0.790581 0.0690473 0.0298899 0.127961 0.334882
58 0.344975 0.306051 0.0470898 0.105689 0.328058
3 0.700978 0.19055 0.101255 0.10584 0.32654
0 0.694248 0.0879186 0.0419932 0.170371 0.293284
0 0.299595 0.192391 0.0318532 0.152629 0.290607
3 0.806067 0.607639 0.0629381 0.127051 0.281527
0 0.227423 0.146865 0.0283105 0.158539 0.257652
1 0.699732 0.193381 0.0965408 0.111386 0.257122
