0 0.727093 0.928327 0.0532482 0.141997 0.85648
0 0.915904 0.518825 0.0380407 0.190629 0.818049
2 0.691448 0.409306 0.138989 0.234477 0.817213
0 0.479546 0.525199 0.0348413 0.203076 0.809428
0 0.524425 0.515544 0.04188 0.207154 0.788003
0 0.173183 0.72253 0.041365 0.224536 0.770085
0 0.494504 0.933148 0.0407719 0.133703 0.712503
0 0.848462 0.658803 0.0497501 0.211289 0.685099
0 0.935752 0.736077 0.0421604 0.216234 0.680725
0 0.192858 0.395868 0.0368169 0.159221 0.670737
0 0.588476 0.0758875 0.0288694 0.147036 0.666143
0 0.237457 0.390646 0.0338748 0.182618 0.644445
0 0.433633 0.208657 0.0337976 0.160859 0.504867
0 0.751869 0.0738928 0.0288595 0.138611 0.490621
0 0.899843 0.139276 0.0261757 0.134764 0.485345
0 0.83924 0.094639 0.0263897 0.120244 0.467413
0 0.694798 0.0847453 0.0429111 0.166148 0.427233
0 0.183552 0.2383 0.0384223 0.17704 0.426762
0 0.261723 0.239329 0.035693 0.183543 0.346706
0 0.222526 0.241295 0.0253455 0.151684 0.320835
58 0.809147 0.285758 0.0534008 0.0911194 0.269597
