0 0.178501 0.737215 0.0484839 0.230096 0.865261
0 0.716196 0.916306 0.0510658 0.167388 0.852536
2 0.691316 0.408858 0.138501 0.234655 0.817494
0 0.915609 0.519175 0.0375649 0.191484 0.800363
0 0.47441 0.509534 0.0332936 0.193173 0.797763
0 0.522656 0.501872 0.0413141 0.207359 0.772248
0 0.234398 0.396544 0.0352331 0.186879 0.730797
0 0.494331 0.935716 0.0370983 0.128568 0.716546
0 0.192547 0.41153 0.031515 0.163275 0.71476
0 0.933454 0.737344 0.0426695 0.222462 0.666694
0 0.848091 0.659329 0.0509251 0.210891 0.66209
0 0.5921 0.0875028 0.0279521 0.148415 0.654759
0 0.263113 0.246168 0.0380373 0.182408 0.647194
0 0.183226 0.240404 0.0361879 0.17791 0.531022
0 0.84453 0.114236 0.0251499 0.139355 0.501312
0 0.433366 0.208033 0.0354065 0.160719 0.482295
0 0.902107 0.148454 0.0232403 0.147355 0.481047
0 0.754623 0.0656733 0.0282928 0.130947 0.470067
0 0.218207 0.252772 0.0248335 0.152633 0.439393
3 0.701594 0.193573 0.0997301 0.101768 0.413537
0 0.695133 0.0826832 0.0419387 0.162475 0.356269
0 0.139863 0.195434 0.026948 0.15748 0.31533
0 0.375974 0.253802 0.0381634 0.113069 0.298562
3 0.809818 0.606536 0.0713181 0.13221 0.265688
58 0.809602 0.284903 0.0527622 0.0888935 0.255438
