2 0.691269 0.411062 0.139211 0.235993 0.846278
0 0.916191 0.521804 0.0374275 0.194759 0.834503
0 0.281244 0.425372 0.0382532 0.198078 0.808203
0 0.220114 0.613967 0.0485774 0.225049 0.771543
0 0.114692 0.766433 0.0453905 0.235834 0.768093
0 0.504181 0.916965 0.034188 0.16607 0.752416
0 0.585405 0.198628 0.0328485 0.167113 0.707694
0 0.624385 0.188871 0.0319877 0.146506 0.688162
0 0.322589 0.419002 0.0316901 0.163827 0.653362
0 0.423997 0.40018 0.0323362 0.189881 0.637819
0 0.249307 0.261503 0.0352301 0.186816 0.628232
0 0.49942 0.197558 0.0350573 0.170654 0.624472
0 0.839319 0.0630189 0.0273113 0.125644 0.598834
0 0.736349 0.648765 0.0547665 0.225195 0.594946
0 0.129062 0.537881 0.0322186 0.183019 0.540429
3 0.837402 0.612931 0.127916 0.150252 0.51364
0 0.0781271 0.585121 0.0408562 0.133143 0.482982
0 0.455872 0.402621 0.0348302 0.171245 0.462723
0 0.0828877 0.709359 0.036874 0.199067 0.43727
0 0.163604 0.193711 0.0262133 0.147435 0.394166
0 0.428045 0.215794 0.033851 0.167733 0.376159
0 0.734236 0.63422 0.0418055 0.211718 0.344477
0 0.0827622 0.678834 0.035384 0.141217 0.326777
0 0.788169 0.0963788 0.0272982 0.0661694 0.324779
1 0.691222 0.202845 0.0806898 0.10082 0.287115
0 0.19463 0.17628 0.0335977 0.163366 0.286508
3 0.702214 0.197671 0.0990286 0.100385 0.283131
