2 0.691249 0.410222 0.138835 0.233949 0.861424
0 0.915892 0.520832 0.0381409 0.195404 0.856577
0 0.229891 0.652276 0.0411272 0.222571 0.805221
0 0.2834 0.397583 0.0381126 0.195454 0.798901
0 0.485096 0.221486 0.0345564 0.171778 0.768145
0 0.0790539 0.726811 0.0575958 0.227667 0.752969
0 0.242684 0.285381 0.0391805 0.190172 0.731689
0 0.514772 0.921167 0.0309107 0.152105 0.713053
0 0.607632 0.211575 0.0291309 0.168117 0.684364
0 0.130315 0.577725 0.0338366 0.18626 0.682046
0 0.328926 0.38113 0.0314598 0.156456 0.67241
0 0.734722 0.64465 0.054113 0.231676 0.660149
3 0.836633 0.612366 0.128292 0.152632 0.615551
0 0.0242177 0.672811 0.04829 0.211491 0.579779
0 0.411198 0.372484 0.0350849 0.180322 0.577327
0 0.638355 0.2035 0.0280214 0.14862 0.505545
0 0.0687938 0.581227 0.0342836 0.148414 0.488559
0 0.439992 0.38048 0.0333839 0.173215 0.469215
0 0.428908 0.221076 0.032832 0.160954 0.459022
0 0.163716 0.193687 0.0267657 0.152242 0.397105
0 0.790862 0.10037 0.0277002 0.0697824 0.360584
0 0.459889 0.17714 0.0288132 0.151136 0.325201
0 0.284496 0.194516 0.0275146 0.149631 0.29275
3 0.709019 0.195965 0.085824 0.0966222 0.252915
