0 0.13673 0.781041 0.0477604 0.23558 0.883943
0 0.439659 0.668185 0.0476068 0.227416 0.849362
2 0.691625 0.409587 0.139257 0.23794 0.848478
0 0.179704 0.801165 0.0436184 0.227287 0.825209
0 0.255332 0.243651 0.0350264 0.182658 0.809078
0 0.496965 0.718361 0.0419674 0.231309 0.795007
0 0.917562 0.244724 0.0336475 0.155352 0.754323
0 0.537701 0.727436 0.0428593 0.209949 0.74347
0 0.551495 0.933076 0.0413591 0.133848 0.733352
0 0.865069 0.389849 0.0311874 0.178564 0.640574
0 0.913733 0.519652 0.0417688 0.19114 0.638454
0 0.534267 0.0649733 0.0275987 0.129947 0.63515
0 0.946211 0.41774 0.0353653 0.185428 0.63279
0 0.202759 0.181856 0.0338096 0.15963 0.556095
0 0.0848143 0.403969 0.0256931 0.164671 0.545768
0 0.433056 0.212468 0.0239397 0.162809 0.513026
0 0.498795 0.0615779 0.0284618 0.122694 0.492724
0 0.227507 0.225917 0.0268466 0.164622 0.483816
0 0.898304 0.116456 0.0276875 0.145726 0.462325
0 0.827454 0.66525 0.0413679 0.204953 0.459023
3 0.700744 0.194027 0.102391 0.103836 0.456898
0 0.952275 0.227283 0.0330961 0.147715 0.435737
0 0.848691 0.609196 0.0312553 0.151073 0.431454
0 0.249365 0.0932444 0.0331929 0.149919 0.413283
0 0.869398 0.112071 0.0305668 0.157653 0.410752
0 0.695963 0.0867015 0.0446405 0.169141 0.367857
1 0.702495 0.196706 0.0989315 0.0986189 0.367822
0 0.795756 0.057091 0.0288326 0.113071 0.338309
0 0.470512 0.0609758 0.0274765 0.118201 0.326346
58 0.809534 0.284449 0.0537022 0.0860647 0.309792
0 0.164744 0.189996 0.032148 0.172679 0.292514
0 0.83701 0.662039 0.0503286 0.216926 0.278171
0 0.337293 0.782432 0.0312228 0.136894 0.258486
