2 0.691304 0.410268 0.139303 0.234542 0.881415
0 0.916148 0.520823 0.0378853 0.195121 0.8483
0 0.232044 0.74904 0.0513433 0.23887 0.816598
0 0.0711173 0.622592 0.0385614 0.227842 0.790711
0 0.238112 0.320024 0.0377617 0.194963 0.782176
0 0.54803 0.918323 0.0360834 0.157644 0.72646
0 0.463183 0.263011 0.0373436 0.171002 0.715632
0 0.734111 0.64853 0.0523533 0.221678 0.707315
0 0.13374 0.647454 0.0392169 0.19416 0.69099
0 0.29188 0.357422 0.0321688 0.194557 0.582041
0 0.19808 0.174689 0.0326336 0.162152 0.56786
3 0.836759 0.610923 0.127032 0.15409 0.53429
0 0.525111 0.193835 0.0287828 0.158255 0.531584
0 0.602645 0.215675 0.029755 0.139266 0.50353
0 0.16414 0.192581 0.0272781 0.152848 0.491091
0 0.66706 0.223985 0.0411203 0.148569 0.48782
0 0.40949 0.330819 0.0323626 0.17988 0.472356
0 0.340288 0.771178 0.0264545 0.148176 0.41382
0 0.327275 0.340191 0.0273873 0.154382 0.408956
0 0.427025 0.207431 0.028799 0.138414 0.384997
0 0.240299 0.107147 0.0291565 0.154227 0.328231
3 0.720798 0.194146 0.0622477 0.0832292 0.32597
0 0.431766 0.340433 0.0262821 0.16022 0.322276
0 0.788396 0.100608 0.0286949 0.0717898 0.296426
