2 0.691441 0.409444 0.139236 0.235654 0.799336
0 0.418288 0.662114 0.0431068 0.228206 0.765263
0 0.888522 0.342599 0.038554 0.180048 0.759872
0 0.91562 0.519015 0.0345699 0.191251 0.740948
0 0.149416 0.91022 0.0491641 0.17956 0.715827
0 0.956123 0.299692 0.0334137 0.160545 0.692785
0 0.593743 0.852486 0.0414812 0.222658 0.682897
0 0.790265 0.0665883 0.0313405 0.1287 0.668392
0 0.21402 0.292113 0.0336012 0.173552 0.635095
0 0.547036 0.934445 0.0530062 0.131109 0.622288
0 0.548767 0.817091 0.0377455 0.183199 0.621578
0 0.429653 0.189439 0.0375854 0.214666 0.614898
3 0.700561 0.194648 0.102606 0.105019 0.52853
0 0.255045 0.165321 0.0332389 0.164873 0.50799
0 0.846382 0.664766 0.0455265 0.199792 0.505896
0 0.161592 0.177994 0.0313068 0.180675 0.474265
0 0.878994 0.0663141 0.0295416 0.132628 0.428286
0 0.467308 0.0525445 0.0272227 0.0935639 0.428282
0 0.086256 0.362519 0.0250541 0.155957 0.417623
0 0.203152 0.161048 0.0312696 0.14544 0.40836
0 0.117758 0.359759 0.0341479 0.166574 0.399854
0 0.695702 0.0833797 0.0411003 0.163933 0.34003
0 0.376408 0.255828 0.0397113 0.126219 0.300083
0 0.498014 0.044213 0.0228356 0.0827598 0.287619
58 0.344655 0.306384 0.0466887 0.108675 0.252712
