2 0.691324 0.410244 0.138662 0.236483 0.85604
0 0.157404 0.714812 0.0489086 0.235945 0.824753
0 0.251412 0.285603 0.0379041 0.180395 0.790208
0 0.915288 0.519483 0.0389862 0.193068 0.774317
0 0.204771 0.733186 0.0411211 0.2167 0.758961
0 0.55224 0.927211 0.044034 0.145579 0.755598
0 0.4823 0.656571 0.0401506 0.217809 0.737398
0 0.521046 0.658608 0.0427522 0.196584 0.727044
0 0.538313 0.0838603 0.029334 0.146631 0.718729
0 0.425144 0.64131 0.0367699 0.223595 0.675182
0 0.503481 0.0725397 0.0287998 0.145079 0.611191
0 0.902534 0.175688 0.0315437 0.159296 0.588063
0 0.928019 0.220274 0.0350677 0.157895 0.568286
0 0.887564 0.421359 0.0330006 0.163484 0.544569
0 0.426758 0.215389 0.0311798 0.158554 0.542635
0 0.462572 0.0636823 0.024463 0.127365 0.453071
0 0.983299 0.459132 0.0328445 0.192511 0.438911
0 0.161676 0.193564 0.0309049 0.150174 0.414929
3 0.835091 0.603517 0.125843 0.154027 0.412861
0 0.834875 0.68213 0.0287708 0.213898 0.398409
0 0.197489 0.18557 0.0346257 0.148681 0.381604
0 0.0697489 0.421774 0.0306039 0.146864 0.376278
0 0.250312 0.126408 0.033091 0.158761 0.355995
3 0.70165 0.194682 0.0996011 0.0979957 0.340752
0 0.23403 0.180545 0.0199086 0.137437 0.321297
1 0.871469 0.627069 0.0556969 0.109598 0.312689
0 0.737135 0.582358 0.0636885 0.180992 0.298907
58 0.345872 0.305869 0.048315 0.109772 0.263514
0 0.727511 0.580282 0.0474527 0.179282 0.257957
58 0.809629 0.282491 0.0533234 0.0829348 0.254098
