0 0.16653 0.703309 0.0443844 0.231582 0.864216
0 0.915023 0.518441 0.0397701 0.192467 0.844724
2 0.691362 0.409703 0.138942 0.236285 0.843808
0 0.486957 0.553759 0.0356064 0.205824 0.825412
0 0.740708 0.951426 0.0498726 0.0971485 0.822405
0 0.532764 0.539074 0.0351266 0.210615 0.80962
0 0.847881 0.65797 0.0496494 0.214469 0.754943
0 0.487673 0.935338 0.0393265 0.129324 0.699381
0 0.241023 0.374699 0.0333745 0.186011 0.645811
0 0.747348 0.0813144 0.0308237 0.137766 0.616176
0 0.4353 0.209218 0.0354527 0.162481 0.60709
0 0.83602 0.0769691 0.0270212 0.114064 0.563857
0 0.580453 0.0638134 0.0267488 0.126883 0.553279
0 0.695205 0.0852556 0.0436384 0.165664 0.480897
0 0.260949 0.226177 0.0365866 0.182738 0.391288
0 0.200471 0.371583 0.0265383 0.161749 0.378806
0 0.89229 0.113636 0.0308939 0.154277 0.366222
0 0.229109 0.22613 0.0259873 0.15529 0.341786
0 0.183352 0.241776 0.0386615 0.186563 0.340449
0 0.13393 0.187755 0.03037 0.164598 0.338466
1 0.706296 0.196777 0.0905854 0.10046 0.2918
3 0.809135 0.606513 0.0697434 0.133795 0.288203
1 0.722562 0.196512 0.0582788 0.0920148 0.281773
0 0.797652 0.0606305 0.0306198 0.116783 0.272639
58 0.809377 0.283846 0.0535938 0.0869834 0.269265
3 0.80122 0.618192 0.0515656 0.0990822 0.25008
