0 0.914869 0.518684 0.0400311 0.193985 0.84779
0 0.159392 0.664531 0.0433774 0.214033 0.84123
2 0.691248 0.409132 0.139152 0.234307 0.841162
0 0.501267 0.58959 0.0345331 0.203495 0.797773
0 0.54351 0.568604 0.0367146 0.206564 0.774601
0 0.473855 0.937105 0.0446438 0.12579 0.769191
0 0.847335 0.658635 0.0508701 0.21252 0.735344
0 0.243123 0.348304 0.0316583 0.1842 0.657541
0 0.43582 0.208435 0.0379645 0.162766 0.63158
0 0.200791 0.358822 0.0330849 0.153386 0.623967
0 0.572889 0.0533377 0.0298988 0.106675 0.564819
0 0.879078 0.0939362 0.0267855 0.15183 0.523614
0 0.746761 0.0960565 0.0315365 0.139395 0.504638
0 0.695522 0.0855427 0.0437164 0.167163 0.471105
0 0.135325 0.198263 0.0301609 0.152197 0.39355
0 0.260755 0.204476 0.0321089 0.165257 0.386699
0 0.827762 0.0645923 0.0246437 0.119893 0.338518
0 0.23261 0.202875 0.0300078 0.152359 0.317092
0 0.779757 0.123794 0.0314276 0.140189 0.313818
3 0.701485 0.194623 0.099984 0.107853 0.312414
0 0.175931 0.244259 0.030942 0.170527 0.29777
58 0.80954 0.283815 0.0531576 0.0862593 0.286624
1 0.722792 0.198008 0.0579361 0.0922941 0.28381
0 0.376123 0.257649 0.03847 0.130499 0.272473
3 0.805715 0.60815 0.0640827 0.12657 0.26643
