2 0.691357 0.410899 0.138698 0.23734 0.836175
0 0.916277 0.520023 0.0374222 0.190838 0.819784
0 0.547169 0.129491 0.0304541 0.150198 0.790589
0 0.212726 0.583107 0.0429138 0.21286 0.783857
0 0.260932 0.606853 0.0337687 0.218439 0.743626
0 0.842401 0.694591 0.0442741 0.231181 0.723737
0 0.521064 0.925438 0.0392786 0.147718 0.723286
0 0.290537 0.933189 0.0553451 0.133623 0.703104
0 0.564209 0.486121 0.0346817 0.174789 0.668967
0 0.246647 0.389123 0.0360938 0.189128 0.644039
0 0.46059 0.545429 0.035158 0.204384 0.642068
0 0.51349 0.121896 0.030067 0.155396 0.640248
0 0.860866 0.0753035 0.0294331 0.147563 0.637524
0 0.494579 0.547564 0.0384747 0.184932 0.635476
0 0.302948 0.642533 0.0400311 0.223442 0.622397
0 0.927864 0.158556 0.0280624 0.149766 0.617538
0 0.958425 0.521599 0.0315401 0.195241 0.569312
0 0.260119 0.972329 0.0465206 0.0553418 0.512684
0 0.249189 0.165549 0.0335073 0.173799 0.478688
0 0.429087 0.217216 0.0300963 0.156305 0.425276
1 0.703497 0.19893 0.0962479 0.0965195 0.365532
0 0.695328 0.0872785 0.0426029 0.169341 0.326689
0 0.497396 0.0769328 0.0306129 0.152384 0.311062
58 0.809294 0.287725 0.0526695 0.0916285 0.29753
3 0.701224 0.195233 0.100907 0.103013 0.295951
0 0.450656 0.0476121 0.0256048 0.0946395 0.281053
3 0.858646 0.59198 0.0856545 0.166428 0.260325
1 0.875651 0.631343 0.0491774 0.103727 0.258099
