2 0.69154 0.409945 0.139027 0.237352 0.833189
0 0.14869 0.941429 0.0449391 0.117143 0.828631
0 0.1813 0.910692 0.0509815 0.178548 0.810049
0 0.877774 0.31676 0.0432949 0.177509 0.782334
0 0.573245 0.892312 0.0417921 0.215377 0.775234
0 0.61517 0.894629 0.050684 0.206713 0.741817
0 0.91636 0.52027 0.03804 0.197251 0.729188
0 0.210445 0.32722 0.0326816 0.176425 0.718651
0 0.538975 0.930313 0.0322542 0.139374 0.667523
0 0.787621 0.0671318 0.0305399 0.131359 0.661383
0 0.201129 0.163119 0.0320367 0.15775 0.570306
0 0.16334 0.182714 0.0306648 0.182889 0.550403
3 0.700761 0.194906 0.10243 0.104521 0.541844
0 0.982007 0.326007 0.0351959 0.17731 0.528726
0 0.845143 0.659946 0.0561775 0.211476 0.524047
0 0.381386 0.648661 0.031025 0.243595 0.461664
0 0.0995127 0.330817 0.0303214 0.183878 0.411086
0 0.695234 0.0845031 0.0423132 0.165847 0.406342
0 0.438353 0.172771 0.0315766 0.241697 0.396364
0 0.437123 0.211347 0.0299799 0.16385 0.39527
0 0.234273 0.139511 0.0246984 0.153894 0.380236
0 0.253301 0.181441 0.0261359 0.140819 0.370986
0 0.128977 0.340581 0.0341666 0.165133 0.370382
0 0.265625 0.138308 0.023762 0.167946 0.339799
58 0.345292 0.307554 0.0480024 0.112007 0.333127
0 0.376232 0.260774 0.0386265 0.125263 0.308764
0 0.870021 0.0566457 0.025423 0.108099 0.307617
3 0.840162 0.599556 0.127816 0.153495 0.276117
0 0.853902 0.657916 0.0404556 0.212248 0.274541
0 0.260397 0.151666 0.0304008 0.1983 0.256495
