2 0.691433 0.411297 0.138967 0.236333 0.848908
0 0.91586 0.521067 0.0381138 0.195904 0.846087
0 0.275612 0.433064 0.0384016 0.196526 0.832548
0 0.126826 0.787548 0.0573482 0.236363 0.740202
0 0.321067 0.434292 0.0307493 0.176062 0.737689
0 0.578146 0.192001 0.0311337 0.163253 0.732867
0 0.22297 0.590607 0.0429157 0.22047 0.715879
0 0.742627 0.643383 0.0657993 0.235366 0.676637
0 0.252024 0.254683 0.0381166 0.190942 0.676214
0 0.129821 0.530198 0.0333112 0.18515 0.669336
0 0.504322 0.917874 0.0316744 0.163425 0.668404
0 0.847496 0.0731505 0.0286461 0.134217 0.630865
3 0.836942 0.613713 0.12591 0.150493 0.628828
0 0.0830148 0.631383 0.0442881 0.214173 0.627128
0 0.616674 0.181787 0.0289838 0.149122 0.607713
0 0.427885 0.4099 0.0312202 0.181726 0.55009
0 0.46012 0.411518 0.0352909 0.175807 0.51588
0 0.501967 0.188704 0.0310064 0.163876 0.514093
0 0.104927 0.67641 0.0383902 0.139749 0.449031
0 0.428784 0.218359 0.0324635 0.157492 0.371614
0 0.162591 0.192808 0.0256447 0.149166 0.365499
0 0.784128 0.113595 0.0275959 0.110786 0.363782
3 0.701219 0.19623 0.100723 0.100996 0.29003
58 0.810676 0.283451 0.0531059 0.0819805 0.261732
0 0.744454 0.640136 0.0407174 0.2379 0.253224
