2 0.691371 0.410803 0.139453 0.237598 0.8314
0 0.12292 0.859481 0.0484525 0.261689 0.823872
0 0.159129 0.882561 0.0436211 0.23129 0.821634
0 0.912291 0.518922 0.0385077 0.190192 0.792824
0 0.937397 0.277427 0.0334686 0.159975 0.778328
0 0.906306 0.372389 0.0393435 0.170865 0.758823
0 0.521507 0.788824 0.0434864 0.238629 0.723586
0 0.446117 0.674716 0.0297112 0.233402 0.703177
0 0.258242 0.196452 0.0299741 0.172748 0.643766
0 0.562362 0.92788 0.0376962 0.14424 0.635201
0 0.788617 0.061704 0.0298734 0.123408 0.633234
0 0.567644 0.783739 0.0400272 0.187363 0.597935
0 0.419905 0.210069 0.0300695 0.166825 0.578898
0 0.217491 0.262047 0.0330988 0.183362 0.567693
0 0.162545 0.191852 0.0299815 0.155714 0.55815
3 0.70061 0.193745 0.102576 0.106413 0.539786
0 0.252765 0.0667287 0.0307088 0.133457 0.507008
0 0.938728 0.679932 0.0394432 0.156029 0.506388
0 0.884725 0.0840341 0.03162 0.151628 0.483406
0 0.838681 0.661398 0.0388577 0.2155 0.435187
0 0.131468 0.190644 0.0278224 0.156304 0.416091
0 0.10488 0.385557 0.0314081 0.176954 0.415192
0 0.530417 0.0540468 0.0264694 0.100249 0.413402
0 0.695285 0.0862628 0.0428812 0.167467 0.404069
0 0.84604 0.345895 0.0265629 0.163294 0.341472
0 0.498537 0.0506925 0.024839 0.0977862 0.335816
0 0.403771 0.159737 0.0302026 0.15519 0.319236
0 0.375039 0.256316 0.0370622 0.11987 0.309791
1 0.873818 0.627239 0.0531643 0.113293 0.305891
3 0.840403 0.609758 0.122248 0.129277 0.293153
0 0.98637 0.294833 0.0267159 0.189538 0.286032
