2 0.691322 0.410622 0.139163 0.234931 0.880398
0 0.916088 0.520802 0.0380421 0.195555 0.84811
0 0.238316 0.318696 0.0381422 0.195495 0.809726
0 0.231704 0.747115 0.0515581 0.238292 0.790242
0 0.0709654 0.622521 0.0381839 0.228481 0.775108
0 0.546673 0.918913 0.0337416 0.156441 0.734325
0 0.463837 0.26236 0.0358714 0.170383 0.723477
0 0.734299 0.648602 0.0529261 0.223378 0.719903
0 0.135415 0.644465 0.0377659 0.197901 0.632792
0 0.66466 0.223992 0.0441753 0.152852 0.60421
0 0.599728 0.212931 0.0315207 0.13744 0.578087
0 0.198173 0.174531 0.0325838 0.161632 0.572035
0 0.287985 0.354625 0.0362404 0.202835 0.566137
0 0.521515 0.193559 0.0295222 0.159257 0.564852
0 0.408346 0.331912 0.0309155 0.181447 0.495327
0 0.164187 0.192518 0.027443 0.154973 0.483428
3 0.836819 0.611292 0.126589 0.153871 0.483034
0 0.340326 0.772217 0.0263075 0.148334 0.476389
0 0.4307 0.340894 0.0268867 0.162919 0.471108
0 0.427236 0.207853 0.0305126 0.137728 0.420327
3 0.720827 0.194709 0.0622372 0.0850644 0.357543
0 0.327926 0.343799 0.0280704 0.14652 0.347032
0 0.788352 0.100875 0.0286318 0.070873 0.311821
0 0.238266 0.111777 0.0258225 0.139601 0.294724
1 0.722794 0.196246 0.0572533 0.0831416 0.270967
