0 0.124629 0.870614 0.0477435 0.256279 0.836085
2 0.691591 0.409902 0.139202 0.235804 0.817316
0 0.433824 0.672376 0.042158 0.234628 0.806546
0 0.156054 0.893148 0.0424328 0.213704 0.802749
0 0.941327 0.288652 0.0355389 0.159777 0.784011
0 0.913233 0.520116 0.0379238 0.192489 0.77699
0 0.533571 0.807009 0.0431656 0.222865 0.682941
0 0.554161 0.934165 0.0452057 0.131671 0.665726
0 0.789447 0.0616 0.0295967 0.1232 0.637364
0 0.217592 0.271989 0.029764 0.183838 0.630835
0 0.573952 0.820776 0.0439974 0.218268 0.629659
0 0.2568 0.181134 0.0291308 0.161278 0.56541
0 0.420874 0.216176 0.0352008 0.164865 0.517218
0 0.895877 0.358629 0.0378933 0.181212 0.495307
3 0.700801 0.195614 0.102367 0.102534 0.456728
0 0.162959 0.180605 0.0313201 0.175191 0.439509
0 0.471784 0.0521373 0.0282438 0.0983465 0.410796
0 0.879212 0.0742402 0.0285219 0.144814 0.377321
0 0.286742 0.176108 0.0279677 0.163906 0.370646
0 0.990649 0.317605 0.0180719 0.165821 0.3603
0 0.499161 0.0481764 0.0259483 0.0931816 0.357833
0 0.695287 0.0865612 0.0425787 0.168858 0.348133
3 0.838134 0.610711 0.124945 0.138203 0.30158
0 0.530015 0.0487651 0.0266356 0.0938708 0.301182
0 0.100218 0.37293 0.0475664 0.171249 0.28357
0 0.37503 0.255158 0.0371112 0.125329 0.270762
1 0.702537 0.198769 0.0986046 0.0967261 0.254131
