2 0.691416 0.410174 0.139245 0.236849 0.848599
0 0.194113 0.758383 0.0398959 0.220001 0.84005
0 0.151868 0.7447 0.050338 0.245548 0.823667
0 0.488078 0.670282 0.0410655 0.211922 0.807213
0 0.439941 0.650833 0.0395197 0.215674 0.792353
0 0.914586 0.519878 0.0402443 0.192396 0.790424
0 0.249472 0.268967 0.0344856 0.173764 0.781468
0 0.531313 0.683192 0.0424667 0.206146 0.771088
0 0.556313 0.925011 0.042993 0.149978 0.751979
0 0.538687 0.0751974 0.0281816 0.13769 0.725487
0 0.502044 0.0672211 0.0286522 0.134442 0.617092
0 0.975998 0.454035 0.0465086 0.20349 0.608129
0 0.774041 0.596419 0.0379198 0.173357 0.504498
0 0.202624 0.184853 0.0330532 0.155548 0.489804
0 0.918008 0.213177 0.0328106 0.182856 0.477405
0 0.429138 0.213036 0.0268442 0.161085 0.475801
0 0.247208 0.121906 0.0333736 0.155771 0.470427
0 0.468937 0.0637206 0.0310246 0.125488 0.461715
0 0.826997 0.676562 0.0324356 0.227025 0.444486
0 0.878893 0.414031 0.0322517 0.179173 0.433381
1 0.868328 0.630788 0.0610983 0.107372 0.407054
0 0.896137 0.127719 0.0359837 0.167653 0.393305
3 0.701217 0.195984 0.100372 0.0991407 0.377879
1 0.70299 0.197625 0.0973091 0.0983914 0.360148
0 0.159965 0.200953 0.0345539 0.167207 0.3552
58 0.809654 0.283587 0.0540018 0.0858374 0.296576
58 0.345889 0.30658 0.0486548 0.109331 0.277022
0 0.695373 0.0844598 0.040559 0.165124 0.273565
0 0.337332 0.781082 0.0315267 0.141004 0.256399
0 0.878119 0.384597 0.031057 0.116073 0.253896
