2 0.691324 0.408974 0.139331 0.234096 0.86393
0 0.537998 0.657163 0.0367321 0.213978 0.836508
0 0.915597 0.518614 0.0376228 0.194481 0.833599
0 0.164201 0.596152 0.0401489 0.209916 0.827302
0 0.578113 0.644221 0.0389027 0.221012 0.783514
0 0.846334 0.657904 0.0511471 0.213427 0.735454
0 0.244617 0.30605 0.0321625 0.181992 0.727876
0 0.473749 0.933722 0.0312085 0.132556 0.659839
0 0.783813 0.0996801 0.0290174 0.139757 0.569301
0 0.160778 0.251242 0.0279562 0.161606 0.555337
0 0.216288 0.308159 0.0299318 0.166116 0.550194
0 0.855683 0.0654338 0.0239996 0.127896 0.540553
0 0.192267 0.24964 0.0252959 0.150309 0.481705
3 0.700726 0.191513 0.101606 0.113578 0.478721
0 0.757468 0.122588 0.0310448 0.145717 0.387484
58 0.345349 0.308893 0.0473729 0.115302 0.362612
0 0.695041 0.0849444 0.0421549 0.164919 0.355204
0 0.42069 0.202582 0.026759 0.155102 0.349395
0 0.262445 0.166962 0.0338445 0.183174 0.324469
0 0.235137 0.170538 0.0269814 0.144482 0.318747
0 0.200607 0.169008 0.0241025 0.13176 0.264274
0 0.30347 0.185949 0.030916 0.16735 0.252641
