2 0.690526 0.409252 0.138822 0.234681 0.841823
0 0.260059 0.632412 0.0475853 0.223867 0.833454
0 0.604437 0.784046 0.0412149 0.233964 0.826918
0 0.917229 0.518998 0.0432274 0.195157 0.810552
0 0.459846 0.938743 0.0437263 0.122514 0.807708
0 0.173435 0.509693 0.0361705 0.202274 0.781134
0 0.847089 0.658572 0.0493217 0.212578 0.749115
0 0.645101 0.771026 0.0491594 0.235946 0.679375
0 0.227477 0.263164 0.02796 0.147754 0.628644
0 0.257645 0.249555 0.0371416 0.176722 0.559513
3 0.701106 0.192186 0.100318 0.10405 0.491819
0 0.790189 0.0649371 0.0300898 0.102588 0.464266
0 0.187229 0.263009 0.0275318 0.152319 0.456955
0 0.422402 0.206114 0.02675 0.155991 0.347673
0 0.164059 0.19623 0.0273142 0.147926 0.311066
0 0.847227 0.172375 0.02868 0.157589 0.306327
0 0.336857 0.783947 0.0324302 0.141847 0.30119
58 0.345197 0.304145 0.0478886 0.105271 0.295037
0 0.654488 0.78088 0.0304091 0.215623 0.293576
3 0.809236 0.60707 0.0702452 0.133812 0.286972
0 0.847484 0.150155 0.0274765 0.112698 0.275242
0 0.400784 0.107807 0.0244431 0.13321 0.273223
