0 0.191623 0.834383 0.0461848 0.240554 0.866193
2 0.69122 0.408398 0.138722 0.233787 0.831594
0 0.666757 0.813741 0.0467522 0.248124 0.826401
0 0.914393 0.518538 0.0380325 0.19234 0.806228
0 0.461635 0.428992 0.0341932 0.191331 0.794081
0 0.500504 0.41671 0.0374735 0.198946 0.769268
0 0.929943 0.736671 0.0494381 0.231151 0.748959
0 0.499795 0.931659 0.0374824 0.136683 0.723857
0 0.847705 0.65705 0.0491823 0.211877 0.722063
0 0.22167 0.466511 0.0410739 0.19731 0.709539
0 0.186499 0.471047 0.030763 0.173776 0.671812
0 0.866725 0.173599 0.0300278 0.147966 0.631979
0 0.613526 0.149033 0.0300137 0.146682 0.618379
0 0.929582 0.208261 0.028211 0.155833 0.598947
0 0.265307 0.288901 0.0316874 0.164184 0.567411
0 0.432862 0.207694 0.0336779 0.161185 0.499356
0 0.237359 0.301783 0.0325457 0.168706 0.330121
1 0.703087 0.197816 0.0964247 0.100287 0.311394
0 0.694488 0.0864004 0.0447777 0.168485 0.273804
0 0.782256 0.20097 0.0302319 0.136866 0.260558
