0 0.916051 0.521742 0.0376629 0.19374 0.850523
2 0.691351 0.411264 0.139109 0.236993 0.835717
0 0.285356 0.535503 0.0372686 0.191195 0.801691
0 0.242173 0.53676 0.0407262 0.208392 0.790464
0 0.504581 0.919927 0.0339262 0.159854 0.733325
0 0.499035 0.109784 0.0323767 0.15594 0.70779
0 0.219303 0.922432 0.0580376 0.155137 0.702125
0 0.137125 0.418603 0.0308102 0.169602 0.702037
0 0.531615 0.146567 0.0293115 0.16067 0.68475
0 0.817052 0.671284 0.0420635 0.219414 0.678468
0 0.906299 0.127458 0.0262585 0.142861 0.675262
0 0.206331 0.65086 0.040537 0.222823 0.672687
0 0.558476 0.145284 0.026606 0.146477 0.606337
0 0.456081 0.497774 0.0377582 0.186815 0.582276
0 0.767088 0.0624521 0.0290426 0.124463 0.500869
0 0.227257 0.835136 0.0386617 0.129162 0.483538
0 0.484183 0.500264 0.0272397 0.176134 0.475943
0 0.493637 0.438457 0.0321596 0.174033 0.462978
0 0.428563 0.213853 0.0315456 0.169588 0.449115
0 0.227794 0.415126 0.0463184 0.123524 0.41139
0 0.253033 0.194984 0.0354188 0.169586 0.387193
0 0.493147 0.430478 0.0255919 0.152374 0.335298
0 0.158797 0.197978 0.0317423 0.155671 0.320625
0 0.695147 0.087424 0.0420004 0.171611 0.318644
0 0.833533 0.0514767 0.020829 0.099291 0.31822
0 0.425365 0.195456 0.034175 0.209824 0.298267
1 0.867156 0.632542 0.0644791 0.10555 0.280582
3 0.701391 0.19752 0.0996738 0.102526 0.262291
