0 0.732077 0.934322 0.0490463 0.131135 0.874697
0 0.480704 0.532121 0.0338228 0.198352 0.83492
0 0.525421 0.51685 0.0369236 0.199776 0.827642
0 0.172321 0.713892 0.0436062 0.226571 0.819584
2 0.691406 0.409303 0.138532 0.234838 0.816604
0 0.916017 0.519112 0.037377 0.190966 0.812469
0 0.193378 0.394127 0.0412899 0.163643 0.731931
0 0.493525 0.933246 0.0413301 0.133508 0.712674
0 0.584871 0.0740595 0.031991 0.148119 0.707287
0 0.936505 0.739373 0.038623 0.215329 0.706953
0 0.847763 0.659031 0.0515274 0.210683 0.700333
0 0.238104 0.384233 0.032947 0.176808 0.672607
0 0.433412 0.208293 0.0364145 0.162134 0.52695
0 0.751031 0.0762607 0.0304905 0.140337 0.511987
0 0.695403 0.0836338 0.043376 0.163814 0.430646
0 0.837315 0.0853957 0.0270136 0.110376 0.429508
0 0.89785 0.135496 0.0261106 0.130703 0.412635
0 0.183418 0.239424 0.0380387 0.178589 0.402743
0 0.223279 0.237587 0.0275574 0.1613 0.355909
0 0.134993 0.195595 0.0302896 0.152505 0.295556
0 0.261198 0.233876 0.0374495 0.181762 0.289441
1 0.703664 0.196742 0.0957162 0.10132 0.276967
58 0.80924 0.283464 0.053121 0.0856179 0.255036
