2 0.691464 0.411917 0.13892 0.235165 0.87346
0 0.915654 0.522133 0.0378221 0.193101 0.832517
0 0.505919 0.923391 0.0326052 0.15188 0.76626
0 0.889767 0.106389 0.0285416 0.141674 0.738089
0 0.152341 0.656414 0.0457494 0.229554 0.724397
0 0.183342 0.890847 0.0480036 0.218307 0.723896
0 0.29564 0.506657 0.032675 0.185996 0.713879
0 0.789212 0.658646 0.0557638 0.21948 0.707462
0 0.574879 0.156273 0.0297253 0.151835 0.694492
0 0.218826 0.497358 0.0408597 0.194038 0.669089
0 0.255812 0.495415 0.0348504 0.206308 0.665203
0 0.502386 0.136052 0.0301865 0.163535 0.658589
0 0.481393 0.475936 0.0395247 0.189111 0.644111
0 0.540734 0.166185 0.0307106 0.167428 0.638896
0 0.137934 0.453146 0.0318551 0.168808 0.616678
0 0.771688 0.0829318 0.0283655 0.126487 0.482275
0 0.448621 0.465102 0.0360247 0.184573 0.408482
0 0.42669 0.219852 0.029846 0.152871 0.337594
0 0.255923 0.212683 0.0338125 0.17373 0.333906
0 0.195521 0.186602 0.0295675 0.152816 0.317123
0 0.196771 0.781707 0.0387807 0.135306 0.303062
0 0.16117 0.196663 0.0293892 0.157036 0.288535
0 0.197885 0.836769 0.0395876 0.246814 0.286937
1 0.665464 0.20623 0.032504 0.0901226 0.283844
3 0.851321 0.620267 0.0985176 0.132541 0.266332
1 0.857839 0.626379 0.0847654 0.116795 0.263386
