2 0.691424 0.409725 0.138648 0.236861 0.851643
0 0.916005 0.520064 0.0377869 0.19562 0.847856
0 0.273957 0.436857 0.0373776 0.201451 0.77606
0 0.575454 0.193073 0.029612 0.165935 0.75573
0 0.50508 0.917706 0.0339811 0.160094 0.728963
0 0.319818 0.442312 0.0307488 0.182781 0.718261
0 0.613351 0.180276 0.0292341 0.152993 0.689983
0 0.0886299 0.635951 0.0448806 0.225249 0.680626
0 0.850891 0.0759376 0.0276875 0.132784 0.670587
0 0.224763 0.591651 0.0443125 0.22114 0.667529
0 0.744855 0.643424 0.0580219 0.233011 0.665432
0 0.131474 0.791788 0.0430418 0.228052 0.636196
0 0.504142 0.185375 0.0297221 0.163094 0.632038
0 0.25342 0.251318 0.0384964 0.191378 0.615689
0 0.429739 0.413195 0.0324959 0.183617 0.592109
0 0.129986 0.523685 0.0322329 0.180255 0.568421
3 0.83802 0.611517 0.126881 0.153502 0.476134
0 0.466149 0.416391 0.0322077 0.177165 0.445113
0 0.115003 0.729119 0.0418062 0.226214 0.408929
0 0.428647 0.218248 0.0331253 0.158762 0.39422
3 0.701127 0.196941 0.101554 0.100051 0.378396
0 0.783024 0.11341 0.0271393 0.111186 0.350491
1 0.692662 0.200725 0.0853008 0.10486 0.26252
