2 0.691295 0.410164 0.139023 0.233886 0.82823
0 0.157975 0.88652 0.0430204 0.224861 0.804789
0 0.122233 0.862635 0.0451748 0.255933 0.803517
0 0.937726 0.278172 0.035733 0.155632 0.799564
0 0.912748 0.518866 0.0389168 0.191612 0.792097
0 0.44256 0.675385 0.0332647 0.234968 0.736027
0 0.903672 0.368905 0.0394604 0.174435 0.720177
0 0.570834 0.789919 0.0410245 0.186594 0.704409
0 0.258369 0.195001 0.0320683 0.169969 0.66886
0 0.524417 0.796968 0.044551 0.239197 0.65905
0 0.559537 0.931527 0.0377958 0.136947 0.638123
0 0.788459 0.0613652 0.0301182 0.12273 0.62076
0 0.215691 0.271351 0.0376136 0.181619 0.578474
0 0.419666 0.214059 0.0284892 0.154132 0.556016
0 0.162755 0.191883 0.0304568 0.154186 0.552111
3 0.700836 0.193758 0.101674 0.102577 0.510691
0 0.943184 0.702483 0.0347054 0.193507 0.481147
0 0.252225 0.0627688 0.0311135 0.124786 0.46371
0 0.83741 0.660425 0.0422554 0.221064 0.459475
0 0.883299 0.0824439 0.0304155 0.147375 0.445904
0 0.985531 0.304214 0.0284088 0.189965 0.419304
0 0.4988 0.0496207 0.0242992 0.0975155 0.403119
0 0.106419 0.382498 0.0282447 0.17505 0.40247
0 0.530951 0.05203 0.0261456 0.0942713 0.348821
0 0.694814 0.0859533 0.0426649 0.168222 0.338471
0 0.284814 0.172646 0.0282218 0.166186 0.338185
26 0.499565 0.844453 0.0283747 0.062714 0.336277
0 0.375178 0.252532 0.0375605 0.13432 0.315079
0 0.130876 0.192534 0.0271529 0.151181 0.314125
3 0.84009 0.606249 0.12223 0.137413 0.297659
1 0.873639 0.626646 0.0523262 0.114973 0.275509
0 0.844074 0.341876 0.0261724 0.158029 0.267005
0 0.33731 0.781506 0.0317733 0.144031 0.257016
0 0.203253 0.171073 0.029449 0.148036 0.253517
