2 0.69124 0.410389 0.138921 0.235392 0.859816
0 0.916156 0.521164 0.0377975 0.194299 0.837819
0 0.282645 0.420115 0.0392112 0.197837 0.822794
0 0.221449 0.618836 0.0519303 0.223489 0.765588
0 0.108477 0.762877 0.0515516 0.238963 0.762387
0 0.503886 0.916462 0.036305 0.167076 0.744239
0 0.322159 0.410832 0.0345855 0.166698 0.699775
0 0.588188 0.198988 0.0343866 0.164695 0.696139
0 0.246277 0.265887 0.0360726 0.190664 0.680312
0 0.627172 0.190122 0.0311317 0.147271 0.642894
0 0.837058 0.0621818 0.0255405 0.124364 0.615418
0 0.423212 0.395338 0.0329838 0.187413 0.596838
0 0.495656 0.199486 0.0337054 0.169817 0.58533
0 0.73519 0.649069 0.055332 0.224382 0.558094
3 0.83693 0.612226 0.127266 0.15107 0.528628
0 0.429747 0.199034 0.0346243 0.199735 0.486824
0 0.0765545 0.695517 0.0356528 0.202021 0.484791
0 0.128191 0.549073 0.0330125 0.188031 0.483601
0 0.453723 0.398668 0.0311551 0.169033 0.456071
0 0.163573 0.194839 0.0262366 0.147847 0.404788
0 0.0747062 0.576082 0.0411396 0.121664 0.383477
0 0.735563 0.63837 0.04235 0.207825 0.36104
0 0.790169 0.0981299 0.0274361 0.068941 0.32413
1 0.693029 0.200841 0.0855619 0.10331 0.302235
58 0.810461 0.282932 0.0527361 0.0805168 0.250533
