2 0.691475 0.410805 0.138819 0.236983 0.849796
0 0.916098 0.521264 0.038084 0.194009 0.831994
0 0.22558 0.562162 0.0435932 0.207838 0.824255
0 0.244012 0.948972 0.0525358 0.102056 0.761993
0 0.515126 0.928369 0.0396238 0.140974 0.755546
0 0.535905 0.469399 0.0326353 0.180013 0.745406
0 0.521829 0.131709 0.0297495 0.160084 0.71698
0 0.919179 0.141226 0.0303917 0.142521 0.674713
0 0.829042 0.685876 0.0487021 0.219978 0.669167
0 0.497666 0.0872036 0.0329226 0.152246 0.66272
0 0.489664 0.526645 0.0334617 0.184543 0.65049
0 0.268014 0.648407 0.0402027 0.223558 0.643449
0 0.458926 0.524437 0.0347452 0.203488 0.639933
0 0.264987 0.906012 0.0501563 0.168769 0.637376
0 0.552268 0.134044 0.0273777 0.149433 0.626112
0 0.248338 0.179121 0.0370745 0.173137 0.610465
0 0.130795 0.392492 0.0327439 0.166334 0.587396
0 0.243325 0.411996 0.0396976 0.188805 0.569025
3 0.701016 0.194993 0.100888 0.104546 0.441338
0 0.429407 0.21848 0.0304543 0.157767 0.39485
0 0.973037 0.546065 0.0517359 0.206038 0.377127
0 0.206773 0.177687 0.0319122 0.162272 0.368739
3 0.838276 0.594637 0.127771 0.163335 0.368319
0 0.270487 0.61675 0.0415657 0.284203 0.356499
0 0.851373 0.0659389 0.0276533 0.120115 0.34698
1 0.702739 0.198114 0.0977247 0.0980343 0.30467
0 0.98816 0.130196 0.0231354 0.142913 0.283914
0 0.163424 0.171801 0.0291336 0.202954 0.275527
0 0.694977 0.0882434 0.042642 0.170684 0.263171
