0 0.256639 0.606481 0.0410347 0.220735 0.832878
2 0.6916 0.409757 0.139151 0.236697 0.801899
0 0.916931 0.518616 0.0411015 0.196022 0.781176
0 0.480484 0.931298 0.0354646 0.136729 0.769888
0 0.859197 0.239712 0.0377468 0.167384 0.749319
0 0.18845 0.402676 0.0366659 0.191603 0.736727
0 0.731164 0.933224 0.046511 0.133551 0.736178
0 0.601466 0.957693 0.0364871 0.0846141 0.672881
0 0.78767 0.0657896 0.0321806 0.131579 0.639217
0 0.436168 0.213456 0.0284117 0.16331 0.627181
0 0.641418 0.961886 0.0424652 0.0762288 0.619052
0 0.845724 0.659502 0.0531067 0.212426 0.58617
0 0.77344 0.919119 0.0477755 0.158605 0.57438
0 0.259112 0.17963 0.0287156 0.156988 0.494539
0 0.203131 0.175492 0.0340215 0.16783 0.468745
3 0.70102 0.194057 0.101062 0.105093 0.390426
0 0.129134 0.303784 0.0289832 0.159657 0.365611
0 0.37618 0.261577 0.0391214 0.131137 0.326301
0 0.161861 0.193949 0.0322755 0.151835 0.309696
58 0.810907 0.311425 0.0527269 0.141058 0.298025
0 0.853827 0.654494 0.0367928 0.220923 0.291225
1 0.702564 0.197401 0.0983204 0.0973108 0.290542
58 0.34563 0.3061 0.0487862 0.106549 0.271256
0 0.402809 0.121722 0.0265521 0.158634 0.269165
0 0.233658 0.175751 0.022234 0.153441 0.26329
