0 0.682703 0.860529 0.0469809 0.25422 0.852878
2 0.691393 0.408963 0.139233 0.234737 0.843988
0 0.190793 0.799257 0.048347 0.231688 0.83631
0 0.509834 0.442505 0.0333991 0.196518 0.829804
0 0.914872 0.518516 0.0374598 0.192626 0.790977
0 0.85901 0.155566 0.0301199 0.149781 0.768572
0 0.60196 0.13013 0.0307808 0.158109 0.761524
0 0.463509 0.456458 0.0316843 0.197585 0.75639
0 0.493407 0.94039 0.0392054 0.119221 0.752357
0 0.932692 0.737246 0.0444214 0.229657 0.732305
0 0.222457 0.443546 0.0401985 0.19982 0.702591
0 0.919276 0.179236 0.027058 0.165703 0.70211
0 0.847921 0.657606 0.0478409 0.2117 0.685845
0 0.190832 0.447937 0.0333707 0.173159 0.614654
0 0.434313 0.208136 0.032105 0.161081 0.43951
0 0.182544 0.240999 0.03856 0.176015 0.414394
0 0.200552 0.292153 0.0306068 0.148777 0.380759
0 0.69484 0.0862172 0.0435671 0.168415 0.37326
3 0.702062 0.194224 0.0982431 0.101711 0.33239
1 0.703094 0.195608 0.0959801 0.104278 0.313517
0 0.266278 0.267138 0.0247052 0.158002 0.283874
3 0.804892 0.608001 0.0624783 0.121876 0.272937
0 0.783544 0.178192 0.0283145 0.153225 0.272003
0 0.185733 0.448681 0.0318011 0.164681 0.270231
58 0.80982 0.295501 0.0525473 0.10815 0.260067
3 0.799487 0.620592 0.0476143 0.0934628 0.256254
