2 0.69131 0.410068 0.138999 0.233615 0.833168
0 0.157871 0.886634 0.0426208 0.223434 0.822104
0 0.122036 0.863578 0.0463278 0.255139 0.813177
0 0.913119 0.519555 0.0390297 0.191386 0.785856
0 0.93786 0.281294 0.0363491 0.159563 0.785735
0 0.441298 0.674832 0.0344132 0.23479 0.725994
0 0.903465 0.369307 0.0378963 0.174492 0.70122
0 0.57174 0.794246 0.0398063 0.191095 0.680397
0 0.524705 0.797733 0.0463344 0.233784 0.669391
0 0.257911 0.195072 0.0318574 0.171377 0.655316
0 0.788997 0.0619854 0.0300091 0.123971 0.623649
0 0.559452 0.933085 0.0384816 0.13383 0.602312
0 0.419674 0.214642 0.0288177 0.155736 0.568622
0 0.163169 0.190193 0.0313864 0.156561 0.545266
0 0.215536 0.268025 0.0372741 0.181789 0.531865
0 0.883075 0.0813214 0.0311031 0.149726 0.496461
3 0.701024 0.195053 0.101407 0.101539 0.478427
0 0.83983 0.659659 0.0381702 0.222362 0.427157
0 0.985835 0.30701 0.0277994 0.188609 0.423901
0 0.251807 0.0620824 0.031329 0.123366 0.413679
0 0.106637 0.382392 0.0288061 0.178033 0.409499
0 0.498577 0.0494393 0.0253099 0.0972349 0.407439
26 0.499817 0.844746 0.028721 0.0647498 0.331588
0 0.531489 0.0515131 0.0263193 0.0951756 0.330517
3 0.839626 0.606441 0.122549 0.137839 0.329951
0 0.694881 0.0861036 0.0425833 0.168931 0.329021
0 0.375498 0.253029 0.0377706 0.130155 0.313256
0 0.284318 0.172324 0.0281304 0.16681 0.303971
0 0.203116 0.170994 0.0285812 0.150577 0.286285
1 0.873541 0.624232 0.052475 0.119926 0.269089
1 0.702783 0.198325 0.0975273 0.0974842 0.254438
