2 0.69131 0.410145 0.139532 0.237865 0.809127
0 0.878751 0.297909 0.0370594 0.171167 0.788714
0 0.913919 0.518852 0.041715 0.194068 0.787697
0 0.192032 0.925403 0.0581434 0.147726 0.755699
0 0.583457 0.903145 0.0455006 0.190405 0.716776
0 0.153551 0.956941 0.0454783 0.0861174 0.698494
0 0.631987 0.909994 0.046537 0.180013 0.688443
0 0.78785 0.0670004 0.0311365 0.130624 0.68598
0 0.206203 0.344559 0.0344356 0.183153 0.680142
0 0.536098 0.936002 0.031981 0.127995 0.624511
0 0.237629 0.139169 0.028317 0.15978 0.613009
0 0.84524 0.659252 0.0568014 0.211597 0.543858
0 0.861348 0.0515275 0.0302975 0.103055 0.541974
3 0.700599 0.194428 0.102288 0.103405 0.525286
0 0.163126 0.189833 0.0304086 0.16174 0.50259
0 0.989979 0.338195 0.0192894 0.196598 0.498267
0 0.201251 0.176228 0.0301969 0.176437 0.479151
0 0.102889 0.33162 0.0277995 0.171596 0.440553
0 0.265871 0.140475 0.0288909 0.193548 0.367068
0 0.695465 0.0855267 0.0420242 0.168182 0.361484
0 0.854171 0.65795 0.0411892 0.211694 0.320947
2 0.0591539 0.337137 0.0669249 0.14899 0.30767
58 0.809133 0.309351 0.0523626 0.135527 0.307515
3 0.840646 0.598406 0.126698 0.148413 0.306126
58 0.345776 0.305963 0.0490772 0.107231 0.287398
0 0.43223 0.164079 0.0316585 0.23104 0.274405
1 0.702216 0.197348 0.0990758 0.100041 0.258685
