2 0.691472 0.409225 0.138525 0.236901 0.882324
0 0.240267 0.371004 0.0436059 0.207393 0.870992
0 0.227422 0.872211 0.051405 0.255577 0.847758
0 0.916274 0.519246 0.0378822 0.194086 0.836519
0 0.071818 0.621547 0.0382958 0.229011 0.795951
0 0.506723 0.274382 0.0296291 0.168729 0.768699
0 0.617064 0.216414 0.0325413 0.16093 0.747088
0 0.61261 0.933908 0.0385977 0.132185 0.741017
0 0.286886 0.303596 0.04167 0.183484 0.729492
0 0.0440559 0.728751 0.0457394 0.20561 0.72653
0 0.733646 0.646399 0.0539855 0.2258 0.698518
0 0.263385 0.218523 0.0287811 0.160754 0.498992
0 0.456035 0.283246 0.0259499 0.14594 0.4854
0 0.199313 0.172014 0.0335455 0.170375 0.480019
0 0.432009 0.274479 0.0295013 0.171679 0.471
3 0.836784 0.607248 0.129312 0.157519 0.439641
0 0.16647 0.188588 0.0310293 0.163973 0.41245
0 0.788349 0.099283 0.0277243 0.0670192 0.397825
0 0.736732 0.251182 0.0368582 0.161917 0.365316
0 0.119661 0.18144 0.0304357 0.145763 0.283744
