0 0.915959 0.518736 0.0376751 0.193885 0.840039
2 0.691278 0.408348 0.139067 0.234194 0.826631
0 0.171134 0.566949 0.04195 0.206547 0.804836
0 0.590754 0.676321 0.0399923 0.231734 0.793323
0 0.555213 0.686467 0.0368017 0.20508 0.77912
0 0.477426 0.941482 0.0389853 0.117035 0.728359
0 0.847018 0.658171 0.0481953 0.211956 0.714252
0 0.246539 0.295256 0.0304802 0.166661 0.677071
0 0.327661 0.655482 0.0391493 0.230722 0.623291
0 0.220761 0.293761 0.0264901 0.150743 0.572995
0 0.261213 0.155168 0.0348575 0.1771 0.444637
0 0.759831 0.133661 0.0306461 0.143015 0.432478
0 0.160055 0.253729 0.0258227 0.161011 0.41525
26 0.597223 0.667571 0.0291534 0.0707287 0.306129
3 0.70483 0.191689 0.0973092 0.0970607 0.30046
1 0.703955 0.194959 0.095644 0.101086 0.300348
0 0.190417 0.253687 0.0304045 0.159384 0.284645
0 0.299407 0.193482 0.0295757 0.151855 0.272089
0 0.200746 0.175758 0.0255983 0.148694 0.267289
