2 0.690494 0.409639 0.138587 0.235911 0.833961
0 0.458268 0.939271 0.043659 0.121458 0.817963
0 0.917454 0.518722 0.0437012 0.195617 0.816021
0 0.606964 0.787521 0.042318 0.229367 0.806784
0 0.173286 0.503416 0.0379317 0.202396 0.797238
0 0.252695 0.630949 0.0369891 0.23194 0.760645
0 0.846995 0.658526 0.0493223 0.212967 0.756736
0 0.652549 0.774773 0.0433353 0.239906 0.652854
0 0.186454 0.264108 0.0283686 0.157373 0.560778
0 0.259511 0.24093 0.0354524 0.179749 0.5594
36 0.255435 0.736514 0.0333363 0.0238424 0.530997
0 0.228113 0.255915 0.0280088 0.14378 0.517799
0 0.658491 0.785411 0.0310192 0.21664 0.458294
0 0.788447 0.063256 0.0297153 0.11279 0.381503
3 0.701221 0.193075 0.0998112 0.102611 0.32095
0 0.422654 0.207164 0.0246063 0.153277 0.296403
0 0.848006 0.17493 0.0280626 0.156999 0.294715
58 0.345055 0.305493 0.0475019 0.106886 0.269777
0 0.164183 0.196297 0.0281598 0.145354 0.269613
0 0.848256 0.143289 0.0268719 0.0942742 0.264023
0 0.337303 0.78156 0.0321681 0.138569 0.253951
