0 0.619295 0.663893 0.0474012 0.236102 0.841153
0 0.915934 0.51488 0.0419458 0.18453 0.832678
2 0.691234 0.410197 0.138895 0.234065 0.814881
0 0.213764 0.92796 0.0513677 0.143666 0.813808
0 0.501112 0.33282 0.0324095 0.188019 0.790058
0 0.848661 0.658215 0.051149 0.21271 0.77321
0 0.455365 0.338404 0.0330959 0.186316 0.759779
0 0.274516 0.366396 0.0325207 0.171016 0.738017
0 0.901412 0.243461 0.0311068 0.153689 0.728754
0 0.487254 0.937907 0.0321981 0.124187 0.683652
0 0.915893 0.736758 0.0463123 0.224188 0.661616
0 0.169138 0.560294 0.0445209 0.186128 0.642025
0 0.973492 0.292793 0.0344374 0.169723 0.626996
0 0.218915 0.558117 0.0429509 0.212587 0.572791
0 0.323586 0.617092 0.0426878 0.222115 0.549011
0 0.168756 0.36803 0.0317349 0.172867 0.544663
0 0.663394 0.212427 0.0319359 0.164865 0.496743
0 0.213199 0.363153 0.0371914 0.172558 0.468722
0 0.17547 0.560097 0.0322721 0.18084 0.414551
0 0.780142 0.251036 0.0331743 0.142807 0.356927
0 0.135666 0.202733 0.0291786 0.146002 0.336383
0 0.161893 0.190637 0.0275536 0.150601 0.330314
