0 0.862946 0.263024 0.0359493 0.170167 0.848831
2 0.691158 0.410849 0.139006 0.236339 0.827682
0 0.288358 0.608831 0.0591563 0.219495 0.809755
0 0.915438 0.518025 0.0411348 0.197953 0.79497
0 0.606178 0.936808 0.0531621 0.126383 0.733959
0 0.193334 0.377911 0.0368151 0.186128 0.731854
0 0.786951 0.0672726 0.0289052 0.130986 0.729403
0 0.50582 0.929273 0.0333599 0.141454 0.701654
0 0.805071 0.945357 0.0467999 0.109285 0.679129
0 0.193874 0.968101 0.0488386 0.063799 0.667036
0 0.436124 0.212238 0.0275049 0.161059 0.600522
0 0.764684 0.954913 0.0414999 0.090175 0.542139
0 0.844899 0.659241 0.054821 0.212007 0.491296
0 0.16165 0.198438 0.0336083 0.165041 0.486604
0 0.252645 0.163644 0.0272289 0.15354 0.482874
0 0.200504 0.17037 0.0310793 0.176464 0.466664
0 0.647456 0.941027 0.0432086 0.115443 0.461268
58 0.810103 0.311454 0.0542866 0.142575 0.44574
0 0.121435 0.314127 0.0305924 0.1665 0.437313
3 0.701392 0.194996 0.100304 0.0997676 0.352695
0 0.854576 0.659189 0.0363033 0.209401 0.330474
0 0.30621 0.18737 0.029824 0.147239 0.324583
2 0.0585286 0.335117 0.0613948 0.144103 0.29802
58 0.345794 0.306814 0.0487395 0.10865 0.297898
3 0.840348 0.597969 0.127108 0.147824 0.296585
0 0.375842 0.261846 0.0376924 0.125695 0.282029
0 0.232625 0.173837 0.0199228 0.137111 0.280538
