0 0.172009 0.545681 0.0392122 0.204191 0.835301
0 0.915928 0.519027 0.038011 0.193867 0.8337
2 0.691458 0.408646 0.138947 0.236781 0.826837
0 0.570609 0.722744 0.0390017 0.223487 0.790005
0 0.477504 0.942831 0.0469436 0.114338 0.780324
0 0.611183 0.707546 0.0404432 0.234648 0.772932
0 0.301716 0.641529 0.0455436 0.224695 0.74453
0 0.846788 0.657736 0.0507847 0.213045 0.720053
0 0.250808 0.267307 0.0327669 0.192445 0.625388
0 0.222394 0.276885 0.0281945 0.157068 0.566774
0 0.184273 0.255679 0.0320599 0.157082 0.447929
1 0.697263 0.192903 0.0923543 0.111138 0.422944
0 0.424648 0.202595 0.0310144 0.159332 0.369507
0 0.618276 0.710482 0.0278196 0.223303 0.353278
3 0.700665 0.189698 0.101958 0.114435 0.344505
0 0.693942 0.0891036 0.0439147 0.172486 0.336254
58 0.345688 0.305099 0.0480902 0.105456 0.333966
0 0.15894 0.255686 0.0265113 0.163429 0.313977
0 0.299627 0.192489 0.0300197 0.149857 0.279014
3 0.80954 0.607216 0.068648 0.134921 0.26013
0 0.259101 0.121314 0.0324894 0.143602 0.253576
