0 0.134037 0.805989 0.0480704 0.244017 0.850641
2 0.691416 0.411432 0.139214 0.237184 0.828698
0 0.173853 0.833887 0.0443422 0.242872 0.802557
0 0.445588 0.673339 0.0408472 0.224279 0.783649
0 0.50249 0.738696 0.0462122 0.228508 0.769827
0 0.920193 0.254434 0.0367363 0.158099 0.734619
0 0.553951 0.934243 0.041194 0.131515 0.728802
0 0.918929 0.519097 0.0385798 0.194215 0.684803
0 0.878229 0.652049 0.0471901 0.203717 0.664138
0 0.259247 0.231994 0.0299332 0.170451 0.652685
0 0.535043 0.0613767 0.0265186 0.119452 0.617626
0 0.860708 0.384731 0.0299824 0.172288 0.614518
0 0.827796 0.670227 0.0471336 0.200941 0.607789
0 0.549271 0.740594 0.0407626 0.205171 0.56075
0 0.228255 0.236023 0.0295225 0.172247 0.505652
0 0.20326 0.176453 0.0316446 0.171678 0.496074
0 0.932764 0.407915 0.0314667 0.181418 0.492977
0 0.971235 0.25244 0.0424664 0.174668 0.47969
0 0.861175 0.104746 0.0291838 0.160171 0.451179
3 0.701002 0.196202 0.101552 0.100319 0.444769
0 0.500633 0.0609363 0.0264964 0.1205 0.443053
0 0.434004 0.210582 0.0269245 0.16632 0.416433
0 0.893928 0.108606 0.0323917 0.155671 0.404671
0 0.793927 0.0586491 0.02736 0.117298 0.365892
0 0.695861 0.0869052 0.0432415 0.168596 0.353607
0 0.470573 0.0581396 0.0256962 0.112094 0.317979
0 0.131843 0.187013 0.0279034 0.164769 0.315704
0 0.175315 0.224099 0.0286503 0.198828 0.307883
0 0.161315 0.191743 0.0260701 0.151846 0.300247
1 0.702964 0.198924 0.0973665 0.0958984 0.298124
58 0.345285 0.305699 0.0478127 0.105801 0.284942
0 0.0879862 0.397427 0.0321575 0.16951 0.278299
