2 0.691123 0.409729 0.139154 0.234966 0.856566
0 0.916118 0.521049 0.0376347 0.195167 0.833411
0 0.225531 0.622058 0.0466394 0.220352 0.822867
0 0.284242 0.411615 0.0368055 0.200926 0.793571
0 0.103535 0.756745 0.0558022 0.245698 0.781778
0 0.504435 0.917256 0.0372694 0.165487 0.748927
0 0.594514 0.201495 0.029951 0.16619 0.738606
0 0.244078 0.268353 0.0361905 0.187532 0.698485
0 0.324048 0.408075 0.0324103 0.171604 0.690904
0 0.490248 0.208273 0.0327087 0.165611 0.618706
0 0.835879 0.0617891 0.0259819 0.123578 0.60199
0 0.0669712 0.70153 0.0440651 0.226049 0.601809
0 0.420893 0.389108 0.0327459 0.183235 0.594822
0 0.734631 0.647338 0.0572772 0.228693 0.573577
0 0.631606 0.194386 0.0278847 0.151075 0.561465
3 0.837213 0.612083 0.127009 0.150401 0.556377
0 0.126792 0.556418 0.0313347 0.193645 0.550232
0 0.433068 0.200099 0.0407738 0.203845 0.472627
0 0.163336 0.19342 0.0269404 0.150887 0.431591
0 0.0726356 0.5806 0.0412485 0.138265 0.424628
0 0.731341 0.637432 0.0433516 0.222394 0.370251
0 0.790663 0.0994147 0.0271694 0.0702801 0.323741
0 0.453837 0.390478 0.0305302 0.170606 0.313814
0 0.519984 0.189392 0.0311373 0.142975 0.289569
0 0.447805 0.388502 0.0269758 0.182726 0.251514
