2 0.69158 0.40854 0.138779 0.238307 0.883976
0 0.240805 0.369162 0.0443847 0.208671 0.87111
0 0.227701 0.856254 0.0530086 0.248297 0.844782
0 0.916259 0.519962 0.0382938 0.193809 0.83494
0 0.605796 0.21615 0.0436471 0.15825 0.782319
0 0.503572 0.278391 0.0291292 0.167247 0.751105
0 0.60859 0.933619 0.0402279 0.132762 0.741767
0 0.072439 0.621826 0.0377156 0.229684 0.715551
0 0.289569 0.309946 0.0415121 0.187662 0.70938
0 0.0490461 0.722158 0.0397051 0.206358 0.703641
0 0.733754 0.646129 0.0543434 0.2264 0.687121
0 0.19955 0.173692 0.033608 0.167749 0.572989
3 0.836768 0.607803 0.128414 0.157096 0.521966
0 0.736225 0.255025 0.0436203 0.173662 0.516231
0 0.26423 0.219609 0.0291245 0.159059 0.501114
0 0.660518 0.231616 0.0328081 0.13073 0.423896
0 0.454379 0.289079 0.0293297 0.152389 0.409423
0 0.788199 0.0994694 0.0275605 0.0678043 0.401068
0 0.165378 0.187475 0.029164 0.160856 0.38554
0 0.430094 0.277961 0.0279011 0.163963 0.361798
0 0.119846 0.181081 0.0295734 0.149638 0.306754
0 0.301975 0.295491 0.019329 0.16501 0.278734
0 0.340502 0.770716 0.0260292 0.142723 0.261277
