2 0.691414 0.408691 0.13846 0.23761 0.903796
0 0.916175 0.519849 0.0382494 0.193734 0.838616
0 0.226276 0.442559 0.0431253 0.218949 0.810183
0 0.978677 0.328089 0.0391796 0.173413 0.777399
0 0.0721625 0.623099 0.0426698 0.226608 0.770454
0 0.547194 0.233775 0.0320642 0.169765 0.745081
0 0.494886 0.265107 0.049614 0.165136 0.72518
0 0.643578 0.956069 0.0393078 0.0875525 0.676211
0 0.0176684 0.842826 0.0353369 0.222764 0.669994
0 0.222699 0.953898 0.0501959 0.0922045 0.630021
0 0.73534 0.64202 0.0589609 0.229838 0.618554
0 0.427405 0.217648 0.0314888 0.163439 0.605267
0 0.464458 0.223132 0.0272146 0.164246 0.59411
0 0.27963 0.248258 0.0351623 0.178248 0.575008
3 0.836597 0.607351 0.129155 0.158047 0.52941
0 0.727658 0.634679 0.0434969 0.21234 0.509177
0 0.788026 0.0997669 0.0283808 0.0681493 0.384213
0 0.199198 0.175198 0.0328599 0.162676 0.378416
0 0.732123 0.279203 0.0347495 0.140093 0.360248
0 0.106614 0.426358 0.0329822 0.182917 0.336981
0 0.790791 0.29554 0.03172 0.176574 0.319369
58 0.811714 0.310173 0.0531664 0.139588 0.26736
