2 0.691224 0.408175 0.138893 0.235508 0.887385
0 0.916258 0.519935 0.038101 0.193979 0.826706
0 0.227088 0.916513 0.0587877 0.166974 0.812675
0 0.233377 0.406723 0.0441661 0.20657 0.81143
0 0.637046 0.945979 0.0462563 0.108042 0.783273
0 0.0721234 0.622088 0.0405069 0.224223 0.746606
0 0.0237175 0.782126 0.0373682 0.207085 0.743577
0 0.534201 0.257652 0.0285479 0.167896 0.73933
0 0.275605 0.270031 0.0403026 0.174452 0.7056
0 0.767555 0.278693 0.0394886 0.179396 0.697925
0 0.734726 0.642119 0.057446 0.231209 0.632574
0 0.426092 0.26325 0.045882 0.159481 0.577178
3 0.836879 0.608111 0.129237 0.15662 0.530494
0 0.453588 0.242095 0.0297047 0.169805 0.528234
0 0.727893 0.634531 0.0425517 0.212374 0.522111
0 0.478511 0.251333 0.0308548 0.159483 0.509315
0 0.163709 0.193971 0.0289728 0.150329 0.492888
0 0.198231 0.169761 0.0338108 0.174872 0.479913
0 0.66953 0.221299 0.0333521 0.144616 0.418558
0 0.788286 0.0990663 0.0282135 0.0684925 0.395746
0 0.705988 0.246102 0.0388008 0.110968 0.381392
0 0.260477 0.196138 0.0321468 0.180078 0.373156
58 0.811033 0.310621 0.0522793 0.13742 0.275346
0 0.991603 0.37782 0.0160725 0.180376 0.268257
0 0.796488 0.229495 0.0257743 0.0571437 0.25552
