2 0.691545 0.410867 0.139298 0.235874 0.858743
0 0.915858 0.52173 0.0378611 0.193372 0.84674
0 0.286525 0.533871 0.0365 0.191944 0.802196
0 0.242586 0.532424 0.0379143 0.205571 0.794556
0 0.213577 0.917029 0.0524958 0.165942 0.78997
0 0.533327 0.150896 0.0308147 0.163633 0.771274
0 0.560293 0.147114 0.0282278 0.143864 0.731441
0 0.503877 0.919202 0.0370562 0.161079 0.729869
0 0.499979 0.116824 0.0317307 0.158646 0.720877
0 0.1369 0.426669 0.0305485 0.167669 0.685972
0 0.905344 0.11974 0.027367 0.14194 0.671948
0 0.199254 0.650138 0.0519211 0.222895 0.669705
0 0.816097 0.670101 0.0471947 0.221473 0.664259
0 0.455685 0.495152 0.0386749 0.186626 0.600012
0 0.427406 0.194206 0.0339043 0.207544 0.556012
0 0.22805 0.417131 0.0457485 0.124684 0.469614
0 0.488034 0.422721 0.0280025 0.148877 0.459639
0 0.253867 0.195846 0.0347363 0.168659 0.441206
0 0.767986 0.062783 0.0309172 0.125566 0.440584
0 0.481985 0.495953 0.0290075 0.182249 0.434696
0 0.223925 0.822385 0.0420399 0.134435 0.408379
0 0.205249 0.648386 0.0320663 0.217354 0.402514
0 0.158666 0.196423 0.0313123 0.158786 0.366706
1 0.864698 0.632704 0.066716 0.104566 0.337487
0 0.231574 0.119345 0.0298638 0.151882 0.313316
1 0.664737 0.199826 0.0320414 0.0986719 0.296327
3 0.701395 0.19702 0.0998114 0.104488 0.288327
0 0.066518 0.43711 0.0268736 0.119319 0.274545
0 0.429982 0.214356 0.0295948 0.167261 0.262579
0 0.695121 0.0871986 0.0411237 0.171129 0.260495
