2 0.691369 0.410378 0.139096 0.234219 0.882351
0 0.916141 0.520875 0.0377565 0.195181 0.844863
0 0.237887 0.31797 0.0379435 0.19788 0.781942
0 0.231389 0.738555 0.0499057 0.241959 0.767218
0 0.465039 0.261488 0.0349746 0.171498 0.737691
0 0.0709547 0.623119 0.0377844 0.229127 0.736805
0 0.543719 0.920039 0.0315963 0.153822 0.734946
0 0.734076 0.647965 0.0524786 0.222228 0.708922
0 0.135697 0.642237 0.0363863 0.201129 0.691554
0 0.407745 0.333313 0.0308277 0.180988 0.570006
0 0.517099 0.190123 0.0336506 0.15578 0.540019
0 0.198136 0.175331 0.0323773 0.160826 0.539645
0 0.432084 0.341027 0.0300762 0.169114 0.539359
0 0.0144014 0.665846 0.0287357 0.219679 0.515232
0 0.659985 0.222034 0.0421394 0.158114 0.514767
0 0.284933 0.329978 0.0423613 0.25125 0.501388
3 0.836805 0.612025 0.126524 0.15206 0.478327
0 0.28881 0.349729 0.0357418 0.211301 0.440457
0 0.596014 0.190104 0.0301212 0.0963699 0.414131
0 0.164193 0.19298 0.0272275 0.156068 0.412394
0 0.427283 0.209524 0.0290606 0.140812 0.407937
3 0.720637 0.195361 0.0625481 0.0873987 0.399813
0 0.340465 0.771571 0.0262056 0.147568 0.307133
0 0.788134 0.10099 0.0280235 0.0698991 0.26623
0 0.328882 0.346863 0.0258273 0.140087 0.263357
