2 0.6914 0.412025 0.138831 0.236312 0.86904
0 0.915648 0.522241 0.0380749 0.194875 0.830931
0 0.29814 0.494952 0.036319 0.186737 0.797527
0 0.885725 0.103782 0.0294575 0.140633 0.752015
0 0.509026 0.923982 0.038269 0.148007 0.743015
0 0.258863 0.492565 0.0326912 0.204166 0.715763
0 0.480985 0.463377 0.0410096 0.174126 0.694891
0 0.18018 0.885138 0.0492165 0.225691 0.69359
0 0.14634 0.65586 0.0408701 0.233167 0.677351
0 0.503363 0.14283 0.0299994 0.157844 0.657295
0 0.219608 0.504824 0.0448785 0.21049 0.652637
0 0.137533 0.461856 0.0305668 0.170412 0.623439
0 0.543472 0.17153 0.0311364 0.166337 0.620384
0 0.783035 0.652569 0.0494825 0.222617 0.553577
0 0.773769 0.0882079 0.029458 0.132005 0.546486
0 0.578637 0.159286 0.0274231 0.152058 0.514873
0 0.448141 0.461868 0.0337164 0.192588 0.486228
0 0.428089 0.408798 0.0294452 0.16849 0.411148
0 0.254108 0.217152 0.0344721 0.175906 0.398932
0 0.161789 0.195644 0.0271241 0.158341 0.379333
3 0.701112 0.197047 0.101301 0.105456 0.343164
0 0.195629 0.184065 0.0285241 0.155824 0.330623
26 0.426329 0.49689 0.0230942 0.0504732 0.301162
0 0.186879 0.760783 0.0451753 0.127434 0.282912
0 0.427409 0.218856 0.0351636 0.159121 0.271644
28 0.8331 0.743655 0.0201878 0.0455383 0.255558
1 0.685958 0.203471 0.0717506 0.100002 0.2554
