2 0.691437 0.409763 0.139173 0.236694 0.831776
0 0.215464 0.607705 0.0421904 0.230462 0.822308
0 0.855183 0.210796 0.0369247 0.168456 0.818695
0 0.917302 0.518084 0.0434082 0.196732 0.815146
0 0.674028 0.889491 0.0437626 0.221019 0.812922
0 0.71954 0.878767 0.0480286 0.239428 0.763451
0 0.450288 0.926946 0.043586 0.141621 0.747337
0 0.176245 0.446527 0.0343889 0.197793 0.718571
0 0.788296 0.0664813 0.0325273 0.128401 0.663266
0 0.266311 0.208364 0.0298244 0.168839 0.653892
0 0.144919 0.274855 0.0300764 0.185883 0.535687
0 0.844332 0.659236 0.0566868 0.212876 0.486539
0 0.432195 0.210203 0.0262587 0.157006 0.416226
3 0.701563 0.192302 0.100723 0.107094 0.41526
0 0.234023 0.213388 0.0225134 0.146825 0.413923
0 0.169411 0.278271 0.0304764 0.15728 0.359698
58 0.345931 0.308743 0.0491711 0.112806 0.330706
1 0.703054 0.196186 0.0968579 0.0990755 0.324134
3 0.840173 0.601906 0.128962 0.154258 0.323951
0 0.560866 0.0440581 0.028762 0.0850615 0.318975
0 0.200525 0.172328 0.0331551 0.17682 0.258472
