0 0.193548 0.620235 0.0470267 0.222275 0.897175
2 0.691649 0.410695 0.138373 0.237181 0.8525
0 0.915451 0.519345 0.0385607 0.192828 0.798517
0 0.247332 0.63425 0.0403101 0.215792 0.785604
0 0.250825 0.363212 0.0447494 0.19211 0.76152
0 0.460876 0.567279 0.0360443 0.204831 0.721885
0 0.532653 0.917736 0.0432101 0.159967 0.721514
0 0.598983 0.518429 0.0427059 0.182775 0.72006
0 0.939724 0.167669 0.030925 0.154586 0.697571
0 0.495893 0.576223 0.0396582 0.194329 0.666423
0 0.868433 0.103338 0.0336243 0.154217 0.625549
0 0.511937 0.107581 0.0301338 0.159848 0.614503
0 0.540526 0.11722 0.027556 0.14813 0.583387
0 0.855658 0.712004 0.0262238 0.200811 0.583215
0 0.315243 0.96585 0.0452737 0.0683005 0.577903
0 0.428219 0.218153 0.0324127 0.160551 0.53356
3 0.837139 0.605553 0.125066 0.153484 0.523351
0 0.198239 0.177228 0.0338221 0.168782 0.426735
3 0.701638 0.194952 0.0992605 0.099339 0.425398
0 0.158685 0.19369 0.0331362 0.149696 0.373036
0 0.233913 0.158685 0.0222514 0.156942 0.370655
0 0.254843 0.15582 0.0347626 0.165413 0.347397
0 0.945374 0.482014 0.0318768 0.153107 0.315352
0 0.695119 0.0853623 0.042091 0.165062 0.307098
0 0.444567 0.0542929 0.02141 0.107276 0.275592
58 0.810615 0.287304 0.0530537 0.0910066 0.25326
