0 0.70899 0.906494 0.0493156 0.187011 0.86764
0 0.181978 0.752319 0.0489458 0.24169 0.864025
0 0.470898 0.500073 0.0328567 0.198778 0.863842
2 0.69123 0.408844 0.138813 0.236387 0.816565
0 0.916005 0.518796 0.0374958 0.19101 0.794799
0 0.521407 0.486504 0.034595 0.200526 0.768972
0 0.592654 0.097004 0.0289952 0.150047 0.741256
0 0.493033 0.938716 0.0369148 0.122567 0.719846
0 0.934928 0.739118 0.042547 0.220721 0.691055
0 0.233226 0.412785 0.0386528 0.190034 0.678915
0 0.194094 0.408257 0.0318618 0.172896 0.671352
0 0.849454 0.658467 0.0486618 0.214383 0.662992
0 0.261832 0.249781 0.0370219 0.186542 0.596286
0 0.844058 0.122919 0.0314329 0.142105 0.583068
0 0.433699 0.20814 0.0361064 0.160996 0.473243
0 0.183909 0.239938 0.0410328 0.176662 0.442844
0 0.754527 0.063709 0.0288754 0.127418 0.442437
0 0.904274 0.151256 0.024299 0.147827 0.425895
0 0.694886 0.0851266 0.0426187 0.167294 0.394863
3 0.70135 0.194229 0.100215 0.103226 0.390455
0 0.138426 0.195805 0.0302378 0.154119 0.342455
0 0.213953 0.254229 0.0277657 0.151644 0.341378
1 0.702503 0.195613 0.0980391 0.104105 0.297398
58 0.809513 0.283506 0.0526548 0.0872397 0.257084
