0 0.423209 0.667432 0.0478544 0.228967 0.806393
2 0.691312 0.410281 0.138882 0.234981 0.804199
0 0.914639 0.518963 0.0367611 0.191183 0.751173
0 0.147961 0.905431 0.0482944 0.189137 0.745052
0 0.951162 0.298489 0.0329376 0.157375 0.716762
0 0.887328 0.36339 0.0432137 0.208325 0.706759
0 0.546653 0.934137 0.0541459 0.131725 0.69605
0 0.583745 0.848492 0.0493999 0.226883 0.668038
0 0.214899 0.288856 0.0317858 0.178629 0.641117
0 0.42759 0.186001 0.0380278 0.223682 0.627903
0 0.545166 0.802161 0.0400326 0.160459 0.626121
0 0.790959 0.0638328 0.0305916 0.125951 0.611227
0 0.847093 0.664765 0.0337193 0.199436 0.542226
0 0.253468 0.169529 0.0305687 0.16672 0.49637
0 0.114137 0.366811 0.0374613 0.179009 0.481649
3 0.700754 0.195077 0.10246 0.101369 0.46828
0 0.467594 0.0528925 0.0258678 0.0947599 0.440089
0 0.162497 0.175247 0.0302685 0.186363 0.417084
0 0.694662 0.0866884 0.042668 0.171145 0.412228
0 0.498443 0.0442619 0.0232003 0.0822471 0.318248
0 0.202802 0.157902 0.0310654 0.149516 0.315786
0 0.375776 0.255531 0.0385887 0.133408 0.310561
0 0.140986 0.884094 0.045138 0.231688 0.293904
58 0.344859 0.305261 0.0468838 0.106453 0.293846
0 0.228931 0.147362 0.0301983 0.209591 0.291297
1 0.701815 0.197468 0.10013 0.0981051 0.289019
0 0.0872365 0.368631 0.0249722 0.154359 0.287187
0 0.879332 0.0682175 0.027739 0.136435 0.285356
