2 0.691514 0.410401 0.139344 0.236528 0.829514
0 0.123081 0.856426 0.0485574 0.260983 0.80787
0 0.15992 0.879685 0.044439 0.23496 0.802497
0 0.912174 0.518713 0.037883 0.190021 0.789409
0 0.520942 0.78542 0.0420515 0.234183 0.755174
0 0.44703 0.675632 0.0303473 0.231135 0.72324
0 0.936184 0.276484 0.0310255 0.163612 0.689171
0 0.909062 0.372215 0.0366993 0.171231 0.657723
0 0.564406 0.789022 0.0392633 0.202412 0.655049
0 0.788859 0.0626317 0.0289734 0.125263 0.634444
0 0.259174 0.198754 0.0308654 0.168403 0.620787
0 0.563271 0.932022 0.038539 0.135956 0.609
0 0.886214 0.0845065 0.033419 0.152522 0.577654
3 0.700547 0.193457 0.10241 0.106904 0.566829
0 0.93578 0.696699 0.0433338 0.195825 0.542011
0 0.162081 0.191906 0.0289132 0.155071 0.540265
0 0.420124 0.20663 0.0330256 0.17704 0.535944
0 0.835764 0.668149 0.037089 0.203905 0.508395
0 0.218734 0.256548 0.0320198 0.183054 0.504666
0 0.846579 0.350362 0.0261179 0.168787 0.432965
0 0.253129 0.0672905 0.0314826 0.134581 0.428999
0 0.694881 0.0888385 0.0434989 0.172953 0.423173
1 0.874531 0.625225 0.0529106 0.117256 0.407529
0 0.529569 0.0551827 0.0258129 0.102492 0.406125
0 0.499229 0.0515087 0.0259161 0.0992703 0.381092
0 0.132406 0.187278 0.0305482 0.161859 0.375864
0 0.102103 0.386044 0.0352364 0.178743 0.367503
0 0.47608 0.0550542 0.0288612 0.102688 0.313188
0 0.404149 0.162086 0.0300902 0.160859 0.307726
3 0.839954 0.609766 0.122656 0.128926 0.306056
0 0.375358 0.251356 0.0380178 0.137564 0.305874
0 0.98521 0.287905 0.0290703 0.178229 0.295614
0 0.850064 0.0755763 0.0248051 0.149629 0.286516
0 0.19721 0.236059 0.0217595 0.129772 0.256981
