0 0.407628 0.657933 0.0385924 0.223723 0.861339
2 0.691264 0.409508 0.139477 0.23586 0.816704
0 0.150328 0.916729 0.0481312 0.166543 0.795751
0 0.885668 0.337493 0.0384611 0.180226 0.766161
0 0.916385 0.519618 0.0344021 0.191284 0.717795
0 0.594864 0.851988 0.0491152 0.215302 0.705393
0 0.78915 0.0666576 0.0316658 0.129568 0.70132
0 0.212213 0.300691 0.0333158 0.172814 0.666437
0 0.962817 0.304629 0.0304256 0.162464 0.650166
0 0.430923 0.197962 0.0346422 0.196672 0.618951
0 0.25617 0.163778 0.0324306 0.162102 0.568077
0 0.551322 0.827759 0.0439312 0.188855 0.535736
3 0.700702 0.194226 0.102459 0.106441 0.506285
0 0.877846 0.0645592 0.0276989 0.129118 0.465747
0 0.161857 0.177713 0.0322848 0.188194 0.455386
0 0.162358 0.887213 0.0405735 0.213362 0.453854
0 0.695227 0.0868624 0.042841 0.170767 0.43493
3 0.839086 0.599823 0.127051 0.154105 0.398095
0 0.543747 0.933804 0.0539605 0.132392 0.370535
0 0.849318 0.662932 0.0429073 0.200216 0.355354
58 0.811245 0.31129 0.0543205 0.143851 0.350547
1 0.694415 0.196043 0.0881104 0.112995 0.333605
0 0.466905 0.0521098 0.0233049 0.0916293 0.329929
0 0.549934 0.865252 0.04729 0.263608 0.324635
0 0.375935 0.257391 0.0387657 0.121489 0.317719
0 0.201957 0.159568 0.0314581 0.15536 0.313915
0 0.495977 0.0424945 0.0222656 0.0809147 0.311483
58 0.345258 0.306141 0.0480712 0.109973 0.30614
0 0.836297 0.0656255 0.0304707 0.126598 0.281331
0 0.16468 0.884237 0.0278023 0.205968 0.255656
