0 0.440571 0.664989 0.0440138 0.227603 0.876476
2 0.691491 0.410544 0.139432 0.237673 0.857482
0 0.13814 0.773471 0.048601 0.239619 0.852951
0 0.182454 0.798548 0.0434337 0.226452 0.823142
0 0.253277 0.246405 0.0382799 0.177768 0.808555
0 0.496951 0.711554 0.0443995 0.226692 0.801128
0 0.538567 0.715788 0.038475 0.20468 0.739458
0 0.916616 0.240989 0.03218 0.153129 0.707177
0 0.55136 0.932351 0.0403133 0.135298 0.705043
0 0.914676 0.520471 0.0432957 0.192328 0.654928
0 0.950238 0.421775 0.03797 0.182186 0.639053
0 0.534908 0.0662961 0.0279404 0.132592 0.616046
0 0.202605 0.182948 0.0343187 0.15806 0.576385
0 0.499595 0.0623382 0.0275984 0.124544 0.533299
0 0.948326 0.219618 0.0323502 0.170813 0.527863
0 0.432486 0.212123 0.0241497 0.163211 0.505525
0 0.866622 0.400113 0.031382 0.164011 0.456038
0 0.872881 0.115099 0.0313522 0.158378 0.430457
3 0.700567 0.193307 0.102573 0.102535 0.429461
0 0.900379 0.117022 0.0261129 0.138392 0.404006
0 0.0834447 0.397734 0.0253927 0.159396 0.373777
0 0.248267 0.105236 0.0333436 0.152864 0.365808
1 0.702967 0.196703 0.0979416 0.0989718 0.356479
0 0.825758 0.659524 0.0458721 0.213358 0.352074
0 0.696077 0.0841086 0.0430685 0.164568 0.346256
0 0.471457 0.0620077 0.0247334 0.117832 0.345504
58 0.80945 0.284074 0.0539129 0.0863444 0.313492
3 0.795534 0.60477 0.0435764 0.120051 0.284344
0 0.796394 0.0563858 0.0285662 0.110741 0.26723
0 0.33732 0.782595 0.0311433 0.136553 0.266087
