0 0.688306 0.879458 0.0498254 0.237757 0.857841
2 0.691366 0.409036 0.139087 0.23546 0.838056
0 0.183208 0.789076 0.0426856 0.232831 0.814378
0 0.914855 0.518213 0.0388857 0.192502 0.806801
0 0.511329 0.463142 0.0418885 0.205648 0.806122
0 0.491972 0.941157 0.0400448 0.117686 0.80258
0 0.46575 0.472674 0.0324514 0.196786 0.791962
0 0.855672 0.143921 0.0287998 0.144254 0.754359
0 0.190339 0.440843 0.0338932 0.172626 0.723711
0 0.226008 0.435326 0.0400818 0.196115 0.720544
0 0.847194 0.657942 0.049506 0.21035 0.707128
0 0.934615 0.733929 0.0407528 0.223104 0.689276
0 0.600317 0.119249 0.0291664 0.149211 0.6627
0 0.914313 0.178965 0.0252956 0.159243 0.65901
0 0.434194 0.208379 0.032261 0.160471 0.436205
0 0.182826 0.241117 0.0410297 0.177339 0.412508
0 0.256038 0.273335 0.0349365 0.186347 0.372689
0 0.695187 0.0874799 0.0434738 0.171802 0.364242
0 0.78279 0.176391 0.0267635 0.146646 0.330069
0 0.205582 0.275302 0.0280903 0.154388 0.321857
1 0.703147 0.197361 0.0958853 0.0998073 0.320388
58 0.80983 0.284672 0.0524601 0.0875032 0.287387
3 0.802931 0.606814 0.0585037 0.127349 0.284471
58 0.810902 0.308788 0.0527472 0.136794 0.276644
3 0.799518 0.619192 0.047756 0.0994144 0.274262
