0 0.4568 0.938713 0.0433537 0.122575 0.839453
2 0.691291 0.409239 0.138644 0.235392 0.831228
0 0.658459 0.776946 0.0427373 0.232915 0.82464
0 0.245702 0.625166 0.0373237 0.225403 0.819749
0 0.918543 0.518047 0.0433628 0.19389 0.816397
0 0.615219 0.802753 0.043431 0.229652 0.803847
0 0.173096 0.493111 0.0381994 0.200268 0.776083
0 0.84891 0.6587 0.0465565 0.215845 0.728672
0 0.260917 0.233403 0.0343715 0.189371 0.54652
0 0.230525 0.249065 0.0233724 0.136676 0.503493
36 0.244686 0.727185 0.034481 0.0257807 0.493276
0 0.847703 0.17634 0.0283852 0.159958 0.480993
0 0.185262 0.265276 0.0290776 0.16363 0.417454
0 0.421906 0.208297 0.0268088 0.156348 0.37772
3 0.701363 0.19187 0.100425 0.10525 0.375144
0 0.784631 0.0620928 0.0358381 0.121204 0.373555
0 0.492692 0.0340572 0.0226705 0.0645262 0.303971
58 0.345 0.306193 0.0466994 0.109024 0.282823
0 0.164099 0.196499 0.0290038 0.144895 0.276522
1 0.702617 0.195558 0.0968311 0.0977836 0.266219
3 0.806917 0.606929 0.0657104 0.128323 0.265207
0 0.20312 0.176714 0.0366709 0.169821 0.255595
0 0.376007 0.255608 0.0380703 0.115739 0.255238
