2 0.691325 0.409176 0.139227 0.235603 0.844906
0 0.684912 0.869755 0.0457254 0.249473 0.843068
0 0.510603 0.450606 0.0398125 0.197823 0.81543
0 0.492622 0.940796 0.0405351 0.118409 0.788993
0 0.914855 0.518802 0.0379599 0.192645 0.784712
0 0.187392 0.792419 0.0444206 0.231702 0.754028
0 0.464439 0.45793 0.0321648 0.183595 0.728374
0 0.933474 0.737014 0.0437519 0.230982 0.719529
0 0.857375 0.149632 0.0286449 0.144696 0.697017
0 0.84746 0.657815 0.0488956 0.211646 0.696985
0 0.916611 0.179574 0.0251659 0.156816 0.688715
0 0.190372 0.447282 0.0335957 0.175643 0.676494
0 0.600969 0.121636 0.0290943 0.159758 0.651635
0 0.224147 0.435867 0.0390798 0.192267 0.636407
0 0.181871 0.783454 0.0331782 0.216302 0.45751
0 0.433645 0.208063 0.0329679 0.160393 0.454819
0 0.182932 0.242442 0.0395803 0.179007 0.406456
0 0.194761 0.793576 0.0309531 0.228108 0.400362
0 0.694878 0.0868692 0.043131 0.169957 0.392421
3 0.701818 0.194437 0.0989204 0.101385 0.369137
1 0.702274 0.195587 0.101352 0.108182 0.307206
0 0.201524 0.289336 0.0333582 0.148873 0.287982
0 0.266316 0.26602 0.0213568 0.158509 0.270088
3 0.805046 0.607695 0.062096 0.122489 0.263876
