2 0.691498 0.412896 0.139115 0.239871 0.84179
0 0.915959 0.521752 0.0380653 0.195341 0.835547
0 0.237855 0.945916 0.0490449 0.108169 0.786128
0 0.827426 0.683691 0.0455666 0.224532 0.727018
0 0.916807 0.13747 0.0285692 0.144808 0.706697
0 0.512737 0.928391 0.0329037 0.141457 0.703686
0 0.262253 0.889071 0.0630506 0.143283 0.685941
0 0.131033 0.397198 0.0328503 0.169631 0.681591
0 0.232125 0.56129 0.0459635 0.213286 0.669347
0 0.523835 0.136279 0.0292849 0.158033 0.665178
0 0.498232 0.0905463 0.0338518 0.152067 0.649511
0 0.249285 0.183283 0.040835 0.17475 0.641829
0 0.529369 0.466489 0.0359007 0.183145 0.607306
0 0.46176 0.523467 0.04363 0.206918 0.596082
0 0.553533 0.139088 0.0282759 0.151355 0.587139
0 0.241665 0.417686 0.042889 0.181485 0.539222
0 0.276807 0.565523 0.0359242 0.201616 0.535339
0 0.487304 0.520179 0.0313994 0.189091 0.521322
0 0.763438 0.0554169 0.0300585 0.110834 0.436292
0 0.162592 0.1805 0.0286113 0.191839 0.417502
0 0.429486 0.21812 0.0306498 0.156427 0.384886
0 0.206117 0.179185 0.0320005 0.166249 0.384586
1 0.702783 0.199863 0.097381 0.0955753 0.363843
3 0.70082 0.197547 0.101595 0.102888 0.340547
1 0.866429 0.631521 0.0484108 0.109086 0.32974
0 0.253251 0.643455 0.0412857 0.231441 0.311876
0 0.695002 0.0881558 0.043593 0.171677 0.305083
3 0.838561 0.595225 0.126753 0.159014 0.301291
0 0.847853 0.0634886 0.0284445 0.121788 0.256489
0 0.97558 0.548459 0.0475159 0.191018 0.256225
