0 0.469362 0.500127 0.0323294 0.202752 0.847263
0 0.705413 0.903181 0.0488255 0.193193 0.846498
0 0.183713 0.76225 0.0475406 0.241085 0.845392
2 0.691357 0.409795 0.138979 0.237098 0.841184
0 0.916245 0.519702 0.0363823 0.192697 0.78718
0 0.520609 0.486234 0.0362843 0.200233 0.737955
0 0.492635 0.939996 0.0379084 0.120008 0.737647
0 0.190686 0.417321 0.0366489 0.167499 0.718765
0 0.935872 0.739887 0.0405048 0.220411 0.708317
0 0.231807 0.416927 0.0348724 0.191747 0.700053
0 0.593489 0.104212 0.0313554 0.151272 0.687213
0 0.845913 0.129421 0.0283974 0.147322 0.670274
0 0.849841 0.656425 0.0476379 0.211842 0.653394
0 0.906835 0.156664 0.0270376 0.152125 0.57385
0 0.261224 0.257817 0.0349267 0.188102 0.539308
0 0.433895 0.207966 0.0360311 0.160305 0.460102
0 0.754481 0.0638885 0.0302845 0.127777 0.437629
0 0.18297 0.240663 0.0400271 0.177187 0.388466
3 0.701353 0.193063 0.100109 0.105017 0.367463
0 0.695214 0.0855233 0.0429613 0.167801 0.363804
1 0.702664 0.194817 0.0975649 0.105983 0.321949
3 0.800583 0.619031 0.0503838 0.0997927 0.313382
0 0.137487 0.196186 0.0300859 0.151371 0.296807
58 0.345566 0.305773 0.0487892 0.107432 0.276298
