0 0.914592 0.518903 0.0404469 0.194968 0.861365
0 0.491572 0.567462 0.0352186 0.203494 0.840852
2 0.691163 0.409485 0.139125 0.235996 0.839622
0 0.164571 0.685148 0.0437589 0.223513 0.8179
0 0.535709 0.554009 0.043877 0.215564 0.807237
0 0.480408 0.936469 0.0409789 0.127061 0.779088
0 0.240678 0.363386 0.0329167 0.170473 0.758924
0 0.743483 0.963502 0.0469681 0.0729955 0.729265
0 0.847684 0.658707 0.0496971 0.216123 0.714685
0 0.198602 0.372136 0.0338716 0.162071 0.679834
0 0.435397 0.209605 0.0366354 0.160727 0.661634
0 0.887183 0.109099 0.0262581 0.15798 0.643973
0 0.745169 0.082539 0.0304313 0.142049 0.590117
0 0.58022 0.0615363 0.0299057 0.119571 0.520347
0 0.695738 0.0854267 0.0437631 0.166954 0.513577
0 0.834292 0.0740231 0.0248718 0.108723 0.505383
0 0.262188 0.216252 0.033752 0.168335 0.445995
0 0.232113 0.223237 0.026672 0.153377 0.440896
0 0.799053 0.0621478 0.0316303 0.117146 0.394061
1 0.701802 0.193248 0.100227 0.108744 0.352643
0 0.781463 0.132832 0.0287256 0.138603 0.344911
1 0.723509 0.197177 0.0566816 0.0899787 0.29879
0 0.375854 0.257844 0.0380484 0.122322 0.262824
0 0.17686 0.241354 0.0316796 0.174007 0.254995
3 0.81029 0.608061 0.0716076 0.133769 0.251611
