2 0.691501 0.40851 0.138388 0.237819 0.898407
0 0.916284 0.519535 0.0382776 0.194715 0.840208
0 0.226081 0.444146 0.0433503 0.216373 0.836824
0 0.0722045 0.623473 0.0427525 0.227143 0.783677
0 0.978541 0.323468 0.0401062 0.171558 0.7559
0 0.547867 0.233447 0.0324283 0.169727 0.749995
0 0.496506 0.263359 0.052222 0.165804 0.728274
0 0.0173719 0.845978 0.0347437 0.223624 0.677172
0 0.642184 0.955798 0.0381109 0.0884032 0.676268
0 0.465363 0.222512 0.0295137 0.164631 0.658891
0 0.278918 0.245332 0.0389813 0.178223 0.633273
0 0.736893 0.64233 0.0618412 0.230826 0.630602
0 0.427374 0.217656 0.031666 0.164531 0.616209
0 0.223368 0.955235 0.0498486 0.089263 0.602326
0 0.727432 0.635081 0.0428905 0.212802 0.508937
3 0.836399 0.607895 0.128945 0.156428 0.489784
0 0.198715 0.175204 0.0318348 0.164305 0.452019
0 0.732403 0.277514 0.0361956 0.142265 0.449705
0 0.107771 0.424026 0.0338051 0.186878 0.40131
0 0.788034 0.099706 0.02831 0.0679109 0.346068
0 0.161658 0.18355 0.0268831 0.16434 0.282571
