0 0.507083 0.605529 0.0351893 0.210748 0.843449
2 0.691241 0.409028 0.139138 0.235552 0.842011
0 0.915056 0.518645 0.0391075 0.193842 0.84021
0 0.157819 0.654545 0.0428724 0.221968 0.80379
0 0.553905 0.584976 0.0410093 0.211449 0.777313
0 0.471378 0.93676 0.0407335 0.126481 0.752883
0 0.84671 0.658944 0.0512646 0.213147 0.726957
0 0.243047 0.343602 0.0320175 0.178953 0.670937
0 0.205956 0.340751 0.0298359 0.156634 0.653891
0 0.433596 0.208988 0.0356672 0.164639 0.644825
0 0.873016 0.0826927 0.0273548 0.151089 0.563783
0 0.571134 0.0471424 0.0272915 0.0913026 0.539157
0 0.695465 0.0846518 0.0431353 0.165022 0.418776
0 0.261806 0.194729 0.031146 0.185831 0.418322
0 0.174689 0.247147 0.0274215 0.163827 0.373492
3 0.701864 0.192873 0.0993585 0.109173 0.3669
0 0.747231 0.0987141 0.0326344 0.138298 0.343678
0 0.194127 0.239545 0.0247092 0.148695 0.326463
0 0.229249 0.204066 0.0297673 0.160244 0.30819
58 0.344913 0.306202 0.046385 0.107035 0.264607
0 0.780629 0.119868 0.0297148 0.138315 0.255918
1 0.722905 0.197632 0.0573582 0.0904633 0.252408
