2 0.691314 0.408767 0.138667 0.234353 0.842315
0 0.462448 0.935982 0.0441507 0.128035 0.831735
0 0.233097 0.623396 0.0482225 0.220974 0.809485
0 0.670374 0.811455 0.0490442 0.250752 0.798741
0 0.918323 0.518275 0.0434605 0.195002 0.793298
0 0.628375 0.821531 0.0403276 0.229063 0.779365
0 0.17519 0.485298 0.0375062 0.203008 0.772308
0 0.262298 0.232835 0.031355 0.168149 0.663153
0 0.846009 0.656938 0.0524761 0.211732 0.611536
0 0.848133 0.190818 0.0292711 0.167312 0.51426
0 0.231368 0.244551 0.0252126 0.140237 0.488781
0 0.785707 0.0652595 0.0303369 0.126958 0.486839
58 0.345169 0.306451 0.0475184 0.108816 0.367678
0 0.422584 0.207906 0.0260478 0.156715 0.347742
0 0.509144 0.0377702 0.0290498 0.0723587 0.328525
1 0.703737 0.195666 0.095076 0.0990646 0.305363
3 0.701803 0.19177 0.100451 0.105812 0.30144
26 0.177708 0.239356 0.0276521 0.090646 0.295688
3 0.809711 0.609357 0.0715031 0.134148 0.277372
0 0.151398 0.275981 0.0301533 0.166664 0.274574
