0 0.17621 0.656166 0.0461448 0.225086 0.830399
0 0.256996 0.329666 0.038821 0.18349 0.82515
2 0.69101 0.412912 0.138289 0.24005 0.788978
0 0.232844 0.675934 0.039678 0.215987 0.772916
0 0.537018 0.103623 0.0288533 0.142385 0.753137
0 0.645918 0.544507 0.0314781 0.186765 0.745077
0 0.530118 0.928481 0.0419681 0.142887 0.721513
0 0.917216 0.506055 0.0392881 0.219578 0.705224
0 0.879538 0.126222 0.0384365 0.164623 0.701312
0 0.470044 0.606675 0.0375986 0.216434 0.689843
0 0.504727 0.606547 0.0349611 0.196309 0.664652
0 0.509264 0.0963324 0.0293306 0.150716 0.594827
0 0.258878 0.152102 0.0405632 0.175673 0.572396
0 0.428024 0.217601 0.0320171 0.158481 0.561282
0 0.938174 0.179972 0.031683 0.175861 0.559766
0 0.84807 0.689259 0.0518429 0.204459 0.52739
3 0.700859 0.1936 0.100966 0.101272 0.5059
3 0.838473 0.598345 0.129359 0.163973 0.481912
0 0.161242 0.193961 0.0322361 0.147336 0.449268
0 0.232444 0.166566 0.022902 0.153061 0.361471
0 0.130116 0.201391 0.0318138 0.150346 0.325024
0 0.694819 0.087679 0.0422014 0.170507 0.324724
0 0.385241 0.627806 0.0383745 0.220025 0.320254
0 0.989062 0.136058 0.0212452 0.146529 0.312146
1 0.701902 0.196615 0.0996891 0.101605 0.302075
58 0.809632 0.285048 0.0527891 0.0866577 0.299997
0 0.856176 0.686803 0.038563 0.209367 0.281904
0 0.19895 0.180738 0.0294625 0.159032 0.256302
0 0.446354 0.0615784 0.0282379 0.121956 0.251893
