0 0.654463 0.779396 0.0475164 0.24491 0.854862
0 0.194697 0.867378 0.0450063 0.24869 0.831199
2 0.691149 0.40841 0.139157 0.233727 0.83008
0 0.914299 0.518023 0.0379812 0.193075 0.809155
0 0.500653 0.395333 0.036261 0.189044 0.792637
0 0.457912 0.407909 0.031654 0.192775 0.785354
0 0.873472 0.191064 0.031139 0.151609 0.785128
0 0.92981 0.737847 0.0498783 0.235037 0.767624
0 0.847845 0.656697 0.0528761 0.21329 0.751394
0 0.501107 0.93121 0.0385797 0.137581 0.719057
0 0.273085 0.301227 0.0321489 0.164006 0.714879
0 0.617988 0.167299 0.0333242 0.158031 0.70913
0 0.221705 0.479601 0.0390408 0.19426 0.697097
0 0.184605 0.487882 0.03234 0.179114 0.656297
0 0.936789 0.222422 0.0316097 0.147949 0.586436
0 0.435397 0.208772 0.0271197 0.160666 0.424775
0 0.234654 0.317799 0.0337121 0.17672 0.424215
0 0.18677 0.314183 0.0312066 0.16363 0.420779
3 0.701148 0.196123 0.0997341 0.0993713 0.323395
0 0.254433 0.141297 0.0364883 0.165123 0.30588
0 0.164091 0.195221 0.0310182 0.15497 0.279904
3 0.803313 0.606644 0.0586935 0.125377 0.2705
1 0.702369 0.197571 0.0970068 0.101547 0.256981
58 0.345072 0.304408 0.0478538 0.105567 0.250907
