2 0.691196 0.408255 0.139058 0.234005 0.835229
0 0.641455 0.730777 0.0462124 0.231091 0.832303
0 0.915259 0.518541 0.0394232 0.19216 0.80653
0 0.885604 0.20832 0.029129 0.147841 0.805275
0 0.195781 0.890847 0.0499751 0.218307 0.795681
0 0.496823 0.373995 0.0352612 0.196239 0.789229
0 0.453821 0.383943 0.0349358 0.187467 0.787449
0 0.848878 0.655322 0.0525131 0.217691 0.769512
0 0.928881 0.733974 0.0495277 0.228374 0.75001
0 0.492461 0.936334 0.0319202 0.127331 0.739678
0 0.221004 0.509538 0.0378141 0.201919 0.68026
0 0.275241 0.324966 0.0335901 0.172197 0.664181
0 0.634577 0.187835 0.0279613 0.153282 0.658845
0 0.177229 0.515485 0.0368497 0.179591 0.618491
0 0.947464 0.255933 0.0274782 0.154028 0.613684
0 0.226949 0.33882 0.0381419 0.18611 0.573087
0 0.177425 0.338603 0.0282029 0.158635 0.348628
0 0.435319 0.207932 0.0295259 0.16273 0.291176
3 0.703165 0.195736 0.096665 0.100466 0.276586
