2 0.691349 0.410864 0.139045 0.23463 0.86188
0 0.915572 0.521343 0.038117 0.193395 0.844406
0 0.192553 0.900202 0.0520865 0.199597 0.792079
0 0.503649 0.920925 0.0356419 0.158105 0.77698
0 0.537832 0.15751 0.030458 0.161416 0.737673
0 0.501822 0.130858 0.0304991 0.167562 0.724256
0 0.796893 0.662346 0.0497086 0.222749 0.713117
0 0.252208 0.506496 0.0342106 0.204544 0.701908
0 0.293564 0.514197 0.034546 0.191988 0.685216
0 0.172394 0.648484 0.033985 0.221852 0.666084
0 0.137368 0.445606 0.0308898 0.176702 0.662151
0 0.222389 0.48335 0.0364239 0.203946 0.657054
0 0.481157 0.4796 0.0343807 0.174362 0.651003
0 0.569758 0.152879 0.0271994 0.144947 0.634384
0 0.894831 0.111012 0.0288208 0.139499 0.604972
0 0.450949 0.479335 0.0417992 0.198539 0.524839
0 0.213892 0.79522 0.0509874 0.144871 0.51406
0 0.43385 0.197405 0.0397357 0.202932 0.460913
0 0.769181 0.0761063 0.0293608 0.128419 0.403122
1 0.859924 0.627326 0.0811714 0.113099 0.397525
3 0.701408 0.197185 0.0994574 0.102262 0.327435
0 0.255862 0.20936 0.0316137 0.177814 0.298052
0 0.459826 0.373155 0.0300692 0.0772871 0.282551
1 0.665075 0.202128 0.0326176 0.0950869 0.268013
