2 0.691319 0.410216 0.138592 0.233765 0.876286
0 0.916207 0.521195 0.0380924 0.195923 0.838779
0 0.236073 0.68819 0.0437164 0.229163 0.82407
0 0.238083 0.296904 0.0388772 0.193468 0.814902
0 0.0521248 0.701607 0.0611541 0.227942 0.766676
0 0.288168 0.378882 0.0369532 0.189956 0.750353
0 0.527528 0.926484 0.0323738 0.147032 0.746735
0 0.136249 0.602365 0.0336244 0.188391 0.744203
0 0.626154 0.221171 0.0380102 0.163481 0.721684
0 0.73378 0.644256 0.0525625 0.230984 0.716936
0 0.328566 0.367653 0.0307127 0.169936 0.677668
0 0.475748 0.238032 0.0374035 0.172259 0.66917
0 0.409562 0.354979 0.0340832 0.185314 0.637936
3 0.837172 0.611491 0.127687 0.151297 0.552324
0 0.436948 0.366871 0.0323074 0.171489 0.527805
0 0.0685276 0.610318 0.0385443 0.210251 0.510726
0 0.428492 0.217045 0.0330628 0.16042 0.488481
0 0.198122 0.17782 0.0304069 0.1597 0.459966
3 0.711093 0.193216 0.0818523 0.0907145 0.426365
0 0.164538 0.194621 0.0277849 0.153459 0.412332
0 0.654643 0.21572 0.0311424 0.157094 0.394958
0 0.56648 0.195724 0.0284002 0.125235 0.364068
0 0.788455 0.101934 0.0285566 0.0702417 0.323586
0 0.0676371 0.585463 0.0375732 0.149444 0.269645
