0 0.125485 0.871901 0.0466232 0.25359 0.839216
2 0.691542 0.410296 0.139187 0.236111 0.829825
0 0.433416 0.672182 0.0420414 0.23289 0.795779
0 0.156986 0.893884 0.0416673 0.208097 0.783945
0 0.913699 0.51998 0.0378696 0.193465 0.772938
0 0.941908 0.288802 0.0347847 0.158168 0.760754
0 0.534338 0.806724 0.0436017 0.220956 0.687104
0 0.2181 0.273392 0.0290333 0.183736 0.658893
0 0.554193 0.934057 0.0454885 0.131886 0.644236
0 0.573307 0.821343 0.0438784 0.217525 0.624331
0 0.789825 0.0619896 0.0293133 0.123131 0.6234
0 0.894615 0.357681 0.0375124 0.18149 0.616587
0 0.255963 0.181751 0.0324088 0.164391 0.583637
0 0.422048 0.213749 0.03515 0.172353 0.532863
3 0.700685 0.194257 0.102544 0.105206 0.445992
0 0.470801 0.0520412 0.0267965 0.0971458 0.435593
0 0.163017 0.18141 0.0307454 0.173205 0.416099
0 0.879047 0.0743466 0.0285416 0.145055 0.406743
0 0.498751 0.0484384 0.0235241 0.0931414 0.402754
0 0.991031 0.325798 0.017337 0.157161 0.39346
3 0.837581 0.610095 0.126136 0.144454 0.383971
0 0.287175 0.173901 0.0284792 0.158734 0.368744
0 0.694957 0.0870715 0.0427147 0.170064 0.345209
0 0.104245 0.37107 0.0408848 0.172782 0.342357
1 0.701868 0.196911 0.102541 0.107891 0.30367
0 0.530344 0.0496723 0.0277508 0.0947764 0.287179
0 0.847888 0.615091 0.0280153 0.134766 0.281872
0 0.374916 0.255974 0.0369764 0.122085 0.28009
58 0.345095 0.306937 0.0471491 0.111204 0.266823
0 0.109545 0.372969 0.0282019 0.170267 0.256865
