2 0.691304 0.410846 0.139179 0.235515 0.860062
0 0.916164 0.521509 0.0377426 0.195925 0.839657
0 0.28049 0.425939 0.038272 0.197531 0.811179
0 0.115472 0.76583 0.0447787 0.233823 0.794947
0 0.219673 0.611188 0.0481034 0.228487 0.779983
0 0.504392 0.916096 0.0337847 0.166541 0.742114
0 0.624195 0.189764 0.0321505 0.145613 0.725912
0 0.58532 0.198684 0.0329226 0.169047 0.708352
0 0.499691 0.196232 0.0353168 0.169774 0.687401
0 0.322459 0.421036 0.0318812 0.165005 0.668246
0 0.250086 0.259558 0.0364577 0.184925 0.645584
0 0.424616 0.400925 0.0329302 0.191491 0.621153
0 0.83992 0.0631732 0.0275738 0.126346 0.615464
0 0.738011 0.648678 0.0574654 0.225866 0.5925
0 0.129718 0.536881 0.0318379 0.183652 0.550268
0 0.0777371 0.627923 0.0412894 0.215279 0.514916
3 0.837516 0.6135 0.126462 0.150874 0.495943
0 0.16329 0.19279 0.0261417 0.149235 0.41898
0 0.427157 0.217637 0.0354923 0.163515 0.399
0 0.456941 0.402231 0.0349119 0.172236 0.382797
0 0.0864303 0.676089 0.0322299 0.136149 0.381233
0 0.0864389 0.705839 0.0339638 0.192585 0.364448
0 0.737511 0.635593 0.0435343 0.206383 0.33305
0 0.787187 0.0960742 0.0279202 0.0697884 0.311798
1 0.690487 0.202894 0.0789289 0.101043 0.277227
0 0.194287 0.176957 0.0329812 0.162318 0.276776
3 0.70275 0.197536 0.0980693 0.100991 0.269128
