0 0.91425 0.518817 0.0404982 0.193807 0.847694
0 0.538334 0.565003 0.0475822 0.21682 0.845136
2 0.691396 0.410022 0.13889 0.2378 0.828847
0 0.496063 0.576682 0.0354118 0.209809 0.826772
0 0.1631 0.674339 0.0438633 0.216159 0.77547
0 0.476314 0.93615 0.0405853 0.1277 0.767888
0 0.241329 0.362001 0.0331992 0.173541 0.755283
0 0.848199 0.658506 0.0496174 0.216138 0.715869
0 0.198927 0.359029 0.0359368 0.157152 0.650686
0 0.435641 0.208582 0.0372248 0.161312 0.633878
0 0.885401 0.0967264 0.0280485 0.15244 0.525474
0 0.744796 0.0890634 0.030141 0.147274 0.524718
0 0.749663 0.971676 0.0397451 0.056648 0.481071
0 0.260852 0.213767 0.0322386 0.181851 0.431485
0 0.695689 0.0850566 0.0435184 0.165225 0.411899
0 0.177776 0.244026 0.0314936 0.170074 0.389381
0 0.799023 0.0649409 0.0290895 0.109781 0.387839
0 0.57745 0.0563902 0.0283304 0.111141 0.377626
0 0.233396 0.213075 0.0263175 0.156876 0.372543
1 0.723007 0.197552 0.0569119 0.0905524 0.364711
1 0.703849 0.197507 0.0949712 0.0993763 0.33862
0 0.135661 0.193546 0.0298407 0.156571 0.320978
0 0.83251 0.0686199 0.0219498 0.114584 0.31197
0 0.375921 0.260624 0.0384025 0.132399 0.30764
