0 0.239369 0.386395 0.0423754 0.210116 0.884299
2 0.691503 0.409302 0.138523 0.237472 0.87514
0 0.230434 0.882619 0.0509909 0.234763 0.840968
0 0.91609 0.519857 0.0382107 0.194065 0.838388
0 0.0325791 0.744131 0.0345219 0.203834 0.830065
0 0.0715256 0.622265 0.0400661 0.228317 0.775555
0 0.623342 0.937336 0.0381174 0.125328 0.72637
0 0.516261 0.268663 0.0329391 0.174106 0.722458
0 0.733247 0.645099 0.0531162 0.225258 0.706019
0 0.284949 0.294703 0.0402956 0.187521 0.670317
0 0.630992 0.224153 0.0475943 0.15469 0.664826
0 0.465119 0.274245 0.0303972 0.146677 0.504328
0 0.742336 0.260307 0.029167 0.162913 0.48616
0 0.264817 0.215853 0.0282912 0.176937 0.47957
3 0.836867 0.609405 0.128694 0.155498 0.452236
0 0.376391 0.252896 0.0377493 0.161404 0.435316
0 0.767003 0.252956 0.0283205 0.148249 0.424953
0 0.788113 0.099603 0.0278245 0.068107 0.394699
0 0.199023 0.173523 0.0333016 0.165239 0.394572
0 0.439215 0.264446 0.0307466 0.159432 0.330674
0 0.167632 0.189838 0.0293003 0.160163 0.319643
0 0.0706358 0.426191 0.0289307 0.127774 0.300955
