0 0.169913 0.689911 0.0491393 0.231846 0.812402
0 0.91566 0.519625 0.0382635 0.192035 0.811832
2 0.691368 0.414012 0.138993 0.244048 0.805574
0 0.475861 0.633285 0.0409334 0.217136 0.783081
0 0.251614 0.302437 0.0391344 0.18334 0.776345
0 0.538431 0.929172 0.0454556 0.141655 0.765652
0 0.415727 0.636048 0.0439646 0.226308 0.753055
0 0.215264 0.71477 0.0401894 0.224975 0.733932
0 0.518165 0.636738 0.0396621 0.191043 0.726631
0 0.539005 0.0936034 0.0285065 0.144518 0.711408
0 0.844249 0.688098 0.0442398 0.207768 0.653111
0 0.892251 0.158962 0.0340952 0.15921 0.642181
0 0.928847 0.200463 0.0255014 0.159893 0.633309
0 0.505672 0.0807521 0.0295548 0.152848 0.600891
0 0.428605 0.215206 0.0311911 0.160289 0.568305
0 0.983585 0.461353 0.0321489 0.164876 0.537329
3 0.836411 0.60515 0.127851 0.15941 0.524755
3 0.700976 0.194768 0.101479 0.101963 0.501174
0 0.694955 0.546544 0.0379152 0.148923 0.476341
0 0.453306 0.0632653 0.0241127 0.126531 0.434455
0 0.697821 0.564735 0.0446934 0.188569 0.416211
0 0.160181 0.191167 0.0322868 0.153608 0.403405
0 0.948349 0.14633 0.0341898 0.153848 0.397527
0 0.0679233 0.420699 0.0330856 0.14361 0.380622
58 0.809713 0.292493 0.0533306 0.102377 0.330341
0 0.196448 0.181077 0.0326672 0.15588 0.310881
0 0.901304 0.439942 0.0337864 0.161047 0.307372
0 0.69573 0.0843071 0.0411165 0.164456 0.302957
0 0.128016 0.232666 0.0346215 0.294244 0.286566
0 0.254574 0.137148 0.032558 0.165812 0.281568
0 0.903458 0.397274 0.030962 0.0952167 0.274377
