0 0.165026 0.694643 0.0449827 0.232406 0.862835
0 0.489811 0.559868 0.0362457 0.203581 0.85966
0 0.914926 0.518986 0.0400848 0.193379 0.855457
2 0.691202 0.409801 0.138853 0.235969 0.825382
0 0.533989 0.544435 0.0419994 0.206557 0.805341
0 0.240953 0.369708 0.032939 0.179294 0.781794
0 0.742891 0.956914 0.0475427 0.0861716 0.773254
0 0.847458 0.657828 0.0503963 0.214452 0.747629
0 0.483885 0.936039 0.0406843 0.127921 0.746269
0 0.888351 0.112941 0.0258587 0.151111 0.676231
0 0.435113 0.20938 0.0368017 0.161587 0.649457
0 0.83498 0.0753672 0.0261166 0.111939 0.592607
0 0.745669 0.0822141 0.0311449 0.138495 0.583331
0 0.197531 0.375075 0.0369366 0.159552 0.565027
0 0.695557 0.0835595 0.0436368 0.16303 0.470451
0 0.580381 0.062253 0.0285451 0.122866 0.439026
0 0.261438 0.21599 0.0331867 0.164857 0.38823
0 0.230645 0.222115 0.0266486 0.151814 0.370749
0 0.79939 0.0612353 0.0305696 0.118109 0.33445
3 0.809925 0.607957 0.071014 0.13106 0.278965
1 0.72339 0.196625 0.0566229 0.0906236 0.277044
1 0.701707 0.192779 0.100156 0.10867 0.274254
0 0.781662 0.135059 0.0273449 0.134999 0.267567
0 0.179692 0.243628 0.0356994 0.168051 0.266217
