2 0.691386 0.409674 0.139128 0.236095 0.9011
0 0.916063 0.519686 0.0382732 0.195039 0.845874
0 0.227502 0.816131 0.0526194 0.247963 0.84533
0 0.239824 0.351576 0.0415206 0.197618 0.843991
0 0.573842 0.208271 0.0397713 0.161315 0.777451
0 0.579761 0.928572 0.043045 0.142856 0.765651
0 0.0722311 0.618183 0.0410237 0.222762 0.756645
0 0.291964 0.331637 0.0308809 0.188094 0.754514
0 0.734435 0.64773 0.0546001 0.225319 0.713017
0 0.315184 0.316791 0.0256671 0.167055 0.628672
0 0.481791 0.278467 0.0312243 0.167353 0.580179
0 0.444155 0.307128 0.0337934 0.163322 0.579608
3 0.837152 0.607287 0.127888 0.157547 0.569856
0 0.198115 0.17342 0.0338435 0.166989 0.554678
0 0.638709 0.227354 0.0302017 0.145736 0.545918
0 0.163555 0.191816 0.0276071 0.152436 0.501372
0 0.418483 0.302744 0.0290916 0.166363 0.490259
0 0.70926 0.244595 0.049486 0.153057 0.476984
0 0.340286 0.770887 0.0264602 0.144823 0.467187
0 0.78762 0.0982443 0.027837 0.0684756 0.320943
0 0.426999 0.193354 0.0288904 0.110774 0.305571
58 0.809191 0.29198 0.0539333 0.101573 0.295762
0 0.126407 0.18907 0.027528 0.133241 0.266893
0 0.373582 0.287173 0.03612 0.180033 0.259806
