2 0.691493 0.411141 0.138639 0.238485 0.851293
0 0.916311 0.521017 0.0386623 0.195054 0.82378
0 0.223863 0.569792 0.0417978 0.216989 0.785122
0 0.278981 0.648088 0.0575935 0.221726 0.766926
0 0.516367 0.929761 0.0437954 0.139367 0.765365
0 0.92363 0.142233 0.0305733 0.144124 0.762542
0 0.541782 0.470886 0.0336952 0.185141 0.751688
0 0.833289 0.69094 0.0530323 0.222367 0.74092
0 0.248601 0.956485 0.0551289 0.0870299 0.725085
0 0.243375 0.408886 0.0376034 0.197191 0.682064
0 0.490252 0.533484 0.036577 0.188427 0.64679
0 0.551166 0.132467 0.0291457 0.149916 0.642948
0 0.520615 0.130982 0.0296703 0.158633 0.613424
0 0.459045 0.527278 0.0356954 0.206008 0.602733
0 0.265942 0.914904 0.0457828 0.158423 0.590854
0 0.497361 0.0833758 0.0316763 0.15195 0.59026
0 0.249205 0.174659 0.0364784 0.170055 0.46588
0 0.129336 0.388304 0.0305499 0.163513 0.455806
3 0.701265 0.19493 0.0999348 0.102675 0.405639
3 0.837979 0.597608 0.12658 0.157147 0.397951
0 0.429432 0.220411 0.0306873 0.156282 0.395256
0 0.985579 0.124623 0.0265347 0.141809 0.351606
1 0.70309 0.197671 0.096779 0.0995288 0.346593
0 0.853893 0.0695215 0.0292744 0.132291 0.341514
0 0.267104 0.541764 0.0343465 0.125778 0.316571
3 0.873227 0.627362 0.0556427 0.110419 0.294564
0 0.694954 0.0880789 0.0423319 0.170586 0.282574
0 0.761263 0.0510688 0.0258225 0.101745 0.264771
0 0.206802 0.181235 0.0336003 0.162953 0.262061
