2 0.691308 0.410146 0.139011 0.235431 0.811508
0 0.191483 0.931898 0.0536373 0.136205 0.784173
0 0.91425 0.518783 0.0422214 0.192249 0.778804
0 0.153242 0.962478 0.0436379 0.0750437 0.694679
0 0.205873 0.346856 0.0344638 0.183996 0.6907
0 0.875573 0.293314 0.0319191 0.163123 0.690121
0 0.787627 0.0666509 0.0318253 0.130501 0.65635
0 0.535344 0.937174 0.029757 0.125652 0.644931
0 0.634875 0.915769 0.0416243 0.168463 0.634955
0 0.588587 0.907935 0.0485422 0.177373 0.621
0 0.989845 0.336303 0.019471 0.21367 0.553167
3 0.701108 0.195328 0.100772 0.101208 0.457676
0 0.103822 0.329549 0.0267946 0.169596 0.451066
0 0.162499 0.188774 0.0316794 0.165914 0.422858
0 0.201214 0.175855 0.029588 0.183282 0.416899
0 0.239162 0.145521 0.0250611 0.157425 0.381864
3 0.841169 0.597497 0.123284 0.149881 0.348382
0 0.843183 0.657771 0.0585274 0.210713 0.339328
0 0.69586 0.0847975 0.0424374 0.16707 0.330372
58 0.810593 0.31045 0.0521862 0.136364 0.31401
0 0.435606 0.2142 0.0284612 0.159651 0.306904
0 0.266335 0.135958 0.0295273 0.183881 0.296459
0 0.857002 0.0497998 0.0262779 0.0944842 0.290632
58 0.345605 0.306417 0.0482702 0.107931 0.287383
0 0.857645 0.65842 0.0354427 0.203227 0.275025
0 0.985333 0.334786 0.028669 0.211555 0.251019
