2 0.691396 0.410834 0.139029 0.238743 0.832682
0 0.684482 0.89834 0.046715 0.197933 0.820343
0 0.213387 0.603346 0.0614349 0.227391 0.817378
0 0.91651 0.519334 0.0442625 0.195002 0.813091
0 0.860434 0.22249 0.035041 0.159003 0.780467
0 0.452233 0.927492 0.0408461 0.144329 0.777565
0 0.732356 0.888072 0.0475048 0.223856 0.740675
0 0.178887 0.428098 0.0357365 0.192818 0.739226
0 0.788477 0.0662681 0.0324154 0.130248 0.666776
0 0.26624 0.200064 0.0297401 0.16697 0.590699
0 0.577311 0.0457072 0.0354192 0.0845557 0.514397
0 0.433826 0.211736 0.0270157 0.155986 0.488093
0 0.140941 0.286715 0.0295838 0.16135 0.479881
0 0.843789 0.659912 0.0572403 0.211226 0.450576
0 0.233314 0.202802 0.0235653 0.145106 0.431441
3 0.700984 0.191373 0.101339 0.113767 0.397909
0 0.694811 0.0873955 0.0421127 0.169833 0.384389
3 0.840883 0.600722 0.124974 0.152061 0.323615
58 0.347432 0.307876 0.0517197 0.107167 0.306819
1 0.700833 0.194357 0.0986143 0.113106 0.304241
0 0.163935 0.179064 0.0296859 0.113422 0.250022
