0 0.239684 0.375252 0.0425892 0.201523 0.87688
0 0.227133 0.878969 0.0540458 0.242062 0.87026
2 0.691453 0.408949 0.138504 0.237148 0.866755
0 0.916205 0.520028 0.0380819 0.19402 0.837284
0 0.0729355 0.623466 0.0402976 0.228079 0.796501
0 0.0377559 0.731991 0.0377564 0.206061 0.780336
0 0.285995 0.300462 0.0435304 0.190183 0.766878
0 0.509134 0.269696 0.0297495 0.159569 0.726788
0 0.733474 0.645884 0.0531561 0.224662 0.704611
0 0.616515 0.934152 0.0365625 0.131696 0.694009
0 0.624043 0.216855 0.0328437 0.15393 0.530923
3 0.837441 0.609618 0.127924 0.153357 0.482422
0 0.263494 0.218142 0.0281972 0.16522 0.478147
0 0.199326 0.173365 0.0333554 0.166873 0.462745
0 0.434666 0.268104 0.0263713 0.165706 0.449832
0 0.788325 0.0995925 0.0278742 0.0675018 0.416674
0 0.457916 0.277178 0.0286597 0.157061 0.398906
0 0.167552 0.188845 0.0310268 0.163313 0.370606
0 0.376072 0.252765 0.0367029 0.166419 0.349655
0 0.340777 0.769832 0.0248426 0.14047 0.348585
0 0.282433 0.306099 0.0327246 0.167469 0.336967
0 0.145559 0.173604 0.0263566 0.164164 0.28923
