0 0.91456 0.518783 0.0405085 0.193957 0.847603
0 0.498799 0.578916 0.0344621 0.206307 0.845903
0 0.539479 0.567958 0.0426297 0.217045 0.821976
2 0.691334 0.409276 0.138997 0.234821 0.820174
0 0.162215 0.673866 0.0420878 0.214644 0.770797
0 0.475233 0.936296 0.0419821 0.127409 0.764281
0 0.242272 0.356944 0.0335824 0.182402 0.746702
0 0.847535 0.65795 0.0509064 0.213116 0.73804
0 0.198961 0.356853 0.0345679 0.155953 0.66563
0 0.435396 0.209591 0.038134 0.160822 0.611341
0 0.745106 0.0923449 0.030769 0.143324 0.547181
0 0.260169 0.210535 0.0327728 0.180221 0.49933
0 0.881914 0.094246 0.0246178 0.14844 0.3901
0 0.830476 0.0665744 0.0238173 0.120434 0.367524
0 0.233503 0.213368 0.0287784 0.162614 0.350426
0 0.69595 0.0844373 0.0436993 0.1648 0.340431
0 0.178695 0.243697 0.0352724 0.172561 0.336861
0 0.57462 0.0548058 0.0300728 0.10891 0.336441
0 0.135967 0.194491 0.0313587 0.159448 0.293498
0 0.375739 0.257729 0.0375959 0.128715 0.284841
1 0.723079 0.197491 0.0573882 0.0898383 0.279851
1 0.70408 0.196794 0.0940977 0.0995259 0.272253
3 0.809972 0.608724 0.0718231 0.133164 0.261802
