2 0.691498 0.409827 0.139201 0.236305 0.822155
0 0.428784 0.672047 0.0466761 0.234273 0.801697
0 0.127079 0.876813 0.0428026 0.241985 0.799307
0 0.912532 0.519688 0.0400377 0.194194 0.782372
0 0.153928 0.898987 0.0433103 0.202026 0.753347
0 0.944061 0.291671 0.0307652 0.160512 0.750317
0 0.536767 0.804866 0.0444015 0.209828 0.686677
0 0.551257 0.933806 0.0517839 0.132388 0.680028
0 0.576358 0.823395 0.0423025 0.213077 0.679875
0 0.217297 0.282185 0.0283795 0.175253 0.677244
0 0.890931 0.35754 0.0439785 0.179906 0.672771
0 0.790647 0.0621253 0.0306887 0.123955 0.649621
0 0.255757 0.181334 0.0304502 0.160124 0.632603
0 0.422298 0.189151 0.0375249 0.223084 0.575137
0 0.10793 0.368493 0.0358579 0.180513 0.505484
0 0.46882 0.0522328 0.0275141 0.0947915 0.467266
0 0.499761 0.0463821 0.0247847 0.0855976 0.450767
0 0.163021 0.180511 0.0319266 0.17843 0.442816
0 0.530153 0.047971 0.0287464 0.093347 0.43354
0 0.991654 0.324226 0.0159998 0.145557 0.431542
3 0.700737 0.194289 0.102255 0.105404 0.417023
0 0.849046 0.614586 0.0296106 0.137768 0.412675
0 0.695009 0.0868722 0.0429246 0.170959 0.381472
0 0.877591 0.073771 0.0266838 0.142413 0.373258
0 0.375405 0.256006 0.0379009 0.131445 0.337822
58 0.344956 0.306658 0.0470398 0.109848 0.311194
3 0.83841 0.607034 0.125816 0.145992 0.30732
0 0.287416 0.17476 0.0283052 0.160657 0.299498
1 0.701454 0.196882 0.100455 0.109 0.281912
