2 0.691552 0.409431 0.138932 0.2327 0.844566
0 0.16144 0.712388 0.0491672 0.236426 0.805356
0 0.915862 0.519774 0.0377544 0.195376 0.796908
0 0.251969 0.287932 0.0373535 0.181061 0.781165
0 0.208289 0.72988 0.0420929 0.219938 0.7682
0 0.482521 0.64527 0.0412769 0.215972 0.758216
0 0.538422 0.084051 0.0290255 0.142992 0.73358
0 0.549514 0.926416 0.0434217 0.144336 0.719536
0 0.422133 0.645986 0.0347004 0.242183 0.712451
0 0.521923 0.657024 0.0406839 0.202836 0.673989
0 0.72267 0.582801 0.0391089 0.188693 0.638667
0 0.503188 0.0732538 0.030535 0.14643 0.602635
0 0.89852 0.17045 0.0332323 0.157301 0.595313
0 0.427476 0.216568 0.0308322 0.158493 0.539031
0 0.926878 0.221134 0.026372 0.155875 0.514728
0 0.835566 0.681397 0.030258 0.21862 0.513628
0 0.889819 0.424719 0.0332588 0.163632 0.506732
0 0.983098 0.458436 0.0330931 0.175863 0.420777
3 0.701198 0.193878 0.100946 0.0988397 0.39457
0 0.160926 0.194281 0.0317357 0.149163 0.391878
3 0.835737 0.600473 0.126045 0.158709 0.387066
0 0.722274 0.616803 0.038669 0.122947 0.380887
0 0.250862 0.132823 0.0323333 0.166204 0.373796
1 0.871694 0.625956 0.0549168 0.11316 0.360897
0 0.460432 0.0648016 0.0187532 0.128671 0.33946
0 0.065281 0.421577 0.0418364 0.145631 0.317154
0 0.197255 0.184958 0.0338437 0.148645 0.316652
0 0.890608 0.39198 0.0301765 0.098858 0.298263
58 0.809781 0.282242 0.0533243 0.0817152 0.279589
3 0.800412 0.602579 0.0559435 0.131576 0.266654
