2 0.691479 0.409715 0.139042 0.237542 0.836847
0 0.667735 0.88048 0.0432714 0.232345 0.814884
0 0.451901 0.930398 0.0423563 0.136094 0.804475
0 0.917511 0.518634 0.0427685 0.194842 0.796574
0 0.710945 0.873471 0.0479001 0.248177 0.794831
0 0.217617 0.611554 0.035866 0.229485 0.771873
0 0.173905 0.446874 0.03548 0.198336 0.699416
0 0.787845 0.0649774 0.0324033 0.126813 0.69301
0 0.851755 0.210158 0.0356285 0.169434 0.648318
0 0.266437 0.212988 0.0295084 0.16976 0.635286
0 0.146086 0.274103 0.0279788 0.180943 0.601291
0 0.554359 0.0434202 0.0345325 0.0813717 0.575895
3 0.700792 0.190031 0.10169 0.113658 0.552877
0 0.235184 0.21414 0.0247442 0.140602 0.482622
0 0.844127 0.658402 0.0568527 0.212729 0.459
0 0.431103 0.209022 0.0260448 0.158053 0.41536
0 0.16999 0.279758 0.029603 0.161375 0.396225
3 0.840446 0.600036 0.127304 0.155515 0.363587
58 0.345949 0.307312 0.0489512 0.110373 0.307654
1 0.702298 0.195001 0.0977126 0.103483 0.304093
0 0.200215 0.175645 0.0330466 0.170766 0.263703
