0 0.497838 0.579443 0.0352627 0.212346 0.853094
0 0.914395 0.518728 0.0403179 0.193839 0.850346
2 0.691306 0.409232 0.138934 0.236737 0.832284
0 0.538924 0.565007 0.0444816 0.218586 0.830585
0 0.475928 0.936102 0.0410048 0.127795 0.763178
0 0.242047 0.359087 0.0337008 0.180331 0.757881
0 0.847297 0.65813 0.05121 0.213083 0.722482
0 0.16383 0.673769 0.0420493 0.213349 0.722388
0 0.198402 0.357782 0.0355981 0.157826 0.643576
0 0.435728 0.20955 0.0361198 0.16043 0.597476
0 0.745062 0.0921702 0.0297134 0.148246 0.564204
0 0.884371 0.0949816 0.0284668 0.15046 0.546924
0 0.260409 0.212638 0.0328147 0.181601 0.472958
0 0.233241 0.213068 0.0285617 0.158557 0.35849
0 0.831321 0.0665669 0.0232265 0.118874 0.343628
0 0.695738 0.0847174 0.0442144 0.165072 0.340557
0 0.178483 0.244092 0.0337312 0.174476 0.324519
1 0.704338 0.196828 0.0937821 0.0995435 0.294386
1 0.722932 0.197425 0.0570269 0.0899019 0.27615
0 0.749959 0.973712 0.0289742 0.0525751 0.274053
0 0.376011 0.258395 0.0380604 0.128984 0.272106
3 0.809928 0.608156 0.070973 0.126575 0.255425
0 0.575879 0.0528871 0.02838 0.105149 0.252557
