2 0.691278 0.408647 0.139055 0.236586 0.848327
0 0.915065 0.51879 0.0399515 0.193855 0.845057
0 0.175515 0.540634 0.0391723 0.213274 0.791616
0 0.622465 0.732414 0.0464048 0.243336 0.787624
0 0.475232 0.942787 0.0447221 0.114426 0.785876
0 0.294171 0.640403 0.0453447 0.227821 0.781097
0 0.581203 0.743742 0.0408298 0.231922 0.774178
0 0.848114 0.659055 0.0496904 0.216154 0.68512
0 0.223085 0.27282 0.0271581 0.149704 0.630776
0 0.253688 0.26506 0.0327119 0.181792 0.620077
0 0.180835 0.543239 0.0283978 0.17899 0.411608
0 0.18543 0.257813 0.0279716 0.158555 0.380617
0 0.793298 0.0690887 0.0345007 0.128178 0.335129
0 0.254183 0.11368 0.0348952 0.134147 0.323227
3 0.700091 0.189844 0.100059 0.113941 0.320566
0 0.424517 0.203672 0.0303618 0.157129 0.304785
58 0.345174 0.305332 0.0471441 0.105424 0.301565
0 0.1565 0.259343 0.0257188 0.165823 0.29481
3 0.809148 0.608422 0.0687401 0.133364 0.28713
0 0.694113 0.0870901 0.0426847 0.168949 0.286666
