0 0.239494 0.378595 0.0421887 0.201353 0.884799
2 0.69152 0.409886 0.138404 0.237326 0.867874
0 0.227631 0.880289 0.0542605 0.239204 0.867131
0 0.91601 0.520122 0.0383032 0.193178 0.8418
0 0.0720097 0.622281 0.0397283 0.229145 0.787534
0 0.0356769 0.733113 0.0336702 0.203699 0.762975
0 0.284886 0.301576 0.0441299 0.188005 0.753911
0 0.617718 0.934641 0.0363318 0.130318 0.707159
0 0.733295 0.645667 0.0527281 0.225654 0.706072
0 0.512034 0.269535 0.0300346 0.170288 0.705718
0 0.263602 0.215024 0.0277753 0.157656 0.503581
0 0.199123 0.172705 0.0337819 0.170884 0.473708
0 0.460647 0.279541 0.0273647 0.14733 0.471233
0 0.624762 0.221118 0.0330246 0.153534 0.470646
0 0.788192 0.0999162 0.0277257 0.0675748 0.433086
3 0.836871 0.609142 0.128051 0.154205 0.431165
0 0.435974 0.267209 0.0273817 0.164576 0.409362
0 0.375756 0.252463 0.0357813 0.165129 0.342809
0 0.167852 0.19003 0.0305391 0.161251 0.329491
0 0.425817 0.235755 0.0326094 0.195058 0.264647
0 0.340927 0.768723 0.0251696 0.140234 0.253459
58 0.344369 0.309545 0.0442925 0.108752 0.250647
