0 0.239599 0.385453 0.0425279 0.209064 0.898344
2 0.691451 0.409016 0.138453 0.237712 0.864721
0 0.229747 0.88265 0.0509511 0.234701 0.85413
0 0.0333311 0.742597 0.0348123 0.203684 0.84655
0 0.916627 0.519984 0.0374998 0.19347 0.833352
0 0.0715929 0.622125 0.0399295 0.228269 0.792709
0 0.286118 0.295527 0.0406932 0.186711 0.755605
0 0.621788 0.937037 0.0377025 0.125926 0.713243
0 0.630914 0.223642 0.0448454 0.15363 0.711836
0 0.515115 0.268003 0.0324291 0.171792 0.709063
0 0.733265 0.645112 0.0529497 0.224852 0.70782
0 0.741676 0.258729 0.0293074 0.164945 0.527487
0 0.265028 0.2195 0.0287928 0.176301 0.526395
0 0.7641 0.254623 0.0290565 0.152264 0.454933
3 0.836854 0.609162 0.128316 0.153677 0.442899
0 0.464174 0.279806 0.0292345 0.142771 0.426004
0 0.788127 0.0992374 0.0275927 0.0674711 0.42413
0 0.198994 0.171926 0.0339207 0.17203 0.422428
0 0.438082 0.263823 0.0303244 0.155328 0.361898
0 0.376005 0.252512 0.0372061 0.161086 0.358687
0 0.167471 0.188098 0.0295817 0.163477 0.333234
58 0.809841 0.310181 0.0546648 0.138343 0.276987
0 0.427775 0.226601 0.0345452 0.176881 0.265118
0 0.67812 0.232855 0.0306019 0.123732 0.254154
