2 0.691333 0.410525 0.139162 0.235208 0.872912
0 0.916139 0.521188 0.0379692 0.196195 0.831597
0 0.471676 0.248969 0.0365368 0.176793 0.814902
0 0.236779 0.305248 0.0377286 0.190882 0.802473
0 0.237149 0.711577 0.0498914 0.232124 0.796484
0 0.534038 0.923838 0.0308338 0.149404 0.773872
0 0.0699619 0.623048 0.0373424 0.228921 0.755061
0 0.0297117 0.682501 0.0592117 0.220721 0.746251
0 0.734233 0.646833 0.0530232 0.224745 0.710782
0 0.139339 0.620599 0.0348303 0.189095 0.70654
0 0.40778 0.346396 0.0328869 0.176197 0.664331
3 0.836816 0.610849 0.126893 0.153373 0.581903
0 0.198113 0.177419 0.0308215 0.160826 0.551614
0 0.43342 0.355733 0.0309753 0.166224 0.54549
0 0.289455 0.35421 0.0321559 0.222589 0.545128
0 0.503834 0.195831 0.0348918 0.162682 0.500914
0 0.427399 0.214111 0.0311649 0.151902 0.472391
0 0.640243 0.221677 0.0284496 0.159241 0.466657
0 0.164676 0.193602 0.0274993 0.156009 0.459715
3 0.712333 0.193495 0.0794912 0.0931602 0.435647
0 0.581678 0.20492 0.0279139 0.13508 0.429486
0 0.33354 0.353931 0.0315467 0.195868 0.419142
0 0.665203 0.215665 0.0270071 0.165055 0.329657
0 0.788338 0.101531 0.0286552 0.071339 0.316674
26 0.21852 0.706608 0.0145525 0.0367477 0.287664
0 0.229932 0.108571 0.0252196 0.140796 0.250184
