0 0.239906 0.373782 0.0425033 0.202868 0.878556
2 0.691417 0.408937 0.138611 0.237647 0.878321
0 0.226768 0.877401 0.0534857 0.245198 0.87082
0 0.916175 0.519948 0.0377842 0.19397 0.835856
0 0.0729978 0.623185 0.0402387 0.228458 0.811299
0 0.0391071 0.730531 0.0398153 0.206236 0.77368
0 0.285582 0.302723 0.0424908 0.186947 0.744445
0 0.508257 0.271623 0.0304609 0.162491 0.725826
0 0.615623 0.934299 0.0385187 0.131402 0.710491
0 0.733281 0.646445 0.0538921 0.225389 0.708659
0 0.621615 0.216651 0.0314991 0.159653 0.656594
0 0.263753 0.215006 0.0278077 0.155688 0.489661
3 0.837237 0.609001 0.128188 0.154358 0.489437
0 0.198811 0.171415 0.0347913 0.173214 0.481661
0 0.457835 0.276382 0.0281056 0.159739 0.475708
0 0.43435 0.268679 0.0264038 0.167771 0.440592
0 0.16717 0.188856 0.0307401 0.163393 0.402925
0 0.78829 0.0991553 0.027689 0.0665245 0.401999
0 0.340846 0.769865 0.0246142 0.140121 0.343741
0 0.375786 0.253209 0.0364084 0.167924 0.337796
0 0.281107 0.308456 0.0296696 0.156033 0.299817
0 0.299781 0.282611 0.0212916 0.164956 0.284761
0 0.146125 0.173326 0.0277697 0.165301 0.272594
0 0.736668 0.252686 0.0324476 0.159874 0.258384
