0 0.700072 0.897389 0.0507322 0.205223 0.833542
2 0.691233 0.409691 0.138607 0.234742 0.827205
0 0.468361 0.4884 0.0336472 0.194006 0.821808
0 0.182865 0.761689 0.0468 0.234142 0.793764
0 0.915511 0.518638 0.0376772 0.191833 0.789997
0 0.492483 0.940475 0.0391268 0.11905 0.764214
0 0.594024 0.108483 0.0312049 0.153065 0.762398
0 0.518369 0.477666 0.0355018 0.20028 0.750768
0 0.848507 0.130885 0.0258255 0.145756 0.73416
0 0.935913 0.742381 0.0401445 0.233762 0.712373
0 0.229989 0.416564 0.0380489 0.192752 0.705413
0 0.19033 0.427074 0.0347764 0.173653 0.677445
0 0.908743 0.160349 0.0291674 0.152759 0.674512
0 0.848145 0.65829 0.0504498 0.210648 0.671459
0 0.43418 0.208571 0.0353119 0.159984 0.510712
0 0.259286 0.25989 0.0389311 0.181319 0.489019
0 0.754418 0.0627995 0.0291709 0.125569 0.435703
3 0.701766 0.194094 0.0989606 0.103742 0.38386
0 0.695409 0.0847055 0.0423838 0.165626 0.360008
0 0.182907 0.24009 0.0401422 0.175942 0.344952
0 0.136776 0.196683 0.0294572 0.14881 0.314031
3 0.800476 0.620287 0.0484179 0.0966609 0.292937
0 0.784929 0.171523 0.0296518 0.139416 0.275512
3 0.803279 0.609495 0.0583477 0.119543 0.274773
58 0.809804 0.283727 0.0524193 0.0860717 0.264731
