2 0.69146 0.410312 0.139359 0.236491 0.843248
0 0.123776 0.840025 0.051164 0.243682 0.825729
0 0.162218 0.865381 0.0445225 0.238406 0.806333
0 0.514666 0.781244 0.0478951 0.241252 0.764125
0 0.913885 0.520987 0.0366934 0.191295 0.740288
0 0.449372 0.679 0.0316 0.234025 0.736842
0 0.258729 0.205985 0.0345414 0.168201 0.692476
0 0.560035 0.779929 0.0383482 0.206214 0.628387
0 0.887541 0.0909039 0.0324547 0.155261 0.614631
0 0.564242 0.930659 0.0410192 0.138682 0.611183
0 0.835308 0.668654 0.0357996 0.203813 0.591864
0 0.220979 0.258274 0.0309367 0.168545 0.578358
0 0.790254 0.0625046 0.0289786 0.125009 0.567566
0 0.931698 0.272786 0.0302525 0.167825 0.556064
3 0.700539 0.19157 0.102559 0.109872 0.543384
0 0.162025 0.19036 0.0280422 0.159205 0.532352
0 0.922443 0.679664 0.0403969 0.18912 0.530335
0 0.911612 0.376504 0.0439144 0.170321 0.529961
0 0.851162 0.362595 0.0278507 0.183623 0.501537
0 0.252743 0.0719439 0.032032 0.142814 0.483177
0 0.133359 0.18584 0.0313397 0.169089 0.465922
0 0.695234 0.0879088 0.0431082 0.170801 0.392807
0 0.852823 0.0855638 0.02736 0.151574 0.384346
0 0.422645 0.215728 0.0313637 0.152441 0.371871
1 0.874645 0.624593 0.0540031 0.119137 0.371736
0 0.402243 0.160356 0.0365514 0.159887 0.367852
3 0.800657 0.605738 0.0530949 0.128403 0.346028
0 0.53192 0.055571 0.0280658 0.108961 0.338102
3 0.839968 0.605881 0.123106 0.137036 0.337292
0 0.982233 0.285206 0.0351042 0.174727 0.320297
