2 0.691375 0.411394 0.139023 0.235506 0.854428
0 0.91582 0.52133 0.0379326 0.19256 0.84788
0 0.248274 0.510912 0.035107 0.203685 0.794786
0 0.199906 0.906896 0.050334 0.186209 0.78253
0 0.537077 0.155837 0.0319093 0.163156 0.764842
0 0.292123 0.523684 0.0353366 0.196417 0.760917
0 0.502236 0.919086 0.0394177 0.161827 0.753592
0 0.187541 0.649691 0.044716 0.225841 0.737549
0 0.501359 0.124586 0.0303972 0.158414 0.725146
0 0.802524 0.663399 0.0545734 0.228492 0.66301
0 0.136148 0.436548 0.030816 0.171018 0.662909
0 0.895809 0.112127 0.0323839 0.145607 0.643493
0 0.221152 0.811967 0.0564284 0.139392 0.564148
0 0.223198 0.483607 0.0374921 0.214726 0.561226
0 0.431102 0.195148 0.0379045 0.20536 0.560339
0 0.566639 0.151161 0.0271177 0.150044 0.547244
0 0.480882 0.486506 0.0335153 0.171965 0.505283
0 0.450683 0.482814 0.0425789 0.178008 0.483649
0 0.768508 0.0729493 0.0299801 0.122227 0.426161
1 0.862316 0.628308 0.075275 0.11171 0.360013
0 0.257942 0.203543 0.0315736 0.175094 0.337766
0 0.46925 0.379332 0.0296791 0.0745751 0.319832
3 0.702023 0.196608 0.0980367 0.101788 0.311511
0 0.158283 0.196673 0.0320188 0.156761 0.289074
0 0.695157 0.0861565 0.0421766 0.166923 0.28062
0 0.703697 0.283848 0.0192039 0.0393213 0.263268
