2 0.691074 0.410975 0.139167 0.234731 0.872421
0 0.915763 0.520722 0.037978 0.195409 0.833793
0 0.514106 0.926668 0.0438148 0.142771 0.772749
0 0.223327 0.531293 0.0408278 0.215911 0.727889
0 0.127491 0.649993 0.0361633 0.228215 0.715993
0 0.506877 0.156732 0.0317223 0.165922 0.681166
0 0.770782 0.649448 0.0434798 0.233517 0.67472
0 0.552991 0.176091 0.0333181 0.167623 0.671255
0 0.260953 0.469411 0.0338921 0.197954 0.664621
0 0.166073 0.858405 0.0403449 0.241697 0.643447
0 0.306452 0.481018 0.0323337 0.187344 0.628876
0 0.589308 0.163052 0.0307081 0.14946 0.562905
0 0.134635 0.472664 0.030433 0.168882 0.555748
0 0.478323 0.446355 0.0352404 0.175029 0.549918
0 0.874601 0.0910181 0.028727 0.142946 0.540375
0 0.442368 0.446047 0.0332968 0.185385 0.52352
0 0.180622 0.739029 0.0530476 0.126417 0.511075
0 0.405786 0.397907 0.0287931 0.171482 0.499745
0 0.776369 0.0980995 0.0290018 0.127053 0.457566
3 0.846566 0.620394 0.108423 0.135411 0.432322
3 0.702017 0.19667 0.0984179 0.102271 0.431428
0 0.258513 0.224229 0.0368634 0.18519 0.413144
0 0.194723 0.176543 0.0280978 0.165733 0.294939
0 0.218997 0.0904352 0.0272076 0.15423 0.255079
