0 0.149137 0.747118 0.0494537 0.237401 0.845966
0 0.193179 0.771348 0.0398284 0.226135 0.824964
2 0.691387 0.409432 0.139281 0.234624 0.82335
0 0.445503 0.653672 0.0467178 0.221275 0.80283
0 0.491553 0.682826 0.0410646 0.211801 0.782108
0 0.915745 0.51988 0.0379662 0.193146 0.776357
0 0.538201 0.0724957 0.0289299 0.139122 0.774985
0 0.249841 0.265146 0.0384172 0.176914 0.733306
0 0.964738 0.435046 0.0428818 0.185929 0.719137
0 0.534802 0.690343 0.0403185 0.201853 0.715528
0 0.556181 0.92538 0.0434511 0.14914 0.707202
0 0.502467 0.0642203 0.0275063 0.128441 0.60394
0 0.201396 0.182177 0.0375725 0.152989 0.565931
0 0.824109 0.67709 0.0331501 0.22128 0.55131
0 0.429401 0.21332 0.0286354 0.162994 0.550038
0 0.919232 0.227334 0.0366417 0.1575 0.509374
0 0.473184 0.062718 0.0227772 0.122915 0.454662
0 0.245259 0.114979 0.0353651 0.16453 0.446558
1 0.868278 0.632512 0.0615738 0.102793 0.42783
0 0.79389 0.61047 0.038107 0.177993 0.362364
0 0.337387 0.780969 0.0315427 0.141804 0.341274
3 0.701182 0.196117 0.100437 0.0994993 0.3408
1 0.70316 0.197738 0.0971357 0.0984455 0.333222
0 0.88702 0.12644 0.0352222 0.153273 0.326778
0 0.159695 0.202969 0.0356153 0.183649 0.32023
58 0.809689 0.285612 0.0532803 0.0902619 0.302786
0 0.163333 0.193203 0.0303426 0.155951 0.282673
58 0.345715 0.305737 0.0476577 0.107707 0.28228
0 0.695881 0.0842599 0.0416401 0.164731 0.281212
58 0.810747 0.309265 0.0533489 0.138776 0.265522
0 0.791223 0.593544 0.0366397 0.139821 0.255405
0 0.87611 0.403271 0.0324333 0.166821 0.253236
0 0.0695745 0.421999 0.0353381 0.142682 0.251617
