0 0.645158 0.852198 0.0449292 0.239022 0.829349
2 0.691186 0.408994 0.139116 0.235683 0.821049
0 0.918163 0.517775 0.0433292 0.195885 0.810624
0 0.464066 0.932773 0.044626 0.134454 0.783401
0 0.173208 0.468903 0.0353754 0.203328 0.750228
0 0.692238 0.842416 0.0494404 0.244665 0.693039
0 0.221662 0.612379 0.0370347 0.220836 0.692242
0 0.264809 0.223636 0.0311193 0.166468 0.633586
0 0.78628 0.0671947 0.0314433 0.133491 0.622419
0 0.846461 0.658165 0.0520599 0.213465 0.57484
0 0.851597 0.196359 0.0327003 0.164519 0.531901
0 0.425424 0.207657 0.0269892 0.16119 0.509072
0 0.148364 0.269129 0.0274851 0.171964 0.441387
3 0.701225 0.189404 0.101933 0.11436 0.376477
0 0.233646 0.233891 0.0243541 0.137137 0.327824
1 0.70268 0.192081 0.0977104 0.109375 0.315376
58 0.345459 0.306645 0.0477295 0.110096 0.309795
0 0.304865 0.181272 0.0273001 0.165974 0.299103
3 0.810284 0.60827 0.0725702 0.135083 0.256412
