2 0.691447 0.408117 0.138625 0.237079 0.892686
0 0.916442 0.519688 0.0380573 0.194035 0.832932
0 0.547513 0.231639 0.0331686 0.166563 0.798946
0 0.224609 0.447469 0.0431949 0.216149 0.796932
0 0.0724577 0.623422 0.0431677 0.226562 0.770108
0 0.500286 0.265065 0.0482754 0.161426 0.767313
0 0.977805 0.323621 0.0399 0.178496 0.741837
0 0.639036 0.955308 0.0345068 0.0893834 0.729174
0 0.0172228 0.855723 0.0344455 0.229118 0.72341
0 0.279261 0.242017 0.0378352 0.17361 0.720202
0 0.737606 0.642081 0.062546 0.231203 0.627708
0 0.427293 0.217633 0.0311589 0.161843 0.621068
0 0.465587 0.22181 0.0294037 0.164357 0.549908
0 0.224734 0.95819 0.0502621 0.0836202 0.542423
0 0.729196 0.634801 0.0440533 0.217642 0.480253
3 0.836049 0.608687 0.128635 0.154757 0.472733
0 0.109277 0.429951 0.0320827 0.163919 0.42478
0 0.73474 0.284036 0.0355265 0.160165 0.409371
0 0.836637 0.280741 0.0243305 0.124789 0.356716
0 0.787705 0.100124 0.0286348 0.068381 0.35427
0 0.19909 0.175122 0.0309172 0.162967 0.303523
