2 0.690987 0.418175 0.138239 0.249358 0.869107
0 0.915885 0.520292 0.0375214 0.191074 0.836699
0 0.171537 0.686691 0.0499639 0.238521 0.809131
0 0.252988 0.31117 0.0408204 0.183134 0.803896
0 0.53401 0.93016 0.0507497 0.13968 0.789951
0 0.219701 0.701293 0.0439503 0.221171 0.783177
0 0.407779 0.630921 0.0410077 0.225303 0.740758
0 0.539207 0.0958057 0.0276832 0.145432 0.721938
0 0.472267 0.618021 0.0421106 0.2096 0.71801
0 0.885268 0.149636 0.0323402 0.158634 0.701826
0 0.680964 0.56057 0.0357631 0.184626 0.697972
0 0.507814 0.0849387 0.0307716 0.153237 0.692955
0 0.514254 0.631386 0.0371433 0.194485 0.665916
0 0.931741 0.199678 0.0274607 0.158055 0.646553
0 0.845114 0.691812 0.0457811 0.200647 0.580132
3 0.83787 0.598382 0.128781 0.1707 0.538572
0 0.428416 0.216176 0.031144 0.158663 0.529827
0 0.956653 0.14458 0.0365253 0.166094 0.526589
0 0.129651 0.233965 0.0389345 0.240107 0.447366
0 0.450712 0.0625482 0.0259895 0.125096 0.440245
3 0.701453 0.195746 0.0997231 0.0993175 0.419893
0 0.160363 0.191749 0.0319669 0.151517 0.389203
0 0.235677 0.174166 0.0253202 0.14373 0.385489
58 0.809692 0.28737 0.0530336 0.093148 0.328742
0 0.196717 0.187938 0.033323 0.143277 0.296393
0 0.695302 0.0846487 0.0401358 0.164791 0.289232
0 0.395412 0.154544 0.0346243 0.151414 0.26798
0 0.908101 0.417644 0.0311897 0.098852 0.251115
