0 0.683523 0.861181 0.0460844 0.252871 0.844373
2 0.691302 0.408889 0.139146 0.234474 0.843095
0 0.509907 0.442312 0.0339787 0.193611 0.830215
0 0.190364 0.797679 0.0468655 0.231629 0.809046
0 0.914833 0.518613 0.0374531 0.192514 0.793503
0 0.463699 0.455737 0.0321392 0.196269 0.771535
0 0.85837 0.153846 0.0307064 0.14756 0.770254
0 0.493594 0.940667 0.0391676 0.118666 0.762945
0 0.601799 0.128869 0.029977 0.159077 0.747327
0 0.932903 0.737013 0.0445225 0.228297 0.721586
0 0.918611 0.178302 0.0266382 0.158413 0.72051
0 0.847793 0.657744 0.0482384 0.21188 0.685362
0 0.222804 0.441172 0.0402357 0.196735 0.678825
0 0.191257 0.448043 0.0333073 0.17288 0.606481
0 0.433151 0.207812 0.0358486 0.160998 0.463397
0 0.182892 0.243194 0.0390889 0.179473 0.396045
0 0.69502 0.0864125 0.0430513 0.169119 0.383948
3 0.702179 0.194524 0.0984944 0.102002 0.349947
0 0.200544 0.290579 0.0323447 0.150007 0.331891
1 0.703186 0.195602 0.0961071 0.106026 0.330618
26 0.703744 0.905319 0.0177424 0.0638857 0.290945
3 0.804443 0.607301 0.0613297 0.12216 0.28251
0 0.266388 0.266932 0.0231772 0.157348 0.281899
0 0.255102 0.277348 0.0418485 0.180552 0.256622
3 0.799315 0.621434 0.0466316 0.0909612 0.253725
0 0.783343 0.17752 0.0281647 0.152971 0.253425
