2 0.691408 0.40969 0.139199 0.238272 0.835302
0 0.917268 0.518223 0.0433208 0.196984 0.814924
0 0.214016 0.605817 0.0463642 0.229898 0.809806
0 0.722996 0.879393 0.050517 0.237582 0.764601
0 0.450261 0.926755 0.0418858 0.144237 0.754225
0 0.676657 0.892584 0.0436929 0.212448 0.74645
0 0.856013 0.212817 0.0363079 0.167579 0.725473
0 0.177408 0.443057 0.0341859 0.194036 0.714963
0 0.787271 0.0663279 0.0310213 0.127517 0.684915
0 0.266809 0.201898 0.0308354 0.169189 0.584436
0 0.143574 0.280136 0.0288096 0.1798 0.533707
3 0.701102 0.191222 0.101414 0.111619 0.454198
0 0.844512 0.659865 0.0560787 0.212324 0.447381
0 0.233927 0.209077 0.0238942 0.149438 0.437742
0 0.431987 0.210377 0.0275476 0.158438 0.432843
0 0.56616 0.0448978 0.0211126 0.0855501 0.413443
3 0.839874 0.600588 0.128107 0.155632 0.351166
58 0.346338 0.307017 0.0501024 0.109672 0.330664
0 0.169484 0.282702 0.0297382 0.162611 0.324872
1 0.702856 0.195235 0.0972401 0.102884 0.277624
