0 0.685445 0.873525 0.0472525 0.25242 0.849196
2 0.691296 0.409157 0.139355 0.235917 0.840399
0 0.510457 0.453925 0.0401512 0.200261 0.802542
0 0.91476 0.518543 0.0377367 0.192511 0.79481
0 0.492489 0.940781 0.0412484 0.118438 0.786626
0 0.186694 0.792555 0.0445034 0.231548 0.772573
0 0.465019 0.458726 0.0326328 0.180728 0.769747
0 0.85712 0.147795 0.0287678 0.145183 0.744691
0 0.933757 0.736379 0.0438152 0.230218 0.72424
0 0.847556 0.657817 0.0486671 0.211445 0.704122
0 0.600201 0.121807 0.0291094 0.154244 0.692948
0 0.190533 0.445819 0.0330323 0.17545 0.687316
0 0.91605 0.179806 0.0251492 0.158671 0.686745
0 0.224535 0.435284 0.0385895 0.194362 0.64887
0 0.434111 0.208255 0.0323143 0.160279 0.453343
0 0.695071 0.0872663 0.0433623 0.171467 0.420371
0 0.182844 0.242743 0.0394379 0.179325 0.41481
0 0.202867 0.286823 0.0321053 0.150861 0.403431
1 0.702125 0.195334 0.100991 0.107405 0.35766
3 0.70126 0.19379 0.101597 0.10251 0.310519
0 0.783392 0.177333 0.0266558 0.144444 0.285624
58 0.809791 0.288226 0.0529298 0.0937743 0.272569
0 0.194125 0.79298 0.0310044 0.230981 0.263223
0 0.137791 0.194559 0.0273833 0.153118 0.263192
3 0.80406 0.607131 0.059507 0.123779 0.257758
58 0.346126 0.304456 0.0499939 0.103919 0.254645
58 0.810773 0.30867 0.0531387 0.135365 0.251787
