2 0.691016 0.410209 0.139135 0.239551 0.841996
0 0.913911 0.518934 0.0418732 0.193922 0.83153
0 0.190787 0.923025 0.0556635 0.149685 0.749533
0 0.879829 0.298561 0.0371033 0.17316 0.740829
0 0.581964 0.901752 0.0446436 0.196067 0.711085
0 0.206366 0.338817 0.0337925 0.183519 0.709388
0 0.153226 0.956173 0.0454917 0.0876539 0.696072
0 0.631158 0.907332 0.0452574 0.185335 0.686219
0 0.787919 0.0674957 0.0312094 0.130654 0.680968
0 0.537364 0.93536 0.0342918 0.12928 0.652436
0 0.844197 0.656915 0.0583637 0.21206 0.574169
0 0.237044 0.141929 0.0266877 0.151054 0.567159
0 0.162456 0.188876 0.031026 0.166929 0.525093
0 0.863373 0.0516412 0.0290077 0.103282 0.520279
0 0.201311 0.181745 0.0295711 0.174937 0.505645
0 0.988705 0.335619 0.0219381 0.188905 0.501589
3 0.700781 0.194046 0.102154 0.107346 0.438052
0 0.266297 0.138658 0.0286415 0.189144 0.410479
0 0.102072 0.332576 0.0273629 0.173552 0.381535
1 0.702193 0.196755 0.0989477 0.10215 0.369098
0 0.695031 0.0859438 0.0418161 0.16881 0.355404
0 0.435424 0.212533 0.0272856 0.161496 0.348303
0 0.85385 0.657297 0.0419102 0.214209 0.330906
3 0.841212 0.597251 0.125623 0.15489 0.322541
58 0.345798 0.306452 0.0488454 0.108294 0.313326
58 0.810275 0.309695 0.0522985 0.134668 0.277589
