2 0.691209 0.410886 0.139024 0.234443 0.880857
0 0.91585 0.5211 0.0382357 0.195183 0.83727
0 0.237435 0.702832 0.0460971 0.237944 0.806436
0 0.237567 0.299858 0.037846 0.193286 0.783967
0 0.137283 0.607055 0.0348343 0.189029 0.765695
0 0.528543 0.926579 0.033584 0.146842 0.748993
0 0.733837 0.644827 0.0528271 0.229912 0.739403
0 0.0485104 0.692266 0.0625597 0.235295 0.725904
0 0.474684 0.246493 0.0395218 0.174546 0.688112
0 0.289073 0.374267 0.0346858 0.193967 0.648643
0 0.410012 0.349287 0.0316263 0.181168 0.647668
0 0.62724 0.219538 0.0386686 0.163975 0.628499
0 0.0686692 0.613935 0.0382969 0.214633 0.581089
3 0.837054 0.611042 0.128031 0.15243 0.576754
0 0.435916 0.361676 0.0328615 0.162165 0.553468
0 0.198094 0.177511 0.0311445 0.15981 0.507646
0 0.570995 0.205966 0.0309039 0.146666 0.49422
3 0.710802 0.192748 0.0822887 0.0935097 0.486789
0 0.329603 0.36384 0.0293332 0.172959 0.481269
0 0.428519 0.216231 0.0329842 0.156708 0.452613
0 0.165058 0.19256 0.0271349 0.156363 0.441229
0 0.655642 0.212457 0.0289892 0.158367 0.33081
0 0.788592 0.101087 0.0273176 0.0693021 0.312941
0 0.340344 0.772333 0.0263723 0.149148 0.305862
0 0.787982 0.131314 0.0293795 0.131466 0.302129
