2 0.691385 0.410146 0.138936 0.234832 0.827037
0 0.180314 0.909495 0.0518212 0.181009 0.823329
0 0.148202 0.939394 0.0440639 0.121211 0.805482
0 0.877635 0.315929 0.0429729 0.175773 0.774167
0 0.572835 0.891537 0.0418295 0.216926 0.759166
0 0.615012 0.893633 0.0480307 0.208904 0.73206
0 0.916137 0.520494 0.0381298 0.198509 0.718019
0 0.211471 0.325105 0.0334853 0.178982 0.713114
0 0.539901 0.928879 0.0336873 0.142242 0.662595
0 0.787474 0.06738 0.0305169 0.131429 0.657721
0 0.981949 0.325068 0.0352818 0.172051 0.566486
0 0.201329 0.162132 0.0320346 0.157899 0.542901
0 0.438601 0.17273 0.032316 0.23968 0.537093
0 0.163521 0.182867 0.0315757 0.183844 0.525061
0 0.845212 0.658935 0.0573851 0.212806 0.520424
3 0.700756 0.193933 0.102419 0.103708 0.501682
0 0.381861 0.649588 0.0315595 0.242112 0.473524
0 0.253101 0.182783 0.0263977 0.137874 0.42808
0 0.0988068 0.330477 0.0311522 0.185668 0.378864
0 0.695337 0.0837082 0.0420731 0.163882 0.377282
0 0.234379 0.14032 0.0233728 0.143835 0.356604
0 0.265205 0.14691 0.0243055 0.180027 0.349587
0 0.870442 0.0590284 0.0256029 0.113747 0.347531
0 0.437309 0.209859 0.029633 0.166278 0.346244
0 0.376086 0.26103 0.0382308 0.125672 0.337847
58 0.810212 0.311719 0.0542747 0.141761 0.332375
58 0.345507 0.306217 0.0483726 0.109587 0.318873
0 0.127238 0.338335 0.0362359 0.168338 0.286718
