2 0.691302 0.409628 0.137972 0.233109 0.846074
0 0.91617 0.518795 0.0398701 0.192609 0.797592
0 0.586954 0.507946 0.0337465 0.182816 0.795655
0 0.197221 0.604395 0.0477054 0.213567 0.775667
0 0.251735 0.369621 0.0385505 0.190174 0.753955
0 0.252599 0.627769 0.0380948 0.215883 0.740207
0 0.530456 0.919874 0.0449334 0.157011 0.731416
0 0.459418 0.562588 0.0365618 0.210458 0.727142
0 0.492492 0.566446 0.0407095 0.188153 0.716118
0 0.306237 0.951753 0.0491879 0.0964932 0.714725
0 0.938182 0.164979 0.0305332 0.147791 0.637654
0 0.542787 0.12177 0.0263076 0.153055 0.618616
3 0.838018 0.601386 0.126042 0.157436 0.603826
0 0.854443 0.714005 0.0314037 0.197732 0.577129
0 0.868182 0.0907402 0.035133 0.157058 0.535642
0 0.513195 0.111329 0.0275701 0.158674 0.52904
0 0.42759 0.21917 0.0317373 0.157598 0.472001
0 0.951656 0.519959 0.0335508 0.21243 0.419474
0 0.20011 0.173589 0.0326344 0.176655 0.396357
3 0.701543 0.194874 0.09921 0.0987493 0.349919
0 0.251198 0.155805 0.0309908 0.172459 0.34208
0 0.27722 0.15479 0.0273745 0.155019 0.325031
0 0.377385 0.0594159 0.0251904 0.111838 0.295351
0 0.159418 0.189351 0.0301373 0.159661 0.272933
58 0.809816 0.283536 0.0531057 0.0832279 0.264337
0 0.495295 0.0624107 0.0266835 0.122447 0.259058
3 0.874768 0.594544 0.0549965 0.15423 0.257885
0 0.444129 0.0528556 0.0226353 0.0979472 0.252722
