2 0.691378 0.408961 0.138547 0.234466 0.848169
0 0.9166 0.518737 0.0405901 0.193106 0.811697
0 0.585621 0.507344 0.0329758 0.182307 0.769695
0 0.197927 0.60607 0.0488847 0.220244 0.765523
0 0.460004 0.561237 0.0355871 0.208589 0.758343
0 0.251796 0.371984 0.0384876 0.191306 0.747253
0 0.253297 0.624268 0.0363246 0.209377 0.740931
0 0.529791 0.920755 0.0456752 0.156065 0.727069
0 0.492684 0.565503 0.0401335 0.187608 0.724655
0 0.305925 0.950936 0.0500747 0.0981281 0.715885
0 0.937598 0.165925 0.0299843 0.145734 0.642971
0 0.542812 0.123306 0.0262485 0.154936 0.62854
3 0.838096 0.6019 0.1268 0.158121 0.573673
0 0.513274 0.114164 0.0270741 0.160087 0.571482
0 0.85357 0.712084 0.0321945 0.202013 0.554833
0 0.867949 0.0880543 0.0343163 0.159259 0.543207
0 0.951783 0.52003 0.0323219 0.211821 0.541538
0 0.426439 0.21913 0.0339251 0.15642 0.426507
0 0.199694 0.174974 0.0336683 0.172783 0.384045
0 0.495494 0.0618764 0.0292236 0.123753 0.338486
3 0.701852 0.194969 0.0991987 0.0985445 0.328738
0 0.376983 0.0594398 0.0248166 0.110288 0.322719
0 0.329564 0.636518 0.0399633 0.221503 0.305342
0 0.250977 0.156099 0.0316176 0.172933 0.303743
0 0.277782 0.155257 0.027032 0.15888 0.303054
0 0.444139 0.0524209 0.0229336 0.0985033 0.296488
0 0.159693 0.189673 0.0291393 0.158861 0.279325
58 0.809678 0.284298 0.0531185 0.0848991 0.260625
0 0.232998 0.157483 0.0221616 0.17048 0.255197
