0 0.236588 0.401943 0.0424342 0.208931 0.894979
2 0.69141 0.409014 0.138439 0.234177 0.882678
0 0.228344 0.903874 0.0528704 0.192251 0.858351
0 0.916269 0.520086 0.0379654 0.194283 0.838299
0 0.63431 0.944815 0.0441056 0.11037 0.800184
0 0.0721437 0.621758 0.0402273 0.226174 0.784611
0 0.278301 0.281417 0.0414787 0.180279 0.749161
0 0.529896 0.256901 0.0309216 0.176827 0.745343
0 0.733373 0.644039 0.0544943 0.23036 0.743198
0 0.0276812 0.775249 0.0398298 0.214294 0.691245
0 0.759263 0.273574 0.031477 0.169879 0.68451
0 0.429392 0.215352 0.025882 0.153703 0.573228
0 0.452803 0.251297 0.026344 0.168771 0.551628
0 0.409586 0.25761 0.0267702 0.161151 0.482624
3 0.836856 0.608121 0.128867 0.156291 0.472061
0 0.165823 0.192463 0.0293449 0.154415 0.425932
0 0.474476 0.256263 0.0249061 0.151449 0.421679
0 0.787856 0.0997659 0.0282217 0.068611 0.420078
0 0.698308 0.241739 0.0344339 0.109533 0.39847
0 0.408518 0.23239 0.0200405 0.118747 0.381532
0 0.785468 0.254147 0.0279453 0.123963 0.356263
0 0.197805 0.174349 0.0320718 0.164353 0.338929
0 0.12312 0.192792 0.0272355 0.138469 0.338289
0 0.239379 0.0902966 0.0269656 0.144809 0.323116
58 0.810492 0.310385 0.0517208 0.136994 0.299619
0 0.374409 0.252433 0.0347909 0.113922 0.27225
0 0.340875 0.773437 0.024944 0.146238 0.269403
0 0.657993 0.224263 0.027153 0.140194 0.258009
0 0.261862 0.177908 0.0277747 0.127883 0.254969
