2 0.691144 0.41091 0.139043 0.237369 0.824517
0 0.22444 0.604251 0.0516194 0.223182 0.824464
0 0.916836 0.518503 0.0447233 0.196398 0.815573
0 0.18079 0.424543 0.0359065 0.195569 0.748081
0 0.863827 0.223955 0.0364655 0.159779 0.747388
0 0.69796 0.907268 0.0438663 0.185465 0.740614
0 0.45798 0.930028 0.0320189 0.139944 0.736016
0 0.743163 0.897527 0.0568243 0.203676 0.710671
0 0.263891 0.197208 0.0313539 0.168682 0.700365
0 0.788127 0.0666891 0.0328888 0.129597 0.608783
0 0.43574 0.213635 0.0275091 0.162436 0.595062
0 0.234679 0.200875 0.0235386 0.145587 0.491524
0 0.587619 0.982764 0.0209242 0.0344722 0.462006
3 0.701427 0.19279 0.100465 0.106375 0.456782
0 0.839413 0.661177 0.0667564 0.209146 0.421735
0 0.135967 0.291587 0.0296311 0.158447 0.411051
3 0.840061 0.598056 0.126417 0.153186 0.385749
0 0.695114 0.0871653 0.0409637 0.167888 0.377482
58 0.347333 0.310088 0.0519648 0.112225 0.362192
0 0.200927 0.177694 0.0329166 0.166707 0.343936
0 0.635498 0.984025 0.0246302 0.0319495 0.343353
0 0.586679 0.04827 0.0329886 0.0927777 0.337161
0 0.848478 0.65534 0.0492874 0.218628 0.302428
0 0.375785 0.260132 0.0388793 0.117156 0.257715
58 0.81021 0.311916 0.0528639 0.139152 0.257541
