2 0.691447 0.407966 0.138878 0.23763 0.901622
0 0.916383 0.520376 0.0378946 0.194601 0.829166
0 0.223398 0.449931 0.0457402 0.214516 0.779374
0 0.0173365 0.864842 0.0346731 0.227503 0.770509
0 0.072391 0.623459 0.0425205 0.226637 0.768743
0 0.547233 0.230794 0.0337158 0.165489 0.749568
0 0.976303 0.317551 0.0348888 0.174787 0.709565
0 0.509391 0.266015 0.0384733 0.16409 0.701108
0 0.633495 0.955003 0.0362385 0.0899929 0.699699
0 0.279856 0.241334 0.0337751 0.171524 0.677076
0 0.735159 0.642477 0.0581219 0.230275 0.620067
0 0.4276 0.218149 0.0318993 0.160974 0.578966
0 0.223733 0.96159 0.0490118 0.0768195 0.567942
3 0.836993 0.607449 0.129781 0.157678 0.52862
0 0.113498 0.430378 0.0316167 0.162737 0.527362
0 0.466606 0.218204 0.028214 0.163255 0.517276
0 0.727178 0.635638 0.0428635 0.213623 0.509076
0 0.84131 0.289603 0.0266373 0.149724 0.461731
0 0.735624 0.290422 0.0359785 0.162235 0.429852
0 0.787511 0.100323 0.0288662 0.0684423 0.324591
0 0.161933 0.189879 0.0274153 0.150862 0.275692
0 0.27289 0.2369 0.0327589 0.171915 0.26453
0 0.488671 0.219761 0.0257925 0.157757 0.252576
