0 0.256429 0.607019 0.0420391 0.219479 0.830341
2 0.691376 0.41025 0.138804 0.235414 0.821323
0 0.916907 0.518529 0.0414745 0.196022 0.785806
0 0.481296 0.931872 0.0346786 0.135334 0.764428
0 0.858767 0.240027 0.0369984 0.167588 0.756245
0 0.189219 0.402013 0.0365575 0.192327 0.739202
0 0.731639 0.934583 0.0460751 0.130549 0.699872
0 0.787669 0.0660244 0.032354 0.132049 0.662824
0 0.602941 0.956931 0.035518 0.0861382 0.631178
0 0.642134 0.960902 0.0385569 0.078143 0.617586
0 0.436281 0.213634 0.028329 0.163497 0.616129
0 0.843322 0.660375 0.0570705 0.211387 0.573818
0 0.775038 0.920322 0.0481287 0.156794 0.532369
0 0.258921 0.179353 0.028942 0.156228 0.503534
0 0.20292 0.174767 0.0339579 0.169513 0.465379
3 0.700666 0.192525 0.101835 0.108993 0.403029
0 0.403019 0.121564 0.0271163 0.160561 0.307899
58 0.810977 0.311587 0.0530006 0.14063 0.303888
0 0.233865 0.176911 0.0228936 0.14921 0.303225
0 0.376084 0.264842 0.0391747 0.12978 0.302873
0 0.161593 0.193998 0.0329032 0.152692 0.298809
0 0.129542 0.305236 0.0287068 0.156852 0.293777
58 0.345972 0.307806 0.0493167 0.109388 0.27308
0 0.854022 0.657194 0.0367466 0.214138 0.265325
3 0.841569 0.599234 0.127708 0.153639 0.261164
1 0.702509 0.197177 0.0983238 0.0977914 0.256849
0 0.159087 0.303953 0.0254345 0.159645 0.255349
