2 0.691318 0.409767 0.139433 0.235204 0.821704
0 0.19183 0.946202 0.0525547 0.107595 0.807049
0 0.914293 0.519038 0.0413647 0.195687 0.798807
0 0.866333 0.279377 0.0408428 0.176345 0.783051
0 0.599555 0.92184 0.0437336 0.156319 0.725054
0 0.317393 0.609958 0.0383017 0.21697 0.712389
0 0.527471 0.937064 0.0333935 0.125871 0.696643
0 0.201152 0.362746 0.0336581 0.187072 0.688857
0 0.788765 0.0672272 0.0329006 0.130358 0.657928
0 0.435603 0.212761 0.0285313 0.160069 0.529112
0 0.843896 0.659549 0.0581776 0.211781 0.526359
0 0.149601 0.976306 0.0349739 0.0473883 0.498167
0 0.203644 0.174284 0.0309463 0.168709 0.494716
0 0.641816 0.928733 0.0415535 0.142534 0.485724
3 0.700466 0.194326 0.102577 0.100571 0.426175
0 0.162672 0.192564 0.0319 0.156696 0.375835
3 0.841035 0.596993 0.124946 0.149797 0.362189
0 0.109457 0.324219 0.0322095 0.166413 0.322268
58 0.809702 0.302791 0.053306 0.123509 0.313526
0 0.141494 0.325201 0.0367895 0.152463 0.291869
0 0.243995 0.149448 0.023952 0.155103 0.286596
0 0.856041 0.656967 0.0363811 0.21339 0.264343
0 0.695528 0.0833161 0.0425352 0.163619 0.255882
