2 0.691326 0.410507 0.139241 0.234388 0.866439
0 0.915865 0.521045 0.0383327 0.194851 0.85228
0 0.238201 0.323655 0.0377041 0.190604 0.8244
0 0.233955 0.752598 0.0474713 0.236204 0.813011
0 0.0710021 0.622255 0.038334 0.22755 0.795479
0 0.553561 0.919391 0.0336002 0.159894 0.730637
0 0.734186 0.649557 0.0534431 0.222847 0.703681
0 0.461349 0.26648 0.036127 0.173763 0.690811
0 0.126853 0.647869 0.0320803 0.190621 0.684963
0 0.532277 0.20008 0.0414635 0.160534 0.610079
0 0.291204 0.351647 0.0303192 0.191496 0.607746
3 0.83675 0.609865 0.128153 0.156928 0.587647
0 0.410371 0.323955 0.0329747 0.178282 0.559162
0 0.197946 0.175099 0.0322388 0.160929 0.542254
0 0.163756 0.192365 0.0262526 0.150062 0.521569
0 0.326217 0.331994 0.0309425 0.163168 0.483808
0 0.608452 0.218042 0.0297722 0.142623 0.461731
0 0.340106 0.769998 0.0269978 0.144981 0.395482
0 0.427055 0.204395 0.0286564 0.131534 0.36742
0 0.243041 0.105113 0.0335655 0.154975 0.336632
0 0.432723 0.337407 0.023888 0.161706 0.30734
1 0.72362 0.196337 0.0561611 0.0811611 0.29022
0 0.676033 0.216294 0.0495991 0.161322 0.279579
0 0.377115 0.290631 0.0390975 0.187826 0.262845
