2 0.691519 0.411648 0.138914 0.235856 0.852727
0 0.915982 0.521251 0.0375994 0.192934 0.839793
0 0.290792 0.53158 0.035464 0.19182 0.808819
0 0.246494 0.514033 0.0356082 0.201903 0.801098
0 0.135342 0.434735 0.0330459 0.173099 0.765546
0 0.204039 0.910893 0.0500943 0.178215 0.76147
0 0.536047 0.156708 0.0307907 0.162995 0.756573
0 0.193001 0.653326 0.0541509 0.225237 0.741598
0 0.50091 0.122887 0.0308441 0.156531 0.735262
0 0.502178 0.918835 0.0398347 0.162331 0.729314
0 0.481571 0.489189 0.0338535 0.172957 0.693076
0 0.805742 0.666086 0.0510452 0.219146 0.659778
0 0.450548 0.487564 0.0361324 0.184075 0.59149
0 0.564242 0.149868 0.0266676 0.148772 0.57063
0 0.898099 0.114509 0.0318518 0.143202 0.544547
0 0.222926 0.812714 0.0574695 0.140748 0.517483
0 0.428742 0.194462 0.0365787 0.20806 0.489093
0 0.25625 0.200598 0.0362182 0.176199 0.418291
1 0.863544 0.629271 0.0728016 0.111328 0.376576
0 0.768635 0.0718343 0.0294012 0.125918 0.374841
0 0.232456 0.115533 0.0304215 0.148105 0.363526
0 0.223517 0.475579 0.0354114 0.207088 0.361834
0 0.703672 0.284022 0.0189087 0.0391136 0.300474
0 0.158223 0.196267 0.0317938 0.159132 0.277532
0 0.69442 0.0864776 0.0424231 0.168349 0.258701
0 0.769248 0.052568 0.0269375 0.0858253 0.258367
3 0.701399 0.197934 0.0994226 0.100233 0.25076
