2 0.69138 0.410662 0.139211 0.233988 0.866363
0 0.916343 0.520942 0.0379711 0.194409 0.846076
0 0.238257 0.327751 0.0380411 0.193734 0.830962
0 0.0710905 0.62235 0.0384957 0.2275 0.80885
0 0.234669 0.75809 0.0463171 0.236421 0.790271
0 0.554848 0.919726 0.0337946 0.158883 0.746968
0 0.734333 0.649318 0.0541056 0.223432 0.717257
0 0.533591 0.201641 0.0439294 0.158194 0.709649
0 0.461818 0.266756 0.0358657 0.172366 0.691143
0 0.124674 0.65275 0.0302449 0.193276 0.670385
0 0.292095 0.348105 0.0314368 0.189406 0.661417
0 0.32496 0.332454 0.0308554 0.164018 0.602819
0 0.409999 0.320329 0.0320507 0.175809 0.578267
3 0.836578 0.609507 0.128086 0.156378 0.574414
0 0.198184 0.176138 0.0322583 0.160662 0.541484
0 0.611612 0.218263 0.0302822 0.140882 0.532659
0 0.163455 0.1923 0.0258143 0.15099 0.532286
0 0.432862 0.338168 0.0265978 0.155981 0.424556
0 0.340614 0.768715 0.0265347 0.146908 0.397134
0 0.427465 0.20542 0.0290718 0.136034 0.369483
0 0.67326 0.211394 0.0435095 0.17368 0.368068
26 0.216445 0.748603 0.0131488 0.0516473 0.323494
0 0.243724 0.10816 0.0320114 0.150146 0.299169
0 0.376658 0.289244 0.0382483 0.184039 0.290567
0 0.270873 0.269077 0.0281223 0.161225 0.285393
1 0.72306 0.196393 0.0573273 0.0824142 0.26281
58 0.809269 0.291336 0.0533575 0.0982107 0.25584
