0 0.654085 0.779865 0.0470025 0.248048 0.866462
0 0.195225 0.867838 0.0453129 0.249328 0.840066
2 0.691084 0.408353 0.139137 0.233483 0.836249
0 0.457697 0.408646 0.0312495 0.194193 0.820177
0 0.914125 0.518371 0.0377764 0.192373 0.80674
0 0.500429 0.394305 0.0357518 0.189564 0.795495
0 0.874239 0.191026 0.0302343 0.152414 0.774712
0 0.929742 0.736071 0.0493698 0.230921 0.764689
0 0.847965 0.65651 0.0528606 0.213792 0.753225
0 0.618743 0.168896 0.0345181 0.158932 0.749288
0 0.274204 0.304147 0.032084 0.165769 0.726783
0 0.50097 0.931284 0.0386545 0.137432 0.710399
0 0.221469 0.481887 0.0395177 0.197783 0.687439
0 0.1843 0.488198 0.0303723 0.178805 0.617737
0 0.937025 0.223972 0.0304195 0.143703 0.587451
0 0.234411 0.31754 0.0333722 0.179307 0.457242
0 0.185946 0.315476 0.0326231 0.164378 0.425052
0 0.434815 0.208394 0.0280062 0.160454 0.408535
3 0.701177 0.196031 0.10027 0.0997657 0.310887
1 0.702278 0.197385 0.0976807 0.101683 0.296431
0 0.234113 0.296392 0.0323295 0.129039 0.295197
0 0.782824 0.214678 0.0302555 0.13413 0.266771
0 0.164156 0.195581 0.0318688 0.157481 0.252061
58 0.344983 0.30352 0.0479938 0.103661 0.251338
