2 0.691413 0.409897 0.138893 0.234155 0.852873
0 0.914863 0.520728 0.0398064 0.193259 0.829961
0 0.605156 0.627951 0.0413338 0.228946 0.829626
0 0.504111 0.308052 0.0319393 0.181286 0.774973
0 0.46095 0.311059 0.0322344 0.171511 0.761603
0 0.9098 0.272368 0.0304356 0.143126 0.741626
0 0.984016 0.326362 0.029874 0.177457 0.729081
0 0.476142 0.933578 0.0290859 0.132845 0.718314
0 0.848487 0.656457 0.0472622 0.214675 0.71064
0 0.214839 0.588182 0.0404463 0.217247 0.685498
0 0.234502 0.949441 0.0518572 0.101118 0.68539
0 0.166959 0.590128 0.0454512 0.189556 0.651268
0 0.31979 0.611826 0.0350275 0.227316 0.590733
0 0.168285 0.396239 0.0343387 0.181181 0.5655
0 0.172849 0.589801 0.0321685 0.184244 0.564457
0 0.202391 0.390518 0.0430494 0.183797 0.558734
0 0.267533 0.390377 0.0330463 0.17499 0.438427
0 0.890542 0.714537 0.0422897 0.249986 0.392698
0 0.208699 0.174951 0.0331773 0.161867 0.271928
0 0.433808 0.210093 0.030168 0.162694 0.266645
0 0.160607 0.191005 0.0290789 0.154992 0.263355
