2 0.691137 0.410666 0.139317 0.23353 0.870059
0 0.915566 0.521581 0.0380653 0.19487 0.820787
0 0.513836 0.926601 0.0436904 0.142455 0.770396
0 0.304613 0.486104 0.0337995 0.188061 0.753532
0 0.22315 0.528615 0.041399 0.212391 0.746683
0 0.772932 0.651028 0.0459093 0.230993 0.693336
0 0.55101 0.175153 0.033095 0.16703 0.68638
0 0.167863 0.860986 0.0411108 0.235892 0.674609
0 0.506178 0.154467 0.0317703 0.165188 0.670324
0 0.130538 0.650107 0.0348862 0.22483 0.652821
0 0.875341 0.0927506 0.0311306 0.142502 0.648084
0 0.135083 0.466896 0.0317804 0.162188 0.645059
0 0.259941 0.471881 0.0320868 0.196613 0.638877
0 0.587451 0.162099 0.0296637 0.14943 0.602397
0 0.409137 0.39904 0.03163 0.171702 0.547763
0 0.442135 0.44799 0.0321814 0.185599 0.530306
0 0.183877 0.742788 0.0574461 0.129564 0.519722
0 0.258635 0.224049 0.0370099 0.185113 0.461642
0 0.477767 0.450952 0.0345823 0.182261 0.452141
3 0.845882 0.620666 0.109328 0.135626 0.441227
0 0.775922 0.0990792 0.0306322 0.13179 0.441142
0 0.194785 0.177869 0.0280237 0.166668 0.370087
3 0.70163 0.197435 0.0989889 0.100721 0.354768
0 0.428415 0.217646 0.0310184 0.154126 0.267441
0 0.16534 0.187155 0.0273302 0.168408 0.267366
