2 0.691423 0.41029 0.138634 0.236355 0.839788
0 0.916451 0.519474 0.0389862 0.19294 0.81328
0 0.208533 0.58719 0.0464227 0.217116 0.768201
0 0.546296 0.126697 0.0296646 0.145498 0.748697
0 0.523029 0.924106 0.0380054 0.148296 0.746149
0 0.844609 0.696936 0.0454857 0.230314 0.745074
0 0.260599 0.608662 0.0345507 0.218739 0.67652
0 0.567409 0.490345 0.0361744 0.180117 0.676426
0 0.305507 0.639339 0.0402652 0.224782 0.663095
0 0.247007 0.384657 0.0355769 0.189549 0.64926
0 0.460425 0.546592 0.0345459 0.205173 0.647932
0 0.929301 0.158338 0.0284904 0.150533 0.646221
0 0.294295 0.936523 0.058458 0.126953 0.61699
0 0.494233 0.550249 0.0389676 0.186101 0.607023
0 0.513552 0.120081 0.029846 0.159838 0.601895
0 0.860929 0.0797154 0.0280685 0.146498 0.601515
0 0.2469 0.162697 0.0360014 0.171972 0.481249
0 0.957419 0.521278 0.0306564 0.198259 0.46791
0 0.263162 0.975837 0.0401507 0.0483252 0.430938
0 0.968449 0.140446 0.0294701 0.145907 0.413847
0 0.428708 0.216778 0.0304192 0.155934 0.400818
1 0.703176 0.198911 0.097295 0.0969726 0.381897
0 0.497489 0.0762928 0.0304795 0.152586 0.323506
58 0.809238 0.287618 0.0530479 0.0919798 0.321189
0 0.69535 0.0875458 0.0425541 0.169729 0.31617
3 0.701019 0.195323 0.101616 0.104425 0.304136
0 0.449764 0.0495423 0.0259222 0.0980307 0.277999
0 0.27796 0.164109 0.0247481 0.153032 0.268217
1 0.687852 0.198343 0.0757001 0.11017 0.251923
