0 0.630575 0.701274 0.0456894 0.241144 0.855624
0 0.201445 0.908265 0.0465653 0.18347 0.829702
2 0.691362 0.40877 0.139064 0.233635 0.829471
0 0.915269 0.518213 0.0393486 0.192852 0.812013
0 0.500082 0.351531 0.0326412 0.185933 0.755375
0 0.849043 0.656216 0.05219 0.214062 0.753989
0 0.930874 0.736204 0.0470072 0.231002 0.738387
0 0.961949 0.273135 0.0347555 0.170364 0.728949
0 0.276697 0.343579 0.0339206 0.171433 0.726605
0 0.489054 0.938914 0.0330867 0.122172 0.719091
0 0.890424 0.226204 0.0305611 0.145853 0.699729
0 0.455201 0.361278 0.0309814 0.187542 0.690978
0 0.647237 0.210205 0.0319391 0.162133 0.626453
0 0.331758 0.620432 0.0422188 0.220273 0.62595
0 0.219853 0.528838 0.0407658 0.21049 0.583323
0 0.182876 0.53235 0.0268024 0.176321 0.566169
0 0.175047 0.352793 0.0337725 0.172057 0.51818
0 0.782914 0.23742 0.0320942 0.138262 0.464309
0 0.176472 0.534178 0.0376831 0.177153 0.363463
3 0.709855 0.196614 0.0832289 0.0961493 0.314327
0 0.13487 0.198354 0.0295214 0.152434 0.296271
0 0.434707 0.207116 0.0311085 0.161406 0.274954
0 0.225046 0.33968 0.0426507 0.141178 0.274354
0 0.163109 0.194089 0.0264745 0.150913 0.25326
