0 0.619706 0.666332 0.0447687 0.233184 0.855168
0 0.212663 0.92561 0.0524242 0.148781 0.847605
2 0.69135 0.409574 0.139057 0.233252 0.836889
0 0.916261 0.517736 0.0424568 0.190623 0.825759
0 0.500123 0.3327 0.0332851 0.186228 0.780043
0 0.900554 0.238564 0.0291595 0.147383 0.77811
0 0.848508 0.657503 0.0514496 0.213208 0.77539
0 0.454801 0.345481 0.0343674 0.184527 0.707079
0 0.170053 0.558852 0.0451472 0.186067 0.702573
0 0.48795 0.9381 0.0317661 0.1238 0.670319
0 0.972433 0.29093 0.0348358 0.170426 0.629192
0 0.919059 0.743204 0.0485651 0.215555 0.628186
0 0.27409 0.357616 0.0337833 0.174329 0.613108
0 0.663762 0.213031 0.0327059 0.164707 0.549351
0 0.21844 0.54631 0.0401974 0.206098 0.53767
0 0.169783 0.364722 0.0324004 0.175511 0.516013
0 0.324612 0.617659 0.0424351 0.221831 0.500464
0 0.778696 0.24713 0.0311386 0.145535 0.475435
0 0.178598 0.559859 0.028784 0.177063 0.447771
0 0.92966 0.647994 0.0293234 0.130892 0.361551
0 0.216549 0.362181 0.0407048 0.179173 0.360293
0 0.135093 0.203269 0.0285487 0.14395 0.288696
0 0.161336 0.190136 0.0285517 0.145353 0.2703
