2 0.691487 0.410108 0.139162 0.237056 0.853666
0 0.150884 0.745575 0.0487098 0.244759 0.823609
0 0.194813 0.767671 0.0425922 0.226445 0.797436
0 0.489518 0.674225 0.0408167 0.214005 0.792578
0 0.249772 0.265577 0.0355764 0.177842 0.784322
0 0.441617 0.652613 0.0414242 0.222386 0.779436
0 0.915293 0.519861 0.0387932 0.193041 0.777509
0 0.531345 0.68328 0.0442332 0.202733 0.754407
0 0.556374 0.92506 0.0433573 0.14988 0.745345
0 0.538445 0.0745887 0.0283917 0.1376 0.731652
0 0.502304 0.0657951 0.0283892 0.13159 0.570196
0 0.917477 0.218248 0.0388428 0.174687 0.545581
0 0.892322 0.126296 0.0400669 0.161036 0.507429
0 0.429687 0.213365 0.0269001 0.161731 0.486541
0 0.970555 0.439704 0.0402264 0.18452 0.475794
3 0.70146 0.195713 0.100066 0.0995635 0.446908
0 0.245803 0.120939 0.0356585 0.161117 0.433522
0 0.201315 0.184269 0.0357111 0.151586 0.431231
0 0.827589 0.673752 0.0315311 0.229577 0.428579
0 0.779124 0.57068 0.0390846 0.115117 0.400649
1 0.867579 0.631411 0.0626892 0.106764 0.386892
0 0.470544 0.0632518 0.0264185 0.124869 0.372536
58 0.809646 0.286036 0.0541897 0.0903493 0.345617
0 0.918064 0.190069 0.0418407 0.233424 0.339648
0 0.159837 0.203034 0.0347383 0.173829 0.328288
1 0.703041 0.197317 0.0972308 0.099334 0.308357
0 0.69561 0.0842576 0.0412729 0.164841 0.296312
0 0.33738 0.780255 0.0315258 0.142311 0.25925
