2 0.691003 0.410678 0.139069 0.239201 0.843589
0 0.128429 0.836911 0.0497894 0.250489 0.80733
0 0.165548 0.855525 0.0429058 0.223189 0.792667
0 0.51308 0.768201 0.0451673 0.228727 0.772291
0 0.449474 0.67887 0.0338529 0.229991 0.759373
0 0.912149 0.51748 0.0354214 0.187084 0.733464
0 0.257429 0.213086 0.0360013 0.163146 0.687149
0 0.553406 0.771679 0.0496218 0.209627 0.68324
0 0.854544 0.365738 0.0299843 0.173302 0.639296
0 0.564208 0.93177 0.0424038 0.13646 0.622513
0 0.927283 0.261861 0.0271643 0.144702 0.591994
0 0.223162 0.256785 0.0298273 0.170696 0.583461
0 0.791617 0.0611204 0.0299578 0.122241 0.576017
3 0.700532 0.192021 0.102623 0.108314 0.562409
0 0.889633 0.0945005 0.0344055 0.153849 0.548786
0 0.833186 0.667368 0.0391281 0.199286 0.540734
0 0.162658 0.190429 0.0284396 0.161052 0.511177
0 0.98001 0.278323 0.0396004 0.177274 0.481949
0 0.854841 0.0892656 0.031237 0.153762 0.47264
0 0.133721 0.184394 0.0313561 0.172101 0.469782
0 0.203158 0.17929 0.0336377 0.17016 0.450553
0 0.422437 0.215074 0.0317711 0.16006 0.44512
0 0.913445 0.674621 0.0403637 0.18881 0.410689
0 0.251888 0.0759275 0.0313096 0.14791 0.398807
0 0.695481 0.0870988 0.0428456 0.170205 0.382341
0 0.911331 0.383044 0.045384 0.139006 0.381158
3 0.839782 0.596147 0.125654 0.149273 0.325504
0 0.476259 0.0582815 0.0302937 0.108369 0.307953
0 0.532253 0.0573721 0.0297043 0.107482 0.306958
0 0.281971 0.168381 0.0257017 0.162517 0.272453
0 0.499532 0.0566064 0.0280983 0.107604 0.265513
3 0.800091 0.607679 0.0521545 0.12223 0.259356
0 0.397688 0.160954 0.0321992 0.145641 0.250615
