2 0.691291 0.410081 0.139219 0.237661 0.821329
0 0.913453 0.519228 0.0429604 0.194082 0.795764
0 0.19153 0.925878 0.05667 0.145784 0.782503
0 0.877768 0.298153 0.0363533 0.170944 0.753282
0 0.584424 0.904797 0.0456486 0.188699 0.724533
0 0.153513 0.957538 0.045233 0.0849247 0.693255
0 0.206313 0.346713 0.0336899 0.178265 0.683745
0 0.787632 0.06715 0.0304196 0.130688 0.65865
0 0.536694 0.93597 0.0324148 0.12806 0.637835
0 0.634143 0.911162 0.043228 0.177676 0.612034
0 0.989714 0.337873 0.0198042 0.192989 0.569644
3 0.700965 0.194603 0.100651 0.101776 0.535849
0 0.238219 0.140893 0.0281026 0.158181 0.521244
0 0.845318 0.659231 0.0562998 0.211598 0.517247
0 0.162952 0.190247 0.0302547 0.159359 0.442804
0 0.859967 0.050533 0.0289412 0.0989913 0.425492
0 0.201257 0.176068 0.0298722 0.17635 0.400034
0 0.103055 0.330967 0.0265855 0.172111 0.37966
0 0.695657 0.0843663 0.0417709 0.166273 0.354577
0 0.266692 0.135895 0.0287111 0.19649 0.345141
2 0.059528 0.336125 0.0645797 0.144953 0.332247
58 0.809216 0.309846 0.0524832 0.137087 0.308656
3 0.841018 0.599585 0.126157 0.149214 0.302111
0 0.85645 0.657895 0.0366796 0.2112 0.294755
0 0.985541 0.331909 0.0283352 0.205306 0.274337
58 0.345656 0.306817 0.048406 0.109253 0.261584
