2 0.691446 0.411131 0.138526 0.23687 0.83661
0 0.916269 0.52025 0.0380529 0.191462 0.82737
0 0.215009 0.582911 0.0414966 0.215072 0.806539
0 0.548772 0.130465 0.0317224 0.153028 0.799088
0 0.262141 0.600753 0.0348333 0.209126 0.757254
0 0.287976 0.930658 0.0538675 0.138684 0.730252
0 0.520105 0.926995 0.0382952 0.143838 0.720884
0 0.841469 0.695084 0.0469841 0.231793 0.715516
0 0.245632 0.396258 0.0371565 0.193878 0.705131
0 0.859611 0.0740076 0.0296122 0.143959 0.680303
0 0.297096 0.643444 0.0448637 0.218433 0.672142
0 0.513244 0.122958 0.0317455 0.158157 0.669804
0 0.493535 0.544507 0.0374634 0.188238 0.666685
0 0.561663 0.488295 0.0361847 0.178631 0.649088
0 0.460485 0.541755 0.0359713 0.200342 0.621275
0 0.926929 0.155029 0.0277042 0.154561 0.618801
0 0.259429 0.969959 0.0467836 0.0600825 0.60795
0 0.248999 0.168411 0.0349498 0.174895 0.521866
0 0.958532 0.532803 0.0354481 0.218603 0.502027
0 0.428493 0.219252 0.0302258 0.155967 0.453223
1 0.703338 0.198857 0.0969111 0.0972766 0.380546
0 0.451211 0.0465847 0.0260136 0.091774 0.359247
0 0.694974 0.0883191 0.0427036 0.171329 0.337086
58 0.80935 0.288972 0.0527441 0.0941443 0.337003
3 0.701137 0.195681 0.101347 0.102785 0.305594
0 0.835952 0.693048 0.0325863 0.21485 0.304333
0 0.125124 0.355275 0.0289135 0.122879 0.277714
0 0.49738 0.0778589 0.0303867 0.152487 0.2627
1 0.688282 0.198384 0.0764406 0.109766 0.262179
