2 0.691185 0.410813 0.138967 0.233105 0.882672
0 0.915951 0.520405 0.0380966 0.196311 0.848606
0 0.240997 0.288475 0.0389082 0.188028 0.794233
0 0.522118 0.923207 0.0347164 0.148723 0.746286
0 0.286417 0.392411 0.0412339 0.197529 0.738026
0 0.133391 0.595924 0.0323992 0.196829 0.725644
0 0.328917 0.376957 0.0300971 0.15628 0.682119
0 0.0606059 0.715771 0.0468421 0.220649 0.677502
0 0.616104 0.213169 0.0303558 0.166533 0.676526
0 0.230408 0.675688 0.0462755 0.232419 0.651725
0 0.735108 0.644041 0.0567137 0.232019 0.638992
0 0.480401 0.228742 0.036461 0.177378 0.601589
3 0.836647 0.611714 0.126802 0.152318 0.560267
0 0.40948 0.367018 0.0308934 0.17907 0.528302
0 0.645922 0.21128 0.0312698 0.148985 0.480195
0 0.428329 0.219256 0.0323841 0.160719 0.44647
0 0.164382 0.195789 0.0267714 0.149232 0.434368
0 0.0655264 0.57357 0.0328106 0.130294 0.42308
0 0.285849 0.19855 0.0321455 0.144533 0.415254
0 0.0119343 0.662421 0.023671 0.213797 0.407761
0 0.789782 0.101262 0.0300493 0.068952 0.374999
0 0.729359 0.634735 0.0415497 0.212563 0.371113
0 0.552071 0.200072 0.0324675 0.14547 0.350448
0 0.19664 0.177333 0.0315564 0.161252 0.331986
0 0.43648 0.371284 0.0282558 0.165315 0.285559
0 0.789222 0.132149 0.0310459 0.131559 0.281388
3 0.708514 0.19722 0.0854797 0.0943169 0.259459
