2 0.691295 0.408969 0.138676 0.234359 0.847822
0 0.465142 0.933795 0.0436621 0.13241 0.835187
0 0.231376 0.621667 0.0531561 0.221835 0.817684
0 0.918436 0.517692 0.0432541 0.195637 0.811704
0 0.676356 0.814536 0.04806 0.244577 0.783962
0 0.6334 0.842578 0.0418168 0.249547 0.766953
0 0.174477 0.476499 0.0371819 0.200822 0.748126
0 0.849768 0.192285 0.0300602 0.162138 0.705553
0 0.261266 0.228793 0.0346995 0.163007 0.692628
0 0.848399 0.659072 0.0493069 0.214407 0.627097
0 0.785107 0.0650846 0.0298153 0.126429 0.571007
3 0.701229 0.189112 0.101404 0.110677 0.407397
0 0.517659 0.0376288 0.019796 0.0705748 0.399508
3 0.810345 0.608142 0.0726635 0.135535 0.325777
3 0.840144 0.600699 0.130772 0.153843 0.305784
1 0.703466 0.194628 0.0960518 0.102707 0.287787
0 0.231251 0.228908 0.0262254 0.151064 0.279193
58 0.345566 0.305604 0.0482094 0.105627 0.252467
0 0.694477 0.084644 0.0394459 0.164777 0.251245
