0 0.191026 0.935657 0.0519493 0.128685 0.816679
2 0.691431 0.410065 0.139044 0.238022 0.803921
0 0.913744 0.518795 0.0433464 0.191815 0.780265
0 0.873017 0.289706 0.0342464 0.16778 0.760204
0 0.205748 0.346222 0.035422 0.180953 0.689254
0 0.152466 0.965527 0.0430809 0.0689463 0.684187
0 0.635224 0.916676 0.0409508 0.166647 0.665111
0 0.787327 0.066135 0.0313686 0.129379 0.653583
0 0.534889 0.937646 0.0303083 0.124708 0.650663
0 0.592834 0.911582 0.0432358 0.176835 0.620382
0 0.990406 0.338258 0.0182861 0.213472 0.538972
0 0.103928 0.326994 0.027783 0.163905 0.46814
3 0.700759 0.195269 0.1014 0.100744 0.422045
0 0.845298 0.660063 0.0568283 0.212064 0.406247
0 0.162562 0.190195 0.031515 0.164461 0.380184
0 0.201986 0.169846 0.0302591 0.197704 0.375842
0 0.240211 0.145768 0.025988 0.158089 0.373261
0 0.43548 0.214599 0.0290977 0.157021 0.357115
3 0.840836 0.598085 0.124408 0.150766 0.317437
0 0.857343 0.658024 0.035759 0.203314 0.293249
58 0.345922 0.306381 0.048792 0.10813 0.280595
0 0.69552 0.0833252 0.0408493 0.164433 0.268311
0 0.853922 0.0489707 0.0240685 0.0913683 0.262575
0 0.306439 0.186617 0.0314338 0.147739 0.260631
