2 0.691589 0.409031 0.138469 0.235073 0.840519
0 0.91697 0.51897 0.0411034 0.193033 0.825432
0 0.200885 0.605121 0.0506473 0.226784 0.757629
0 0.255089 0.613377 0.0362594 0.208772 0.742118
0 0.528091 0.92229 0.0420902 0.152756 0.732143
0 0.460656 0.55693 0.0350748 0.205172 0.701892
0 0.303158 0.948798 0.0557689 0.102404 0.686467
0 0.250662 0.379519 0.0363111 0.194376 0.668452
0 0.579816 0.501773 0.0357246 0.178486 0.663485
0 0.493046 0.562785 0.0390274 0.188528 0.662995
0 0.543298 0.125788 0.0272827 0.154534 0.597916
0 0.512074 0.119147 0.030049 0.161627 0.596597
0 0.933882 0.166272 0.0322315 0.144027 0.596145
0 0.849396 0.702794 0.0393852 0.220209 0.58819
0 0.953365 0.517278 0.0324078 0.20052 0.578233
0 0.32213 0.642159 0.057133 0.228268 0.571357
0 0.864539 0.0847034 0.0298233 0.158011 0.537317
0 0.959877 0.139409 0.0269768 0.136163 0.44526
3 0.837689 0.601293 0.127331 0.161171 0.431956
0 0.24903 0.157587 0.0320007 0.173289 0.387242
0 0.427066 0.217258 0.0340739 0.15694 0.38267
0 0.199477 0.172838 0.0374187 0.178425 0.3493
3 0.701336 0.195097 0.0997801 0.100247 0.318157
0 0.277639 0.158078 0.025586 0.157508 0.311201
0 0.376399 0.0602307 0.0248927 0.109558 0.306193
58 0.809656 0.288703 0.0535969 0.0950266 0.295099
1 0.703405 0.198575 0.0968086 0.0975356 0.278506
0 0.695438 0.0860302 0.0415205 0.166384 0.277991
