2 0.691558 0.409684 0.138842 0.235315 0.858097
0 0.159831 0.713219 0.0505296 0.237086 0.82189
0 0.251443 0.285964 0.0383598 0.18091 0.800667
0 0.915773 0.51939 0.0380047 0.19383 0.781374
0 0.207702 0.735443 0.0420776 0.224828 0.774316
0 0.482282 0.650283 0.0407398 0.214517 0.745985
0 0.423142 0.646012 0.0347251 0.239548 0.7403
0 0.538514 0.0839859 0.0291704 0.143766 0.734795
0 0.550647 0.926684 0.04246 0.144487 0.720867
0 0.520714 0.655682 0.0403308 0.194311 0.700687
0 0.503191 0.0734223 0.0301867 0.146845 0.619858
0 0.427205 0.215661 0.0313274 0.158373 0.565601
0 0.897902 0.170727 0.0315502 0.155219 0.484348
0 0.835371 0.681326 0.0296215 0.217485 0.471094
0 0.926692 0.219677 0.02736 0.16001 0.455449
3 0.835381 0.60244 0.125691 0.158525 0.448713
3 0.701297 0.194969 0.100117 0.0983318 0.441372
0 0.161311 0.194402 0.0310729 0.148902 0.420417
0 0.725535 0.571985 0.04182 0.169719 0.418355
0 0.4609 0.0655284 0.0208181 0.129652 0.397667
0 0.888717 0.421843 0.0326748 0.160829 0.391345
0 0.98327 0.459325 0.0328953 0.18637 0.377009
0 0.250138 0.131545 0.0334786 0.16586 0.376722
0 0.19838 0.184308 0.0325267 0.150377 0.370289
1 0.871467 0.626832 0.055331 0.111844 0.347615
0 0.88875 0.400779 0.0306892 0.118 0.338077
0 0.234965 0.178946 0.0197316 0.142941 0.266784
58 0.345887 0.306361 0.0483417 0.110935 0.26375
0 0.695471 0.0848522 0.0401651 0.164914 0.263249
58 0.809769 0.281939 0.0533659 0.0812697 0.253628
