0 0.4055 0.658441 0.039076 0.22013 0.82517
2 0.691351 0.40993 0.139175 0.236691 0.811824
0 0.149787 0.918832 0.0465351 0.162337 0.801105
0 0.884965 0.336705 0.0381119 0.178944 0.75133
0 0.91683 0.519227 0.0362431 0.191385 0.710917
0 0.788829 0.0667002 0.031266 0.130332 0.691521
0 0.212428 0.302998 0.0335936 0.171122 0.658317
0 0.963629 0.306859 0.0309654 0.162301 0.654848
3 0.700668 0.19395 0.102418 0.107944 0.53766
0 0.256711 0.16305 0.0330541 0.163092 0.528836
0 0.430943 0.215562 0.0343849 0.163096 0.516073
0 0.552175 0.832923 0.0430548 0.196837 0.508759
0 0.162605 0.888971 0.0440238 0.214174 0.482933
0 0.597577 0.858824 0.045841 0.222907 0.459918
0 0.432568 0.180434 0.0356464 0.228085 0.457537
0 0.162229 0.177039 0.032094 0.190609 0.445283
3 0.83902 0.600472 0.127685 0.154611 0.428999
0 0.544853 0.932426 0.0507864 0.135149 0.416783
0 0.695056 0.0873177 0.0428354 0.171268 0.416333
0 0.877456 0.0643234 0.0277485 0.128647 0.402389
0 0.849871 0.657796 0.0452419 0.213713 0.383291
58 0.811184 0.311145 0.0542917 0.144354 0.361715
0 0.201712 0.158111 0.0311152 0.152612 0.326898
0 0.835949 0.0651555 0.0304165 0.126084 0.322441
0 0.495876 0.040193 0.0215813 0.0791686 0.302472
0 0.375587 0.26083 0.0382829 0.123051 0.301616
0 0.466948 0.0504863 0.0234046 0.0884936 0.292885
1 0.69423 0.196278 0.0880547 0.113108 0.288208
0 0.159328 0.840267 0.0411275 0.118109 0.285789
58 0.345161 0.305923 0.0477824 0.109332 0.273296
