2 0.691397 0.410158 0.138877 0.235323 0.831018
0 0.671536 0.883355 0.0426725 0.224848 0.809763
0 0.216742 0.608552 0.0398983 0.230286 0.805151
0 0.917595 0.518278 0.0427298 0.195838 0.803539
0 0.715713 0.878484 0.0498549 0.241477 0.773153
0 0.450614 0.92873 0.0418595 0.138433 0.769601
0 0.854238 0.210319 0.0365631 0.169159 0.734152
0 0.174688 0.447637 0.0334575 0.195275 0.73118
0 0.266393 0.21073 0.0299587 0.169451 0.706301
0 0.788051 0.0647631 0.0324919 0.126784 0.681644
0 0.145475 0.27482 0.0286793 0.181211 0.556384
0 0.556205 0.0435502 0.0360041 0.0851778 0.54519
3 0.701108 0.191245 0.101356 0.112842 0.47288
0 0.843802 0.659051 0.0569958 0.212902 0.443755
0 0.431826 0.20929 0.0265139 0.157586 0.426885
0 0.233903 0.215955 0.0225981 0.143476 0.385215
0 0.170046 0.280459 0.0295851 0.157861 0.33986
3 0.839949 0.600978 0.128815 0.15417 0.336389
1 0.702479 0.195984 0.0976653 0.102083 0.319104
58 0.346103 0.307713 0.0494927 0.110246 0.291617
3 0.810638 0.608603 0.0749661 0.137311 0.256693
