0 0.181801 0.638537 0.0461541 0.2251 0.86544
0 0.255241 0.340573 0.037973 0.188315 0.781208
2 0.690929 0.411812 0.137804 0.238392 0.773543
0 0.239742 0.65976 0.033976 0.218247 0.764407
0 0.533446 0.923114 0.0422558 0.151569 0.762744
0 0.915824 0.519541 0.0381073 0.192657 0.756197
0 0.4662 0.587502 0.0399496 0.206709 0.748429
0 0.504122 0.593628 0.0388266 0.193979 0.731004
0 0.627242 0.532891 0.0388798 0.175775 0.693503
0 0.510189 0.100466 0.0312264 0.146233 0.667356
0 0.869882 0.118501 0.0306149 0.152586 0.644394
0 0.538935 0.109469 0.0298671 0.15021 0.642214
0 0.937082 0.178755 0.0306824 0.158891 0.616949
0 0.26184 0.151116 0.0387541 0.171958 0.59242
0 0.428435 0.217927 0.0322487 0.158883 0.568675
0 0.856818 0.692252 0.0336678 0.216886 0.509073
0 0.234428 0.164944 0.0258456 0.156185 0.489983
3 0.701297 0.19434 0.100336 0.102033 0.462484
3 0.838965 0.598466 0.128596 0.165324 0.440855
0 0.159862 0.191263 0.0312579 0.149352 0.366867
0 0.69501 0.0855658 0.041739 0.16575 0.348854
0 0.385239 0.0627404 0.025199 0.125481 0.344027
0 0.445161 0.0565194 0.0297709 0.11163 0.328969
0 0.129496 0.203264 0.0286166 0.146205 0.293514
58 0.809424 0.284682 0.0528629 0.0865156 0.278598
0 0.199157 0.182644 0.0271594 0.15432 0.265461
