2 0.691347 0.41129 0.139495 0.237502 0.841097
0 0.916247 0.522658 0.0377556 0.195146 0.840256
0 0.240669 0.538472 0.0410095 0.203863 0.793938
0 0.284451 0.544899 0.0366755 0.200471 0.786404
0 0.505845 0.922407 0.0319596 0.155168 0.756083
0 0.137687 0.415321 0.0313416 0.16794 0.738064
0 0.908468 0.132215 0.0288494 0.138283 0.714991
0 0.529524 0.14605 0.0304435 0.159015 0.705369
0 0.499765 0.106904 0.0328108 0.15749 0.704131
0 0.220399 0.650917 0.0367539 0.222617 0.694562
0 0.457657 0.501521 0.0372422 0.190143 0.663268
0 0.818524 0.673005 0.0399109 0.214042 0.660368
0 0.218131 0.925235 0.0499176 0.14247 0.645465
0 0.484485 0.501717 0.0278278 0.185794 0.6124
0 0.501943 0.445403 0.034367 0.174306 0.591595
0 0.252167 0.19341 0.0343202 0.172932 0.587725
0 0.556572 0.144658 0.0269505 0.147943 0.574163
0 0.766996 0.0597076 0.0282442 0.119415 0.554118
0 0.231863 0.845897 0.038115 0.134868 0.51188
0 0.429957 0.217828 0.0293005 0.160489 0.511659
0 0.228389 0.412339 0.0466952 0.123316 0.481145
0 0.159099 0.198388 0.0309832 0.156039 0.397052
1 0.861186 0.629996 0.064502 0.108495 0.365186
0 0.203887 0.181415 0.0326587 0.152297 0.311966
0 0.695121 0.0876413 0.0415059 0.171089 0.278973
0 0.233813 0.887205 0.0379251 0.225591 0.263833
1 0.702686 0.199843 0.0972834 0.0954537 0.257234
3 0.701307 0.197283 0.0998846 0.101901 0.255676
1 0.688543 0.200024 0.077047 0.106006 0.251541
