2 0.691459 0.409184 0.138996 0.239101 0.896918
0 0.214794 0.487886 0.0419158 0.223992 0.803417
0 0.0729247 0.62219 0.0405077 0.225989 0.73174
0 0.920876 0.523961 0.0395588 0.200771 0.706199
0 0.560446 0.204586 0.0338478 0.163977 0.690036
0 0.584196 0.275618 0.0328648 0.164909 0.674226
0 0.427811 0.216111 0.0328493 0.162099 0.669711
0 0.594429 0.953442 0.0385141 0.0931161 0.661082
0 0.299082 0.21793 0.0324652 0.170317 0.657345
0 0.866498 0.326757 0.0350187 0.173215 0.623002
0 0.949941 0.273865 0.0278721 0.17156 0.617843
0 0.737139 0.64352 0.0620271 0.230875 0.608886
3 0.836494 0.606484 0.129752 0.158866 0.56919
0 0.472713 0.195302 0.0280475 0.158827 0.522458
0 0.273658 0.201063 0.0297116 0.157322 0.493043
0 0.15167 0.433066 0.0334743 0.187642 0.48018
0 0.727898 0.634837 0.0434244 0.213031 0.476938
0 0.199333 0.175589 0.0311974 0.163282 0.463188
0 0.490436 0.197444 0.0224953 0.146938 0.408505
0 0.76747 0.309091 0.0324685 0.155072 0.404315
0 0.137454 0.4641 0.0396255 0.181169 0.396873
0 0.0109554 0.903425 0.0217778 0.190187 0.349404
0 0.788011 0.0995302 0.0276365 0.0683289 0.312318
0 0.227945 0.159961 0.0261158 0.152411 0.295827
0 0.162973 0.183312 0.027732 0.165653 0.267291
58 0.347034 0.311001 0.0499633 0.115924 0.252652
