2 0.691416 0.412398 0.13879 0.236425 0.867544
0 0.915598 0.521862 0.0383835 0.19546 0.835799
0 0.887424 0.1041 0.0288673 0.140619 0.773061
0 0.297682 0.502654 0.035417 0.196098 0.768404
0 0.506947 0.923305 0.0363758 0.149765 0.716376
0 0.150888 0.655698 0.0473614 0.228296 0.706013
0 0.482386 0.464866 0.0388336 0.175396 0.68938
0 0.257875 0.492952 0.0329531 0.204358 0.654301
0 0.180516 0.88916 0.0486149 0.221679 0.651514
0 0.541806 0.170954 0.0301987 0.167595 0.64865
0 0.502889 0.140188 0.0294402 0.160314 0.627713
0 0.21877 0.504812 0.0453461 0.208389 0.619229
0 0.577908 0.158561 0.0297056 0.153172 0.616207
0 0.13751 0.456701 0.0311496 0.170449 0.588862
0 0.783646 0.653399 0.0518663 0.225169 0.571843
0 0.773069 0.0865559 0.0282888 0.129036 0.535372
0 0.447078 0.466368 0.0325416 0.184581 0.493653
0 0.254588 0.214816 0.0340082 0.173883 0.379419
3 0.701842 0.198748 0.0989214 0.0995675 0.32491
0 0.161892 0.19442 0.0279997 0.160926 0.310666
0 0.430533 0.418819 0.0297343 0.187076 0.293903
0 0.427717 0.219936 0.03486 0.158857 0.289116
1 0.665223 0.205797 0.0321772 0.0911582 0.26254
26 0.42713 0.496959 0.0203094 0.0506299 0.25957
0 0.191955 0.830874 0.0431682 0.259081 0.253717
