2 0.691526 0.409131 0.138452 0.236927 0.878811
0 0.916077 0.519432 0.0383732 0.193585 0.837038
0 0.0305451 0.752856 0.0381004 0.203687 0.836226
0 0.23104 0.894912 0.05473 0.210175 0.832751
0 0.239506 0.389018 0.043024 0.208392 0.811666
0 0.0715198 0.622277 0.0400467 0.228667 0.759174
0 0.282453 0.287128 0.0432045 0.181352 0.723846
0 0.629657 0.943145 0.0402578 0.11371 0.715084
0 0.733977 0.643855 0.0538458 0.227269 0.691389
0 0.750162 0.272017 0.0303417 0.181544 0.635507
0 0.523755 0.262564 0.0303283 0.163244 0.630711
0 0.647117 0.219778 0.0360024 0.161769 0.57879
0 0.775738 0.258536 0.02668 0.156361 0.555322
0 0.426994 0.225108 0.028171 0.171798 0.507774
0 0.467912 0.268149 0.0285623 0.153302 0.466749
3 0.837068 0.606682 0.128838 0.157956 0.465864
0 0.684896 0.24275 0.0414242 0.109979 0.451144
0 0.446835 0.253326 0.0290342 0.172859 0.43175
0 0.396278 0.256441 0.0328295 0.158697 0.429798
0 0.788195 0.0999014 0.0277185 0.0688297 0.42345
0 0.198686 0.178654 0.0325754 0.155114 0.40876
0 0.166945 0.192427 0.0289602 0.155962 0.388145
0 0.12201 0.191993 0.0287249 0.141071 0.386887
0 0.264386 0.179446 0.0275067 0.119305 0.323154
