0 0.915967 0.518539 0.0374199 0.193625 0.838215
2 0.691215 0.408154 0.139285 0.233766 0.832249
0 0.170342 0.584616 0.0424732 0.216744 0.827757
0 0.550013 0.683507 0.0381123 0.221405 0.804989
0 0.587823 0.671901 0.0442293 0.230456 0.804389
0 0.846649 0.658362 0.0499092 0.212133 0.71845
0 0.476317 0.938784 0.0336681 0.122432 0.686028
0 0.245385 0.290692 0.0305349 0.17809 0.668637
0 0.220281 0.302129 0.0266459 0.158091 0.532782
0 0.160714 0.253601 0.0258868 0.165942 0.477619
0 0.262355 0.157784 0.0342352 0.169824 0.439826
3 0.700848 0.192965 0.103203 0.104565 0.389058
0 0.191884 0.255115 0.0276738 0.154509 0.376872
0 0.849379 0.057777 0.0187218 0.110369 0.364952
0 0.419578 0.207388 0.0249687 0.15023 0.31359
3 0.808031 0.608377 0.0677594 0.135492 0.30983
58 0.345589 0.309701 0.0480023 0.116201 0.302773
0 0.333894 0.635019 0.0345855 0.195142 0.289796
0 0.694582 0.0846532 0.0421806 0.165044 0.280469
0 0.786878 0.0855913 0.0317348 0.131732 0.273218
58 0.809264 0.29503 0.0533484 0.108249 0.269336
0 0.200137 0.17342 0.0257301 0.140794 0.260706
0 0.233708 0.158876 0.02578 0.149762 0.251614
