2 0.691518 0.409847 0.139126 0.238512 0.82954
0 0.917043 0.518224 0.0435989 0.196606 0.818119
0 0.214983 0.606246 0.0441834 0.229765 0.817937
0 0.67559 0.891356 0.0430847 0.217247 0.793263
0 0.855447 0.211253 0.0369812 0.168409 0.784321
0 0.720967 0.87928 0.0488227 0.237163 0.780209
0 0.450373 0.927435 0.0422915 0.141395 0.744308
0 0.176822 0.445359 0.034189 0.196686 0.724269
0 0.787652 0.0660748 0.031542 0.127581 0.672685
0 0.26648 0.205433 0.0305051 0.168406 0.654326
0 0.144436 0.276492 0.0291997 0.181553 0.519139
3 0.701324 0.191522 0.101448 0.111453 0.478851
0 0.564239 0.0447039 0.0243706 0.0855599 0.469468
0 0.432006 0.210242 0.0268209 0.157245 0.436763
0 0.844245 0.659146 0.0567751 0.213233 0.409456
0 0.233871 0.21103 0.0228649 0.148451 0.378451
3 0.839888 0.60064 0.127776 0.154035 0.367885
0 0.169398 0.279431 0.0300408 0.157368 0.332248
58 0.346522 0.307506 0.050284 0.110594 0.330423
1 0.703085 0.194949 0.0972271 0.103697 0.313289
