2 0.691447 0.409063 0.138552 0.234403 0.848784
0 0.916509 0.518977 0.0401114 0.193108 0.814765
0 0.254274 0.618226 0.0367701 0.210002 0.770617
0 0.199449 0.604616 0.0502959 0.22339 0.75234
0 0.460397 0.56026 0.0350988 0.207874 0.747782
0 0.304464 0.950885 0.0525086 0.0982291 0.730883
0 0.251927 0.377271 0.0373647 0.194082 0.724634
0 0.52889 0.921743 0.0441412 0.154512 0.722263
0 0.583386 0.505781 0.0354528 0.182626 0.707491
0 0.492907 0.564073 0.0392761 0.188527 0.686089
0 0.936152 0.167671 0.0295406 0.145736 0.621686
0 0.852071 0.71048 0.0350948 0.205676 0.618058
0 0.54297 0.12312 0.0268334 0.152093 0.606115
0 0.951824 0.520611 0.0311649 0.205098 0.579478
0 0.866338 0.0855887 0.0325487 0.158797 0.566655
0 0.512996 0.117268 0.0280871 0.160355 0.511539
3 0.838197 0.599865 0.127082 0.162377 0.449343
0 0.324834 0.638372 0.0497981 0.224791 0.4036
0 0.4268 0.217389 0.0341539 0.158224 0.400102
0 0.199967 0.173007 0.035181 0.179631 0.350636
3 0.701485 0.195796 0.099498 0.098767 0.348361
58 0.809686 0.287755 0.053653 0.0928079 0.312458
0 0.444323 0.052709 0.025085 0.0978387 0.307533
0 0.277369 0.155187 0.0261104 0.161429 0.289031
0 0.376549 0.0599 0.0239024 0.108579 0.279673
0 0.233907 0.159643 0.0244728 0.171388 0.274934
0 0.695365 0.0855536 0.0412212 0.164944 0.258962
0 0.161237 0.187588 0.0286374 0.15953 0.255108
1 0.703151 0.198304 0.0970318 0.0960607 0.254149
