2 0.691468 0.411128 0.138828 0.23705 0.855294
0 0.916363 0.520905 0.0382179 0.194312 0.823356
0 0.223392 0.565508 0.0417435 0.210542 0.816654
0 0.276158 0.645354 0.0522627 0.227277 0.768889
0 0.515792 0.929873 0.0423676 0.139385 0.759907
0 0.540496 0.469198 0.032478 0.182145 0.754244
0 0.248029 0.955137 0.0554316 0.0897254 0.750344
0 0.922093 0.140871 0.031196 0.144443 0.730934
0 0.832088 0.690093 0.0516003 0.220937 0.716514
0 0.489689 0.53182 0.0364724 0.189372 0.691091
0 0.521217 0.132098 0.0293898 0.157625 0.662384
0 0.551498 0.132744 0.0287243 0.150166 0.65024
0 0.24309 0.409246 0.0374445 0.194729 0.638891
0 0.459188 0.525659 0.0365223 0.206815 0.637952
0 0.497561 0.0855291 0.0320047 0.154394 0.609379
0 0.265634 0.90826 0.0425532 0.152186 0.58374
0 0.129081 0.389781 0.0306422 0.162094 0.525324
0 0.248765 0.175887 0.0358936 0.171394 0.522153
3 0.70119 0.194511 0.100207 0.103958 0.430755
0 0.985886 0.125849 0.0265469 0.145047 0.399151
3 0.837931 0.595975 0.127701 0.165568 0.370985
0 0.429299 0.219448 0.0303175 0.158297 0.365324
0 0.267836 0.532498 0.0347723 0.10916 0.346806
1 0.703049 0.197201 0.0969126 0.100758 0.320951
0 0.851992 0.0686789 0.0267712 0.129673 0.320607
0 0.206794 0.1811 0.0337579 0.165053 0.30824
0 0.694873 0.0884068 0.0430188 0.171351 0.298808
0 0.761311 0.0505398 0.0258614 0.10108 0.297925
3 0.873231 0.626742 0.0558601 0.111951 0.260218
