2 0.691365 0.410577 0.139135 0.235215 0.876843
0 0.916219 0.521005 0.037627 0.195331 0.844651
0 0.231826 0.747921 0.0517513 0.238559 0.81538
0 0.238472 0.319656 0.0381112 0.195279 0.801554
0 0.0711348 0.622496 0.0383437 0.227709 0.780869
0 0.547682 0.918715 0.0356714 0.156456 0.729177
0 0.734221 0.64857 0.0524906 0.222579 0.714362
0 0.463356 0.261561 0.0370214 0.167419 0.712785
0 0.135065 0.646344 0.0408988 0.195904 0.695843
0 0.290554 0.357694 0.0323634 0.195462 0.60661
0 0.666627 0.22383 0.0447811 0.151251 0.60223
0 0.198126 0.174889 0.0323228 0.162038 0.558451
0 0.524004 0.191126 0.0296928 0.153729 0.538145
0 0.601393 0.215778 0.0300873 0.140282 0.491659
0 0.408975 0.331752 0.0313445 0.180085 0.480314
0 0.164068 0.192247 0.0273441 0.15373 0.474731
3 0.836877 0.611343 0.126511 0.153526 0.472673
0 0.328194 0.34176 0.0291424 0.151556 0.443927
0 0.340382 0.77193 0.0261372 0.147842 0.431383
0 0.42708 0.207647 0.0304973 0.136977 0.402194
0 0.431123 0.338393 0.0249962 0.156887 0.372071
3 0.721084 0.194143 0.0618441 0.0851158 0.367554
0 0.788546 0.100225 0.0285715 0.0709155 0.320631
