2 0.69142 0.410932 0.138544 0.236256 0.851113
0 0.915019 0.520564 0.039687 0.193089 0.845981
0 0.601637 0.612566 0.0411538 0.220757 0.835251
0 0.91266 0.278111 0.0296364 0.148269 0.769104
0 0.461438 0.308646 0.0324956 0.175152 0.765145
0 0.502873 0.29891 0.031513 0.174511 0.761454
0 0.240128 0.955488 0.0537534 0.0890244 0.718349
0 0.167186 0.604927 0.0404849 0.196815 0.685
0 0.265865 0.3942 0.0367836 0.176533 0.648058
0 0.213789 0.592018 0.0394308 0.217278 0.642184
0 0.473011 0.931805 0.0326208 0.13639 0.628182
0 0.165757 0.401782 0.0350921 0.177774 0.617149
0 0.847323 0.655073 0.0500259 0.215963 0.610341
0 0.985368 0.330582 0.0282888 0.193258 0.602663
0 0.881005 0.70579 0.0434025 0.242807 0.600374
0 0.320391 0.612204 0.0340259 0.227703 0.59021
0 0.699734 0.242762 0.0310894 0.116129 0.539712
0 0.201333 0.388206 0.0416599 0.158501 0.441897
2 0.702151 0.18946 0.0985233 0.0872478 0.306703
3 0.804951 0.605527 0.0609633 0.135868 0.270936
0 0.785783 0.27749 0.0322337 0.137362 0.257487
