0 0.489309 0.557057 0.0355902 0.199406 0.862626
0 0.914905 0.518789 0.0400604 0.193022 0.854738
0 0.165428 0.694766 0.0450157 0.227924 0.851753
2 0.691269 0.409857 0.139117 0.236002 0.834858
0 0.534012 0.543027 0.0396419 0.208145 0.814644
0 0.742814 0.955641 0.0474735 0.0887177 0.76701
0 0.484571 0.935769 0.0399706 0.128462 0.746255
0 0.847265 0.657918 0.0506182 0.214027 0.735539
0 0.240588 0.371719 0.0333615 0.182088 0.703576
0 0.435153 0.209141 0.036795 0.16204 0.652309
0 0.745516 0.0827642 0.0315317 0.138745 0.579578
0 0.88857 0.113907 0.0254799 0.152135 0.576734
0 0.83535 0.0753275 0.0257452 0.113527 0.538049
0 0.695443 0.0854267 0.0440105 0.166732 0.513565
0 0.200034 0.371282 0.0312822 0.162836 0.484696
0 0.580265 0.061867 0.0274347 0.122329 0.477927
0 0.2613 0.21558 0.0335982 0.165653 0.419445
0 0.229958 0.223205 0.0278548 0.155388 0.383752
0 0.782094 0.134553 0.0276641 0.139101 0.369577
3 0.810042 0.607106 0.071427 0.132706 0.297976
1 0.723744 0.195916 0.0561058 0.0903007 0.291835
3 0.701476 0.191861 0.10016 0.109869 0.278389
0 0.133613 0.196484 0.0307611 0.152188 0.253255
1 0.703523 0.194866 0.0958281 0.103125 0.252453
