2 0.690494 0.409363 0.138599 0.23583 0.83281
0 0.918347 0.518075 0.0429953 0.19452 0.821694
0 0.45774 0.938963 0.0433769 0.122074 0.813189
0 0.609015 0.791113 0.0432068 0.227634 0.810477
0 0.173211 0.500382 0.0387739 0.202941 0.79262
0 0.847139 0.658903 0.0492008 0.213017 0.761474
0 0.250922 0.630064 0.0374014 0.230004 0.756215
0 0.654725 0.775046 0.0425808 0.240027 0.722732
0 0.186367 0.264679 0.0284854 0.158889 0.520404
0 0.78791 0.0602986 0.0305095 0.110863 0.508774
0 0.25987 0.232381 0.0351847 0.19346 0.443846
0 0.229356 0.251853 0.0274646 0.150256 0.396691
0 0.422599 0.206902 0.0253729 0.152323 0.343507
0 0.848359 0.143068 0.0267422 0.0931821 0.324954
0 0.848098 0.175973 0.0279055 0.157648 0.319516
58 0.345269 0.306253 0.0480053 0.108557 0.295328
0 0.164076 0.196609 0.0286734 0.145716 0.290384
0 0.30152 0.191513 0.0299553 0.14927 0.288416
0 0.336996 0.782791 0.0323431 0.141777 0.25502
