2 0.691382 0.408618 0.139019 0.236321 0.838825
0 0.915661 0.518764 0.0379837 0.193757 0.834252
0 0.515822 0.62657 0.0361208 0.216125 0.829012
0 0.162485 0.64057 0.0413505 0.2255 0.81643
0 0.559801 0.60774 0.0464101 0.22444 0.7964
0 0.84687 0.658234 0.051273 0.212297 0.739236
0 0.469138 0.935719 0.0395489 0.128563 0.71948
0 0.784404 0.109045 0.0288357 0.132638 0.705879
0 0.242477 0.328358 0.0334647 0.177696 0.657115
0 0.209651 0.337632 0.0311997 0.162201 0.61996
0 0.429893 0.208396 0.0343958 0.165097 0.599718
0 0.868834 0.0782278 0.0266035 0.143929 0.513974
0 0.750677 0.105201 0.0289282 0.14352 0.509883
0 0.569947 0.0422313 0.0264985 0.0791169 0.448177
0 0.694546 0.0855238 0.0431425 0.166571 0.43307
0 0.262306 0.181819 0.0313952 0.165219 0.384411
58 0.34539 0.306776 0.047488 0.108849 0.321788
0 0.171823 0.249224 0.0296129 0.163929 0.314956
3 0.702155 0.193993 0.101503 0.107613 0.309592
58 0.809275 0.289682 0.0533503 0.0986833 0.289056
58 0.810492 0.31039 0.0533091 0.141533 0.288564
0 0.336841 0.783476 0.0316784 0.136035 0.283804
0 0.233979 0.189633 0.0239908 0.153552 0.280603
