2 0.691436 0.409831 0.138564 0.236008 0.876849
0 0.237874 0.333676 0.0396144 0.19989 0.845184
0 0.916263 0.520428 0.0380156 0.193931 0.840663
0 0.0712834 0.621221 0.0394089 0.22825 0.812692
0 0.232683 0.773154 0.0501788 0.242004 0.790033
0 0.538632 0.202675 0.0412572 0.157257 0.756895
0 0.55901 0.920753 0.031931 0.155417 0.747316
0 0.463863 0.273606 0.0350626 0.175308 0.720914
0 0.733748 0.646456 0.0531059 0.223369 0.707441
0 0.292713 0.346038 0.0277463 0.180834 0.682618
0 0.118446 0.665346 0.0333484 0.199301 0.680012
0 0.684351 0.226765 0.0520185 0.144184 0.633877
0 0.324036 0.331036 0.0298179 0.162929 0.579643
3 0.836469 0.607411 0.129501 0.157337 0.560907
0 0.163341 0.191242 0.0262872 0.152676 0.519825
0 0.41148 0.318061 0.031184 0.163865 0.50793
0 0.198057 0.174056 0.031551 0.164683 0.493305
0 0.340287 0.771361 0.0271067 0.148866 0.446451
0 0.611613 0.218683 0.0365669 0.138983 0.389154
0 0.270883 0.263327 0.0320531 0.159867 0.333898
0 0.436093 0.323834 0.0272712 0.153952 0.307677
0 0.61603 0.203837 0.0286776 0.107414 0.30389
0 0.427193 0.204038 0.0298611 0.132539 0.303312
0 0.788769 0.0995782 0.0272999 0.0674452 0.293806
0 0.376517 0.283386 0.0391314 0.182666 0.277523
0 0.245043 0.107698 0.0292013 0.148836 0.271141
26 0.215406 0.763847 0.0164698 0.0394738 0.263804
58 0.80937 0.287969 0.0537422 0.0932879 0.263491
1 0.723632 0.195461 0.0556194 0.0838455 0.2608
0 0.270111 0.286554 0.0275683 0.105765 0.260423
