0 0.612333 0.636458 0.0410292 0.223594 0.865265
0 0.915686 0.519999 0.0408134 0.194587 0.862234
0 0.504367 0.314116 0.0340418 0.183978 0.838815
2 0.691531 0.410154 0.138862 0.234737 0.831537
0 0.849763 0.656875 0.0494297 0.218352 0.798958
0 0.458316 0.326205 0.0304555 0.182102 0.759794
0 0.222237 0.940362 0.0448264 0.119276 0.723545
0 0.979359 0.310052 0.029623 0.172906 0.722246
0 0.4822 0.935349 0.0302607 0.129301 0.684354
0 0.171264 0.581838 0.0389447 0.189063 0.682613
0 0.213138 0.569367 0.0385488 0.206055 0.664266
0 0.904508 0.262554 0.0338272 0.150437 0.661689
0 0.272895 0.376415 0.0332235 0.179272 0.643797
0 0.899054 0.71556 0.0436029 0.253712 0.595822
0 0.169372 0.382112 0.0329085 0.170754 0.563161
0 0.319277 0.613268 0.0356646 0.227487 0.560611
0 0.677375 0.229325 0.0316016 0.132921 0.494687
0 0.78337 0.265291 0.0323885 0.143319 0.463829
0 0.208119 0.37047 0.0381461 0.154064 0.461928
0 0.161847 0.192104 0.0274192 0.152417 0.344178
0 0.135409 0.204246 0.0287197 0.147299 0.326786
0 0.434753 0.209793 0.0284866 0.158767 0.277723
3 0.723913 0.195083 0.0559792 0.0819058 0.275792
58 0.345886 0.304605 0.0471896 0.0991668 0.261074
