2 0.691622 0.412057 0.139221 0.240245 0.844596
0 0.129934 0.831306 0.0472417 0.255084 0.816824
0 0.169532 0.853452 0.0452177 0.234857 0.784768
0 0.449269 0.679703 0.0356056 0.228854 0.76854
0 0.258136 0.216364 0.0366841 0.163889 0.726051
0 0.915296 0.52076 0.0340212 0.190407 0.718169
0 0.858099 0.368138 0.0281544 0.178643 0.717405
0 0.511695 0.756665 0.0437864 0.23031 0.709181
0 0.924042 0.259142 0.0298534 0.144354 0.70221
0 0.562523 0.931231 0.0428133 0.137538 0.64785
0 0.557464 0.760121 0.0379936 0.200524 0.644932
0 0.976782 0.264121 0.0375996 0.176657 0.590784
0 0.889559 0.0964485 0.032206 0.149975 0.581242
0 0.824062 0.668637 0.0555363 0.200971 0.570314
0 0.163335 0.187943 0.0289418 0.165676 0.528097
0 0.534864 0.0576527 0.0302576 0.110329 0.520508
0 0.249873 0.0809257 0.031539 0.148455 0.516375
3 0.700744 0.194001 0.102206 0.102209 0.495691
0 0.423318 0.214833 0.0338293 0.162269 0.491278
0 0.916841 0.385372 0.0424366 0.135218 0.488504
0 0.47545 0.0592641 0.0300066 0.1116 0.487874
0 0.203763 0.177444 0.0319301 0.168402 0.484676
0 0.855144 0.0901392 0.0290668 0.153744 0.471773
0 0.792698 0.0603638 0.0281193 0.120728 0.470811
0 0.225468 0.252423 0.0284638 0.161601 0.459689
0 0.133453 0.183524 0.0308496 0.172949 0.442967
0 0.500396 0.0547817 0.0264858 0.105287 0.43177
0 0.695453 0.0875038 0.0426601 0.170459 0.372423
0 0.37415 0.255058 0.0350493 0.138021 0.355089
0 0.900494 0.67121 0.0470066 0.194193 0.312796
0 0.337329 0.780515 0.031458 0.142389 0.308961
0 0.832751 0.669687 0.0386978 0.200908 0.284801
58 0.345347 0.304931 0.0478903 0.106191 0.278574
1 0.69312 0.196752 0.0860621 0.110013 0.264858
