0 0.192534 0.824573 0.0488216 0.243628 0.892002
0 0.674403 0.847187 0.0457186 0.257511 0.839755
2 0.691176 0.40872 0.139198 0.234224 0.821559
0 0.914491 0.518726 0.0376286 0.19278 0.805871
0 0.22301 0.456696 0.0396511 0.194524 0.775866
0 0.930401 0.735426 0.0478538 0.227557 0.762273
0 0.463115 0.447957 0.0322752 0.199105 0.746555
0 0.497085 0.935281 0.0374237 0.129438 0.725368
0 0.605917 0.136573 0.0279985 0.1516 0.72482
0 0.505585 0.4316 0.0343607 0.193045 0.714702
0 0.186922 0.465001 0.0356839 0.17748 0.69059
0 0.862279 0.161972 0.0285194 0.147424 0.68545
0 0.847731 0.657203 0.0498253 0.212197 0.676836
0 0.924617 0.193961 0.0290333 0.156272 0.643052
0 0.433073 0.207885 0.03535 0.162159 0.538929
0 0.264123 0.283758 0.0307867 0.168855 0.451321
0 0.694435 0.0858408 0.0435146 0.167807 0.326136
0 0.13697 0.194992 0.0288498 0.151544 0.306894
3 0.701378 0.193938 0.0996651 0.0988864 0.306213
3 0.804054 0.606642 0.0618139 0.124119 0.303804
0 0.33898 0.784302 0.0283783 0.132553 0.276779
3 0.798041 0.619952 0.0454153 0.0927093 0.261482
