2 0.69146 0.411166 0.138717 0.236849 0.825582
0 0.916111 0.520687 0.037664 0.191863 0.825346
0 0.215964 0.58209 0.0418763 0.214 0.801997
0 0.54925 0.130441 0.031554 0.151478 0.793554
0 0.262418 0.598402 0.0353487 0.210029 0.754922
0 0.244924 0.398599 0.0373845 0.200344 0.727767
0 0.519254 0.927713 0.0391972 0.142676 0.716855
0 0.841685 0.696698 0.0458645 0.229606 0.710584
0 0.284659 0.930018 0.0509938 0.139965 0.689507
0 0.926895 0.154756 0.0284843 0.15162 0.671222
0 0.558797 0.488527 0.0391485 0.181235 0.646685
0 0.493191 0.542797 0.0376812 0.18882 0.639433
0 0.513774 0.124286 0.0304788 0.159322 0.621504
0 0.859037 0.0738717 0.0291533 0.142021 0.618344
0 0.258553 0.969559 0.0475503 0.0608814 0.599794
0 0.460468 0.540649 0.0363551 0.199883 0.583926
0 0.292428 0.643 0.047068 0.220977 0.560618
0 0.248627 0.16953 0.0347973 0.172067 0.519572
0 0.9593 0.535909 0.0337482 0.220007 0.497535
0 0.428859 0.218411 0.0297503 0.154529 0.413742
0 0.835233 0.692049 0.0341728 0.216062 0.346383
58 0.809305 0.287802 0.0529364 0.0921261 0.32416
1 0.70358 0.198318 0.0963957 0.0951744 0.308638
0 0.694702 0.0876015 0.0425845 0.169961 0.307877
0 0.451374 0.046052 0.025732 0.0902814 0.296896
0 0.49718 0.0775206 0.0297747 0.151799 0.275939
1 0.66542 0.202625 0.0325686 0.0913567 0.253169
