0 0.91495 0.519039 0.0406008 0.193966 0.833151
2 0.691188 0.407834 0.138946 0.234957 0.831603
0 0.47463 0.942262 0.0445178 0.115476 0.797798
0 0.624357 0.737492 0.0473787 0.238118 0.79373
0 0.17674 0.536715 0.0403102 0.208761 0.791169
0 0.290494 0.637244 0.0402074 0.224063 0.786708
0 0.583758 0.745356 0.0406467 0.231807 0.745765
0 0.848029 0.658453 0.0492889 0.21758 0.696274
0 0.253015 0.26229 0.0349896 0.182116 0.693891
0 0.223162 0.272031 0.0263975 0.150758 0.589791
0 0.792489 0.0671696 0.0309526 0.131773 0.465608
0 0.252844 0.110616 0.0326249 0.130946 0.444483
1 0.695915 0.192907 0.0889292 0.110484 0.399883
3 0.700092 0.189887 0.100237 0.11495 0.35176
58 0.345063 0.305497 0.047084 0.107033 0.335078
3 0.806698 0.604816 0.0649106 0.127954 0.329999
0 0.425014 0.201853 0.029278 0.153795 0.326394
0 0.694123 0.0870041 0.0425652 0.169257 0.317517
0 0.185279 0.258224 0.0270968 0.156717 0.313884
0 0.200898 0.188421 0.0313069 0.154888 0.29502
0 0.154414 0.258658 0.0246565 0.165953 0.264841
0 0.299174 0.191977 0.032858 0.154888 0.260738
0 0.402145 0.103864 0.0267687 0.133977 0.260303
0 0.457873 0.0333743 0.0320266 0.063816 0.259923
