2 0.691367 0.410148 0.139289 0.236911 0.842064
0 0.151886 0.745479 0.0500828 0.244173 0.827312
0 0.489134 0.672388 0.0422865 0.212986 0.809055
0 0.193956 0.762115 0.039807 0.221701 0.802169
0 0.441036 0.651476 0.0402882 0.217105 0.789018
0 0.915079 0.520116 0.0392487 0.192664 0.775326
0 0.249526 0.266739 0.034261 0.174578 0.770288
0 0.531006 0.683404 0.0435272 0.205359 0.762034
0 0.538697 0.0751647 0.0284042 0.137841 0.741171
0 0.556346 0.925194 0.0434349 0.149612 0.735131
0 0.502325 0.0665809 0.0283883 0.133162 0.591807
0 0.916519 0.216966 0.03876 0.175908 0.548306
0 0.975119 0.452538 0.0481726 0.206571 0.547429
0 0.429647 0.213471 0.0262735 0.160124 0.490098
0 0.202021 0.184034 0.0347108 0.15608 0.488407
0 0.917579 0.189462 0.0426331 0.234095 0.485817
0 0.89446 0.127046 0.0376923 0.162166 0.480168
0 0.246394 0.121945 0.0350628 0.159901 0.471102
0 0.82666 0.675955 0.032066 0.226439 0.46748
0 0.470162 0.0640662 0.0296447 0.126239 0.442225
1 0.867876 0.631372 0.0612631 0.107299 0.42952
3 0.701196 0.195913 0.100719 0.100299 0.421252
0 0.970709 0.439768 0.0397442 0.175715 0.415289
58 0.809628 0.286214 0.0543066 0.090712 0.354085
1 0.702947 0.197579 0.0975906 0.0983511 0.351728
0 0.778912 0.591635 0.0350506 0.159376 0.341801
0 0.160044 0.205335 0.0340227 0.17795 0.329408
58 0.345945 0.307534 0.0488414 0.11126 0.274521
0 0.695451 0.0845938 0.040679 0.165521 0.26704
