0 0.916054 0.521821 0.0378006 0.194146 0.854298
2 0.691424 0.411302 0.139294 0.237043 0.837128
0 0.242067 0.537672 0.0409675 0.207914 0.786409
0 0.285191 0.536647 0.0362032 0.188598 0.771319
0 0.50532 0.921312 0.0328306 0.157101 0.73715
0 0.220527 0.923028 0.0581123 0.153945 0.707512
0 0.906851 0.12873 0.0269547 0.138863 0.70706
0 0.499022 0.109299 0.0319887 0.158974 0.706977
0 0.530201 0.146501 0.0301874 0.157932 0.674355
0 0.817005 0.671324 0.0431755 0.218536 0.674279
0 0.137675 0.417351 0.030396 0.167169 0.661249
0 0.211846 0.6511 0.0398977 0.223345 0.645927
0 0.557769 0.144611 0.0267582 0.14792 0.642815
0 0.485739 0.500184 0.0284531 0.182954 0.567991
0 0.22852 0.83918 0.0389016 0.130577 0.552683
0 0.457253 0.499381 0.036581 0.190207 0.547502
0 0.429504 0.216517 0.0291991 0.162017 0.47221
0 0.496309 0.439834 0.0301432 0.173115 0.466871
0 0.766841 0.0612292 0.029108 0.122458 0.451782
0 0.228044 0.414244 0.046249 0.122635 0.428726
0 0.252984 0.194759 0.0340209 0.16983 0.364485
0 0.158819 0.197567 0.0314865 0.156253 0.310154
0 0.695063 0.0874695 0.0419374 0.171183 0.302505
1 0.866325 0.633228 0.0640461 0.104424 0.301471
1 0.702775 0.199798 0.0971439 0.0966885 0.277412
