2 0.691317 0.408775 0.13877 0.234081 0.845291
0 0.459197 0.938218 0.0433517 0.123565 0.833374
0 0.236924 0.623907 0.0451697 0.224764 0.818195
0 0.917937 0.518228 0.0434643 0.19564 0.81077
0 0.173764 0.491629 0.037805 0.205131 0.797779
0 0.663929 0.803042 0.0453715 0.245194 0.792596
0 0.622493 0.813051 0.0400246 0.236131 0.763826
0 0.84836 0.658426 0.048992 0.216758 0.680916
0 0.260663 0.238925 0.0340691 0.175314 0.676541
0 0.229403 0.247108 0.025175 0.139183 0.58817
0 0.847198 0.181004 0.029039 0.164119 0.55643
0 0.785712 0.0632334 0.0299145 0.122072 0.552848
0 0.502283 0.037628 0.0374081 0.0706023 0.464317
0 0.1821 0.266465 0.0312218 0.159284 0.433536
0 0.149479 0.270285 0.0299218 0.17613 0.431745
0 0.422986 0.209158 0.026993 0.156242 0.3349
58 0.345474 0.30534 0.0481257 0.107235 0.332339
3 0.701439 0.191992 0.101073 0.104497 0.301902
3 0.809186 0.608704 0.0693583 0.132683 0.281559
0 0.203196 0.175975 0.0319693 0.171126 0.269169
0 0.164273 0.174072 0.0283786 0.102057 0.268444
36 0.248575 0.728459 0.0245742 0.019868 0.266194
1 0.70383 0.196461 0.0947651 0.0958141 0.260231
