0 0.914852 0.518658 0.0398127 0.19305 0.852759
0 0.165736 0.697189 0.0448525 0.226852 0.851674
0 0.488582 0.556072 0.0363011 0.2006 0.849769
2 0.691414 0.409778 0.138663 0.236398 0.842397
0 0.742164 0.953926 0.0482846 0.0921481 0.832083
0 0.53388 0.540911 0.0360922 0.20863 0.816194
0 0.847316 0.657803 0.0505205 0.214464 0.748459
0 0.485809 0.93607 0.0399012 0.12786 0.721797
0 0.241034 0.374242 0.0331124 0.182897 0.669053
0 0.435314 0.208851 0.0359417 0.161475 0.64725
0 0.745384 0.0828233 0.032342 0.13826 0.613739
0 0.889152 0.11448 0.0261602 0.15179 0.578569
0 0.580504 0.0627272 0.0276384 0.124879 0.555934
0 0.835567 0.075073 0.026548 0.11404 0.549697
0 0.695463 0.0853423 0.0441652 0.16645 0.489687
0 0.200582 0.372697 0.0293742 0.159385 0.470885
0 0.229506 0.226363 0.0273983 0.154347 0.379597
0 0.261247 0.21632 0.0341938 0.165422 0.364195
0 0.196042 0.372248 0.0404317 0.167777 0.335227
3 0.809816 0.607278 0.0709351 0.13355 0.299827
1 0.722822 0.196613 0.0577614 0.0913418 0.293357
0 0.376039 0.257646 0.0384332 0.125503 0.28481
0 0.133897 0.19374 0.029979 0.153295 0.271944
0 0.183033 0.242794 0.0364273 0.185951 0.268128
1 0.705872 0.196185 0.09088 0.10128 0.264583
0 0.177605 0.240093 0.0319066 0.175091 0.261564
