2 0.691252 0.409418 0.138675 0.235194 0.844616
0 0.232462 0.622032 0.0527171 0.22459 0.811195
0 0.918517 0.5182 0.0432178 0.194957 0.805625
0 0.630821 0.828814 0.041217 0.231047 0.799976
0 0.672778 0.812996 0.0458233 0.250211 0.789215
0 0.464123 0.934648 0.0426169 0.130705 0.78218
0 0.174542 0.481176 0.0374077 0.209197 0.749043
0 0.261664 0.230119 0.032871 0.162941 0.675398
0 0.846231 0.656804 0.0518021 0.211922 0.596935
0 0.231767 0.240361 0.0257116 0.143413 0.511172
0 0.848631 0.191344 0.0297646 0.163973 0.503698
0 0.785024 0.0640667 0.0315163 0.124572 0.486566
3 0.701349 0.191581 0.101124 0.106926 0.353139
58 0.345399 0.305556 0.048142 0.106409 0.342616
1 0.70298 0.195908 0.0968687 0.100661 0.332863
3 0.809573 0.609353 0.0713268 0.134811 0.306132
0 0.51363 0.0388472 0.0201058 0.0723853 0.305372
0 0.150624 0.266798 0.0299722 0.184306 0.275494
0 0.42338 0.207089 0.0228678 0.156853 0.262032
0 0.694619 0.0847805 0.0383781 0.165246 0.258775
