2 0.69127 0.40927 0.139029 0.234504 0.830494
0 0.231838 0.602474 0.0404324 0.227649 0.822191
0 0.916827 0.517833 0.042852 0.197068 0.781401
0 0.181302 0.415907 0.037085 0.19014 0.766036
0 0.865122 0.225812 0.0352215 0.163026 0.762011
0 0.710284 0.915242 0.0424911 0.169297 0.741578
0 0.462452 0.930057 0.0340851 0.139886 0.729993
0 0.756566 0.901912 0.0523743 0.196176 0.717349
0 0.787941 0.0661962 0.0305698 0.127429 0.65992
0 0.435634 0.212831 0.0286129 0.162608 0.64941
0 0.589111 0.97323 0.0283905 0.0535397 0.60036
0 0.263419 0.184542 0.0290599 0.162658 0.540991
0 0.847804 0.658445 0.0504263 0.210963 0.520734
0 0.134696 0.291211 0.0299129 0.159428 0.50153
3 0.701298 0.19144 0.101054 0.109852 0.477923
0 0.598482 0.0466647 0.0226572 0.0927647 0.456593
0 0.635964 0.977508 0.0238749 0.0449842 0.414792
0 0.376502 0.258155 0.0395605 0.127434 0.407237
0 0.200943 0.184099 0.0331239 0.149851 0.353366
58 0.346533 0.307392 0.0505592 0.110663 0.351927
0 0.235941 0.190917 0.0229003 0.144057 0.34142
1 0.70296 0.194536 0.0971354 0.103458 0.327855
58 0.810758 0.311052 0.0532459 0.141097 0.316485
0 0.162538 0.19319 0.0300157 0.153185 0.266681
