2 0.691408 0.409602 0.139144 0.236163 0.841406
0 0.145406 0.757112 0.0479993 0.246846 0.838293
0 0.446764 0.661378 0.0507781 0.234033 0.826495
0 0.190986 0.774877 0.0397427 0.221349 0.80606
0 0.537452 0.07154 0.0294739 0.137871 0.786868
0 0.494744 0.685211 0.0398844 0.209046 0.774407
0 0.915806 0.519819 0.0375549 0.192163 0.7649
0 0.252315 0.259865 0.036656 0.178569 0.74507
0 0.555973 0.927335 0.0414795 0.14533 0.700102
0 0.534971 0.699748 0.0441827 0.199431 0.650028
0 0.502231 0.064977 0.0274092 0.129954 0.583739
0 0.958709 0.431889 0.0462612 0.188234 0.552337
0 0.201328 0.181926 0.0381108 0.153232 0.519617
0 0.43038 0.212716 0.0279221 0.164548 0.50264
3 0.701532 0.196534 0.0997799 0.0992499 0.433085
0 0.883177 0.122058 0.0327347 0.163463 0.412547
0 0.912166 0.230407 0.0311081 0.148177 0.39792
0 0.245604 0.112111 0.03445 0.159776 0.385858
0 0.825221 0.666718 0.0265282 0.219011 0.384778
0 0.872224 0.406658 0.0325262 0.173944 0.375601
58 0.80985 0.286135 0.0533692 0.0900071 0.348131
1 0.867492 0.632677 0.0645439 0.102505 0.301653
0 0.337564 0.78116 0.0315557 0.142494 0.291358
0 0.934411 0.216179 0.0278675 0.164287 0.271926
58 0.345797 0.306541 0.047999 0.108903 0.264583
1 0.310642 0.204941 0.03538 0.0643243 0.254976
