2 0.691289 0.409092 0.138596 0.233996 0.840641
0 0.234872 0.624871 0.0478493 0.226067 0.828996
0 0.174625 0.489751 0.0373913 0.207076 0.815979
0 0.668855 0.807914 0.049559 0.245016 0.807052
0 0.917904 0.518073 0.0433434 0.194884 0.805699
0 0.460447 0.93714 0.0432344 0.12572 0.801776
0 0.626651 0.812543 0.0410954 0.230091 0.786388
0 0.847692 0.658075 0.0507084 0.216718 0.67815
0 0.261614 0.238434 0.0325713 0.169747 0.643681
0 0.785518 0.063186 0.0294987 0.122106 0.563977
0 0.230963 0.247315 0.0245463 0.13945 0.5153
0 0.847234 0.186578 0.0296797 0.163388 0.45084
0 0.423062 0.20893 0.0266952 0.157665 0.425617
0 0.505544 0.0378188 0.0380501 0.0719299 0.424889
58 0.345184 0.30529 0.0475749 0.10682 0.38863
1 0.702736 0.195889 0.0967812 0.0996478 0.361053
0 0.150692 0.266806 0.0317133 0.184106 0.343512
3 0.809842 0.610309 0.0711648 0.133855 0.295372
3 0.701648 0.191326 0.100822 0.106578 0.273631
