2 0.6913 0.410651 0.139217 0.236023 0.848287
0 0.154607 0.716092 0.0467594 0.228389 0.845629
0 0.484391 0.66243 0.0406755 0.220673 0.789622
0 0.249002 0.281845 0.0392555 0.17553 0.771412
0 0.555189 0.926089 0.041758 0.147821 0.750112
0 0.537874 0.0829354 0.0295342 0.147499 0.746019
0 0.199123 0.737729 0.0414511 0.214763 0.745167
0 0.913668 0.520229 0.0418156 0.192291 0.741351
0 0.432185 0.645814 0.0412575 0.225814 0.724904
0 0.524536 0.663897 0.0396528 0.198778 0.724644
0 0.502864 0.0723651 0.0283379 0.14473 0.69228
0 0.883977 0.421795 0.0324348 0.177327 0.654376
3 0.83635 0.60624 0.124368 0.148802 0.588335
0 0.427662 0.213515 0.0281532 0.159765 0.528385
0 0.983926 0.451284 0.0316149 0.184937 0.526103
3 0.70119 0.195872 0.100212 0.0976257 0.463258
0 0.903434 0.179085 0.0281548 0.160636 0.448579
0 0.922177 0.21897 0.0332119 0.153429 0.440734
0 0.162242 0.192421 0.0310639 0.155249 0.426441
0 0.747947 0.603245 0.0528963 0.201936 0.38484
0 0.465717 0.0639047 0.0290238 0.126432 0.373472
0 0.250037 0.122571 0.0328115 0.157061 0.369544
0 0.830662 0.685192 0.0343925 0.210268 0.367638
0 0.198842 0.185596 0.0343532 0.14866 0.329218
0 0.749644 0.572479 0.0418085 0.138234 0.307964
58 0.809571 0.283489 0.0533371 0.085693 0.285458
0 0.696087 0.0838724 0.0401188 0.16182 0.265206
0 0.336903 0.781234 0.032397 0.149659 0.261557
