2 0.691337 0.408949 0.138688 0.23278 0.87093
0 0.234135 0.404359 0.0441375 0.205416 0.857877
0 0.636363 0.944791 0.0468948 0.110417 0.836817
0 0.916036 0.519396 0.0377352 0.193566 0.833572
0 0.226445 0.913361 0.0553645 0.170326 0.809174
0 0.531947 0.255852 0.0301819 0.177269 0.762266
0 0.0722247 0.62224 0.0406941 0.225833 0.758913
0 0.0241415 0.78086 0.0436356 0.213627 0.741825
0 0.275636 0.272548 0.0403672 0.178407 0.720779
0 0.764885 0.276911 0.0340057 0.172413 0.710783
0 0.733405 0.642822 0.0554963 0.230217 0.650641
0 0.476368 0.258601 0.0290401 0.153527 0.517203
0 0.164556 0.192937 0.0303753 0.150682 0.488121
3 0.836912 0.607485 0.128687 0.156602 0.486988
0 0.417163 0.261674 0.0356799 0.16111 0.479549
0 0.197601 0.170783 0.0346311 0.171717 0.425332
0 0.452429 0.24821 0.0265765 0.167667 0.414844
0 0.787957 0.0989963 0.0289011 0.0687824 0.389664
0 0.260819 0.18722 0.0319708 0.14896 0.385539
58 0.810752 0.310434 0.0527739 0.13909 0.308007
0 0.664493 0.225039 0.0368057 0.140912 0.305169
0 0.704372 0.240539 0.0368973 0.105884 0.292966
58 0.345778 0.309184 0.0481749 0.112953 0.28932
0 0.238815 0.0923957 0.0276027 0.142753 0.26671
0 0.122148 0.190035 0.0281331 0.135854 0.259242
