2 0.690963 0.411149 0.139082 0.234916 0.849903
0 0.915672 0.520077 0.0384975 0.195515 0.844317
0 0.511329 0.923537 0.0456251 0.146114 0.802071
0 0.151953 0.831088 0.0460741 0.250095 0.772245
0 0.312768 0.460561 0.0332887 0.185518 0.768385
0 0.218743 0.557846 0.0492491 0.221018 0.759217
0 0.270746 0.454279 0.0378166 0.19852 0.745203
0 0.862919 0.0841735 0.0281683 0.141686 0.71899
0 0.757131 0.640413 0.0438265 0.232051 0.675178
0 0.110665 0.635313 0.0391971 0.22407 0.654333
0 0.433977 0.429552 0.0406263 0.187047 0.60639
0 0.564033 0.179972 0.0290222 0.162315 0.602319
0 0.506607 0.169541 0.0356779 0.168626 0.582869
0 0.600873 0.168204 0.0306843 0.151939 0.571217
0 0.132523 0.499949 0.0319731 0.180112 0.540116
3 0.701177 0.196082 0.100407 0.0995335 0.458555
0 0.780912 0.105998 0.026215 0.129631 0.442039
0 0.25582 0.239458 0.0364376 0.183759 0.435757
0 0.142479 0.699538 0.0355894 0.107387 0.419937
0 0.472643 0.435969 0.0304132 0.177109 0.415624
3 0.840934 0.61873 0.12013 0.13781 0.392501
0 0.429092 0.217441 0.0299501 0.158928 0.28755
0 0.164989 0.19526 0.0284675 0.150143 0.284259
