2 0.69154 0.408894 0.13891 0.237834 0.878154
0 0.241015 0.368706 0.0449193 0.209495 0.858985
0 0.228674 0.854773 0.053806 0.249714 0.843131
0 0.916275 0.519938 0.0376963 0.193718 0.8351
0 0.603537 0.215322 0.0456051 0.157878 0.799928
0 0.60651 0.9334 0.040041 0.1332 0.748354
0 0.502708 0.27849 0.0294392 0.1667 0.745327
0 0.0509961 0.718407 0.0423357 0.203319 0.732303
0 0.290059 0.310819 0.0417077 0.187469 0.715083
0 0.733672 0.645769 0.0538818 0.226085 0.686207
0 0.0721067 0.620307 0.0378718 0.226164 0.66817
0 0.199563 0.174143 0.0332471 0.166595 0.570616
0 0.263588 0.223839 0.0300676 0.165967 0.518701
3 0.83694 0.608901 0.128701 0.153583 0.491025
0 0.165079 0.187847 0.030216 0.160542 0.42303
0 0.788182 0.0992872 0.0278606 0.0677711 0.402735
0 0.340639 0.771141 0.0258136 0.142503 0.321742
0 0.11973 0.1802 0.0295724 0.148525 0.307718
0 0.658619 0.232667 0.0344634 0.128787 0.304928
0 0.734844 0.254856 0.0434853 0.175872 0.292361
0 0.453604 0.292135 0.0274652 0.156116 0.280995
0 0.424944 0.223563 0.0339768 0.171886 0.266702
0 0.429791 0.281863 0.0273043 0.166055 0.256116
0 0.3023 0.29703 0.0195511 0.164944 0.251568
