0 0.168343 0.707 0.0435203 0.234826 0.855425
0 0.485235 0.55099 0.0353458 0.207738 0.846065
0 0.915132 0.518739 0.0387632 0.191803 0.842687
2 0.691373 0.40961 0.139091 0.236605 0.836033
0 0.531914 0.53619 0.0358691 0.211658 0.789781
0 0.490658 0.934742 0.0390617 0.130516 0.780804
0 0.240918 0.378372 0.0337637 0.182402 0.773407
0 0.738181 0.949329 0.0523973 0.101342 0.736804
0 0.847647 0.658999 0.0498367 0.212552 0.733171
0 0.195637 0.375292 0.0393318 0.161799 0.629656
0 0.748924 0.0794576 0.0300247 0.140544 0.623663
0 0.83555 0.0799624 0.0312759 0.107473 0.61107
0 0.580852 0.0669931 0.0302151 0.133986 0.60947
0 0.433934 0.207935 0.0381145 0.162106 0.573587
0 0.893182 0.11118 0.0295708 0.165684 0.502043
0 0.261268 0.225471 0.0372102 0.182137 0.486868
0 0.227087 0.228907 0.0266301 0.157687 0.431206
0 0.69527 0.0840384 0.0434755 0.163558 0.431064
0 0.183764 0.238907 0.0390852 0.181969 0.407694
26 0.183139 0.349218 0.0200559 0.061693 0.331398
0 0.942062 0.729179 0.0287151 0.200004 0.312963
58 0.809351 0.288176 0.0530924 0.0948025 0.309948
1 0.701761 0.194539 0.100539 0.106554 0.306507
0 0.133258 0.189075 0.0296395 0.162502 0.297626
0 0.794742 0.0610176 0.0286946 0.112239 0.286442
0 0.375829 0.258355 0.0379958 0.120921 0.271909
0 0.964375 0.756868 0.0357067 0.261079 0.268938
1 0.722468 0.197209 0.059012 0.0926467 0.264303
3 0.806309 0.60966 0.064826 0.11976 0.258565
