0 0.193917 0.616825 0.0461484 0.222708 0.861675
2 0.691455 0.409871 0.13857 0.235093 0.848481
0 0.915616 0.519012 0.0383125 0.193375 0.786132
0 0.247769 0.633315 0.0396329 0.216361 0.777876
0 0.2508 0.363254 0.0444147 0.191418 0.764755
0 0.532307 0.918021 0.0427638 0.159468 0.730822
0 0.461008 0.564407 0.035988 0.201804 0.72549
0 0.59755 0.515959 0.0413311 0.182108 0.700441
0 0.939897 0.167619 0.0311119 0.15319 0.697434
0 0.495653 0.575082 0.0400307 0.19642 0.663071
0 0.313777 0.962556 0.0459922 0.0748872 0.611409
0 0.855473 0.712553 0.0265953 0.19906 0.610837
0 0.868152 0.102127 0.0333277 0.15384 0.578066
0 0.540605 0.117291 0.0271402 0.146782 0.553621
0 0.511801 0.107555 0.0307661 0.160002 0.553516
0 0.428106 0.218329 0.0321338 0.161199 0.522888
3 0.837337 0.604043 0.124849 0.156216 0.484752
3 0.701642 0.195411 0.0993002 0.0985664 0.428437
0 0.945589 0.500543 0.0312376 0.195239 0.423283
0 0.198643 0.177748 0.0341214 0.167076 0.371695
0 0.158636 0.193968 0.0330218 0.148927 0.367077
0 0.119085 0.352677 0.0311357 0.158036 0.337328
0 0.23381 0.156425 0.0215552 0.155526 0.327056
0 0.695364 0.0848896 0.0419361 0.164374 0.31382
0 0.255558 0.157274 0.0356599 0.165378 0.276624
0 0.444715 0.053042 0.0221104 0.105265 0.272592
