2 0.691554 0.410932 0.139169 0.238158 0.839411
0 0.127281 0.837784 0.0503205 0.249061 0.817619
0 0.164314 0.858572 0.043806 0.228775 0.80482
0 0.51371 0.771738 0.0459021 0.231797 0.769328
0 0.912094 0.519517 0.0372334 0.188547 0.73947
0 0.449628 0.678905 0.0329794 0.232276 0.738758
0 0.257682 0.211152 0.0360433 0.165274 0.678435
0 0.554668 0.7791 0.0472168 0.221289 0.664572
0 0.564557 0.931516 0.0418678 0.136967 0.608562
0 0.222191 0.256791 0.0312104 0.1736 0.57861
0 0.79156 0.0612757 0.029473 0.122551 0.577062
0 0.853728 0.365344 0.0297861 0.173319 0.56507
0 0.888877 0.094383 0.0333759 0.153526 0.560933
0 0.927992 0.26363 0.0269752 0.147105 0.556524
0 0.162819 0.191144 0.0288829 0.158709 0.53305
3 0.700369 0.192501 0.102433 0.104637 0.521866
0 0.834037 0.666726 0.0377846 0.203107 0.510247
0 0.422948 0.214883 0.0314789 0.158424 0.491388
0 0.915999 0.658356 0.0386185 0.149341 0.484831
0 0.854711 0.0888941 0.0310793 0.153926 0.464041
0 0.133749 0.185288 0.031118 0.172078 0.460755
0 0.910993 0.384853 0.0452414 0.145709 0.45369
0 0.204384 0.181354 0.031409 0.171257 0.394108
0 0.695326 0.0860208 0.043037 0.168107 0.392461
0 0.252377 0.0754202 0.0316341 0.14808 0.382174
1 0.875436 0.6296 0.0511951 0.110801 0.382062
0 0.980593 0.280989 0.0384205 0.174431 0.368703
0 0.476318 0.0576046 0.0299709 0.10703 0.330806
0 0.532238 0.0575441 0.0296396 0.108052 0.323212
0 0.398759 0.161406 0.0317693 0.153132 0.320794
3 0.799856 0.61741 0.047794 0.104602 0.291309
0 0.499985 0.0564366 0.0265339 0.107714 0.262927
3 0.840451 0.602921 0.122221 0.136593 0.255526
1 0.701761 0.195834 0.0990073 0.100318 0.251565
0 0.337204 0.780986 0.0317266 0.141064 0.250976
0 0.202124 0.198265 0.0400372 0.202597 0.250557
