2 0.691161 0.411554 0.139174 0.236093 0.861149
0 0.915901 0.520199 0.0378193 0.194716 0.835491
0 0.513973 0.924982 0.0420698 0.143868 0.786625
0 0.266943 0.459695 0.0410628 0.205025 0.767633
0 0.218908 0.554488 0.0478974 0.224334 0.751958
0 0.155162 0.82939 0.0468739 0.253836 0.751057
0 0.311622 0.468197 0.0342341 0.191275 0.742479
0 0.115503 0.641755 0.0416467 0.223365 0.736291
0 0.76053 0.639135 0.0416416 0.227992 0.718163
0 0.561411 0.178688 0.0294569 0.166148 0.708611
0 0.507447 0.167676 0.0345054 0.168663 0.636723
0 0.134448 0.4933 0.0315119 0.176733 0.634751
0 0.598872 0.16814 0.0298445 0.153266 0.629799
0 0.865649 0.0846344 0.0286489 0.144688 0.590586
0 0.436599 0.43744 0.0335996 0.18808 0.582333
3 0.839837 0.617693 0.122436 0.139959 0.474374
0 0.257336 0.238992 0.035542 0.179344 0.466311
3 0.701928 0.196561 0.099239 0.0992905 0.461843
0 0.471909 0.438363 0.038348 0.178556 0.458398
0 0.151698 0.703009 0.0339812 0.0982825 0.414758
0 0.780255 0.104836 0.0260438 0.131658 0.333738
0 0.429679 0.219033 0.0320972 0.156259 0.277624
0 0.166724 0.193318 0.0317597 0.152363 0.262114
