0 0.193134 0.818948 0.0489918 0.24353 0.863533
0 0.675624 0.853617 0.0478594 0.260624 0.850783
2 0.69132 0.408799 0.139168 0.234403 0.824272
0 0.914491 0.518626 0.0373377 0.192834 0.809729
0 0.463304 0.451557 0.0308491 0.198247 0.771067
0 0.507369 0.435129 0.0340389 0.189032 0.767639
0 0.93086 0.737214 0.0456623 0.230725 0.761775
0 0.224347 0.455692 0.0393445 0.197857 0.754528
0 0.495739 0.93632 0.0384169 0.12736 0.752823
0 0.8616 0.161975 0.0283337 0.144536 0.749694
0 0.922818 0.195432 0.028167 0.149312 0.721984
0 0.6053 0.137057 0.0298378 0.154021 0.720223
0 0.187616 0.459295 0.0358689 0.171833 0.685411
0 0.848122 0.657359 0.0489414 0.212759 0.658348
0 0.432631 0.207937 0.0367968 0.162256 0.514014
0 0.264268 0.282633 0.0305626 0.168615 0.489803
0 0.136955 0.195123 0.0282148 0.152666 0.417319
0 0.694765 0.0853389 0.0428833 0.166965 0.372286
0 0.198908 0.298342 0.0279171 0.146355 0.296503
3 0.803967 0.606687 0.0607313 0.123122 0.293077
3 0.800556 0.619959 0.0498308 0.0933064 0.292687
0 0.337728 0.78506 0.0306627 0.131798 0.284533
0 0.783263 0.188991 0.0288488 0.145608 0.283624
0 0.16172 0.188975 0.024674 0.150678 0.265225
