0 0.643393 0.736076 0.0463295 0.237578 0.862143
0 0.196387 0.889141 0.0488859 0.221718 0.834622
0 0.495971 0.37488 0.0343978 0.193448 0.828434
2 0.691281 0.407773 0.139157 0.233367 0.823459
0 0.453746 0.386844 0.0357289 0.188163 0.796463
0 0.914487 0.518445 0.038249 0.192563 0.792263
0 0.848903 0.655715 0.0526501 0.21746 0.774373
0 0.929294 0.736949 0.0501986 0.234674 0.756398
0 0.22076 0.502347 0.0389904 0.201301 0.734855
0 0.88345 0.205185 0.0292698 0.145696 0.722798
0 0.493249 0.935158 0.0341698 0.129685 0.716785
0 0.175681 0.510901 0.038641 0.184661 0.644575
0 0.2751 0.32087 0.0354533 0.172855 0.642279
0 0.945973 0.253972 0.0300167 0.14601 0.628061
0 0.63334 0.187032 0.0300215 0.146141 0.572552
0 0.227655 0.326126 0.0387893 0.174831 0.388238
0 0.435523 0.208203 0.0276253 0.16055 0.359722
0 0.179559 0.332273 0.0292161 0.16902 0.343431
1 0.70325 0.197704 0.0954296 0.0978609 0.303768
3 0.809182 0.606702 0.0692807 0.132125 0.259853
