0 0.916047 0.5211 0.0381638 0.195068 0.845974
2 0.69116 0.41027 0.138989 0.234289 0.845911
0 0.282715 0.400341 0.0374254 0.194105 0.826564
0 0.230292 0.650601 0.0452914 0.226488 0.773289
0 0.24231 0.27977 0.0375817 0.192921 0.72689
0 0.486938 0.218441 0.0333189 0.170376 0.724636
0 0.511516 0.919584 0.031685 0.157615 0.712777
0 0.081108 0.726586 0.046704 0.215918 0.707909
0 0.328522 0.394591 0.0316844 0.176992 0.697785
0 0.603885 0.210275 0.0308101 0.166757 0.688694
0 0.73429 0.644392 0.0532242 0.230385 0.659479
0 0.128693 0.57227 0.0337399 0.183558 0.653193
0 0.0406481 0.674832 0.0379975 0.220638 0.570086
3 0.836969 0.613142 0.127933 0.151701 0.563751
0 0.63697 0.203142 0.0286844 0.152398 0.495935
0 0.413026 0.378402 0.0379244 0.178429 0.493378
0 0.442637 0.386994 0.0342522 0.174875 0.45634
0 0.0705358 0.587296 0.0366167 0.15912 0.436312
0 0.538557 0.19391 0.0296631 0.134922 0.40142
0 0.429001 0.221766 0.0330965 0.161132 0.369373
0 0.163623 0.192574 0.0259234 0.153078 0.361976
0 0.790977 0.100908 0.0282091 0.0718228 0.333663
