2 0.691217 0.409882 0.13912 0.234206 0.823531
0 0.151664 0.92193 0.0449588 0.15614 0.795298
0 0.213124 0.306258 0.0333548 0.1755 0.732273
0 0.168712 0.893467 0.0528056 0.213054 0.711672
0 0.885946 0.334955 0.0313 0.171257 0.699352
0 0.400555 0.658545 0.0397121 0.226722 0.692538
0 0.914357 0.522508 0.0401844 0.197064 0.682694
0 0.968083 0.312805 0.036446 0.15714 0.650388
0 0.788292 0.0668395 0.0318849 0.129978 0.646659
0 0.434343 0.180545 0.0375132 0.233095 0.59737
0 0.601001 0.877217 0.0446035 0.228372 0.572992
0 0.875037 0.0647511 0.0274872 0.128456 0.54745
3 0.700638 0.193866 0.102491 0.106015 0.546344
0 0.260634 0.156825 0.0295182 0.16102 0.543836
0 0.539478 0.930362 0.0516047 0.139275 0.499854
0 0.162202 0.180155 0.0303865 0.184682 0.46426
0 0.558538 0.869816 0.0485949 0.243054 0.445208
0 0.847047 0.65834 0.0535778 0.214964 0.435495
0 0.202862 0.165227 0.0306029 0.149031 0.401754
0 0.695379 0.0867803 0.0430812 0.169557 0.384263
58 0.811235 0.31101 0.0544022 0.145244 0.364264
0 0.375923 0.261264 0.0387329 0.125708 0.357302
0 0.121951 0.34585 0.034044 0.180661 0.355189
58 0.345569 0.305974 0.0483584 0.109094 0.318219
3 0.840196 0.59967 0.127574 0.156376 0.294504
0 0.467226 0.0482994 0.0232944 0.0844952 0.284774
0 0.175492 0.895565 0.0353959 0.208869 0.282731
0 0.0899719 0.345448 0.0318527 0.17164 0.266451
