0 0.690397 0.882073 0.0491234 0.235567 0.857798
0 0.182447 0.782903 0.0437193 0.233812 0.843088
2 0.691368 0.409164 0.139045 0.236069 0.827392
0 0.914578 0.518679 0.0393009 0.192046 0.8068
0 0.511028 0.464347 0.0418849 0.206928 0.805017
0 0.46619 0.475503 0.0328836 0.195288 0.802105
0 0.491941 0.941095 0.0405281 0.117811 0.798289
0 0.190566 0.435672 0.0341369 0.166276 0.763075
0 0.227418 0.433955 0.0394736 0.198249 0.753083
0 0.854547 0.1426 0.0284283 0.145478 0.734118
0 0.846727 0.657625 0.0504543 0.210047 0.713763
0 0.935344 0.735162 0.0409883 0.225701 0.696881
0 0.913858 0.176361 0.0262428 0.159555 0.68993
0 0.599615 0.117405 0.0285866 0.146413 0.651676
0 0.256288 0.271904 0.0359857 0.18532 0.516685
0 0.433627 0.20814 0.0358128 0.160902 0.450288
0 0.182689 0.241585 0.0405489 0.177853 0.416294
1 0.697779 0.196032 0.0916613 0.107615 0.378978
0 0.695123 0.086963 0.0431356 0.170386 0.376966
0 0.782301 0.175715 0.0280163 0.145631 0.359001
0 0.207684 0.274747 0.0271602 0.143034 0.355197
3 0.804094 0.605088 0.060405 0.129629 0.285838
58 0.345583 0.306284 0.0489661 0.108241 0.27406
58 0.809857 0.28371 0.0519283 0.0853734 0.265194
58 0.81094 0.308248 0.0524197 0.135561 0.262908
3 0.801014 0.6191 0.0503208 0.0977539 0.250575
