0 0.563322 0.619223 0.047908 0.22621 0.847663
2 0.691379 0.408783 0.138959 0.235551 0.84395
0 0.915768 0.518467 0.0380314 0.194198 0.843176
0 0.520859 0.630681 0.0375272 0.2122 0.828782
0 0.163533 0.621527 0.0405787 0.207382 0.789968
0 0.847 0.658555 0.0509396 0.212174 0.723693
0 0.470199 0.934271 0.0351046 0.131458 0.700917
0 0.784002 0.106701 0.0299738 0.131971 0.657685
0 0.866108 0.0717415 0.0247067 0.137407 0.636407
0 0.242246 0.327215 0.0338044 0.175678 0.589325
0 0.429091 0.207759 0.0343403 0.161842 0.529635
0 0.260672 0.17911 0.032829 0.190096 0.517108
0 0.752149 0.109282 0.0279457 0.146477 0.514162
0 0.16739 0.248807 0.0297149 0.16535 0.472683
0 0.694685 0.0849703 0.0430984 0.16556 0.422896
0 0.213604 0.32943 0.0260326 0.154439 0.384724
3 0.702038 0.194918 0.100754 0.106809 0.363094
0 0.567843 0.039411 0.0264451 0.0728083 0.351155
0 0.305603 0.188297 0.0300593 0.15296 0.309795
58 0.345578 0.306776 0.0478062 0.109212 0.302945
0 0.191813 0.24811 0.0248071 0.159344 0.294193
1 0.722345 0.197285 0.0585047 0.092886 0.275582
0 0.336829 0.78488 0.0316468 0.135707 0.269389
58 0.809287 0.285651 0.0536623 0.0923384 0.259787
0 0.235622 0.189005 0.026842 0.155582 0.254665
