0 0.684019 0.864856 0.0468363 0.245338 0.845771
2 0.691297 0.409036 0.139218 0.234928 0.837826
0 0.510269 0.446887 0.0383452 0.194532 0.832907
0 0.18855 0.795414 0.0456967 0.235029 0.812895
0 0.915142 0.518152 0.0387878 0.192094 0.785803
0 0.492826 0.940754 0.0403494 0.118491 0.782854
0 0.464422 0.457692 0.0320539 0.189199 0.767628
0 0.857624 0.151881 0.0296783 0.145049 0.73546
0 0.932879 0.736006 0.0433493 0.228249 0.702262
0 0.601504 0.124028 0.0304846 0.161599 0.692188
0 0.84772 0.657676 0.0484352 0.211545 0.673758
0 0.91731 0.179358 0.0250587 0.159081 0.67255
0 0.223374 0.436703 0.0411899 0.193132 0.649671
0 0.190849 0.448022 0.0325936 0.172771 0.646261
0 0.433725 0.208124 0.033058 0.160519 0.465163
0 0.182823 0.239445 0.0386931 0.174278 0.421236
0 0.694899 0.0874718 0.0433773 0.170871 0.399302
0 0.201661 0.289642 0.0339974 0.148483 0.3511
1 0.703004 0.195418 0.0965517 0.105783 0.341468
0 0.265993 0.265939 0.0224514 0.161567 0.300106
0 0.25545 0.278962 0.0390423 0.187654 0.292688
3 0.701873 0.194242 0.100739 0.103867 0.291026
3 0.804612 0.60971 0.0614225 0.117732 0.275033
3 0.798356 0.621671 0.0442392 0.0901947 0.255373
