2 0.691316 0.40986 0.139182 0.23578 0.902975
0 0.916097 0.519809 0.0380623 0.194253 0.839705
0 0.239975 0.351326 0.040918 0.196364 0.835867
0 0.228255 0.815897 0.0514177 0.245465 0.832732
0 0.0722839 0.618811 0.0409784 0.223476 0.774478
0 0.580853 0.928617 0.0425568 0.142765 0.769439
0 0.576498 0.208187 0.0366135 0.163348 0.758159
0 0.292082 0.331481 0.0315487 0.188027 0.729486
0 0.734195 0.647609 0.0547049 0.225666 0.709615
0 0.314846 0.310775 0.0272923 0.171334 0.609038
0 0.482298 0.279501 0.033135 0.168642 0.602421
0 0.445574 0.306249 0.0355818 0.163301 0.601941
0 0.198576 0.174212 0.0335578 0.16452 0.565657
3 0.837122 0.607624 0.128297 0.157704 0.564313
0 0.64033 0.225679 0.0300777 0.147165 0.533347
0 0.163791 0.191645 0.0279157 0.152427 0.500267
0 0.419215 0.300478 0.0291876 0.165949 0.451154
0 0.340298 0.771439 0.0263041 0.144844 0.446797
0 0.427132 0.194256 0.0289324 0.112269 0.336694
0 0.709921 0.244129 0.0494841 0.150888 0.295607
0 0.788252 0.0983412 0.0276459 0.0687575 0.29394
0 0.125688 0.187084 0.027701 0.137359 0.287838
58 0.809279 0.287632 0.053734 0.0934986 0.267536
0 0.373594 0.284164 0.035738 0.184603 0.261953
