2 0.691035 0.410867 0.139469 0.234994 0.87546
0 0.915658 0.520382 0.0382811 0.196003 0.839005
0 0.514176 0.926017 0.042883 0.145013 0.775658
0 0.262948 0.467022 0.0373677 0.196289 0.775463
0 0.507466 0.162812 0.0319577 0.165424 0.769957
0 0.222525 0.531457 0.0404112 0.212536 0.763094
0 0.127224 0.651 0.0452335 0.225913 0.754985
0 0.308784 0.472235 0.0329474 0.188077 0.739363
0 0.163284 0.852383 0.0469577 0.245037 0.73264
0 0.76707 0.648582 0.0427231 0.231718 0.713576
0 0.555226 0.176989 0.0342403 0.163973 0.680392
0 0.593778 0.165328 0.0328409 0.160615 0.619543
0 0.258614 0.227511 0.0351983 0.180503 0.597135
0 0.439991 0.44176 0.0343352 0.188859 0.572401
0 0.87241 0.0869288 0.0287167 0.146378 0.548703
0 0.13414 0.483548 0.030057 0.17008 0.518024
3 0.842803 0.618679 0.116085 0.13707 0.491843
0 0.476187 0.441125 0.0293376 0.173041 0.488771
3 0.702263 0.196335 0.0982475 0.101891 0.469651
0 0.169327 0.729405 0.0445841 0.133629 0.447111
0 0.77738 0.0969313 0.0273487 0.12152 0.398198
0 0.194544 0.176566 0.0291068 0.1649 0.380321
0 0.21711 0.0844012 0.0268184 0.152682 0.306709
0 0.166214 0.183318 0.0300635 0.176531 0.266227
0 0.134627 0.457539 0.0295688 0.122297 0.256285
