0 0.680097 0.858169 0.0467661 0.257018 0.868461
0 0.192093 0.806462 0.049344 0.237711 0.852767
2 0.691327 0.409088 0.13881 0.234501 0.833242
0 0.915011 0.518569 0.0374783 0.192203 0.802608
0 0.509085 0.441165 0.0339612 0.198232 0.794364
0 0.859962 0.16049 0.0299791 0.146407 0.794036
0 0.463332 0.454814 0.0314129 0.198889 0.767044
0 0.602807 0.135966 0.0310328 0.152783 0.757569
0 0.223632 0.451728 0.0391478 0.19749 0.755632
0 0.494623 0.938995 0.0386988 0.12201 0.749716
0 0.931599 0.736034 0.0446671 0.228237 0.71009
0 0.84786 0.657363 0.0486359 0.212082 0.675045
0 0.920341 0.187363 0.028476 0.169394 0.633345
0 0.189963 0.450589 0.0350806 0.169385 0.612575
0 0.434565 0.20863 0.0315201 0.16115 0.484617
0 0.694535 0.0869436 0.0441744 0.169787 0.410184
0 0.199304 0.29764 0.0322853 0.152684 0.371887
0 0.182088 0.241769 0.0359737 0.177128 0.335416
0 0.137534 0.196346 0.0273547 0.148816 0.333801
3 0.70137 0.194446 0.0999332 0.101092 0.330808
1 0.702379 0.195945 0.0978831 0.102914 0.318297
3 0.804801 0.606674 0.0617847 0.123007 0.307615
3 0.800446 0.620144 0.0484593 0.0926788 0.277954
58 0.345433 0.305974 0.0485106 0.108128 0.268731
0 0.26443 0.274848 0.0271787 0.165694 0.267306
0 0.783593 0.180143 0.0284756 0.156778 0.264375
0 0.338734 0.786142 0.0287781 0.13172 0.258159
