0 0.192816 0.816213 0.0497868 0.248861 0.863989
0 0.677844 0.856357 0.0466639 0.258006 0.855388
2 0.69132 0.409149 0.138762 0.234832 0.832073
0 0.914792 0.518569 0.0376909 0.192269 0.811034
0 0.223513 0.456506 0.0386991 0.196003 0.793053
0 0.860655 0.160772 0.028384 0.146779 0.784337
0 0.462985 0.45238 0.0318304 0.19784 0.77822
0 0.507972 0.437851 0.0338568 0.193695 0.765614
0 0.495167 0.937464 0.0385139 0.125072 0.754085
0 0.603299 0.137386 0.0316462 0.153682 0.714102
0 0.930805 0.736796 0.0429775 0.228901 0.709709
0 0.191592 0.452927 0.0331143 0.165386 0.655856
0 0.921253 0.197205 0.0266184 0.145307 0.651908
0 0.848639 0.657804 0.0480576 0.215205 0.645858
0 0.433049 0.208456 0.0364944 0.162425 0.504627
0 0.264622 0.279293 0.0298118 0.169107 0.412699
0 0.694781 0.086305 0.0436062 0.168661 0.400558
0 0.137138 0.194252 0.0285768 0.153925 0.392505
0 0.179685 0.242276 0.0315806 0.174859 0.329459
1 0.702722 0.196145 0.0973956 0.100769 0.324134
0 0.783885 0.185437 0.0291843 0.153006 0.31509
3 0.701448 0.194485 0.0999249 0.0992087 0.277794
3 0.804651 0.60667 0.0617752 0.122761 0.269977
0 0.198501 0.298647 0.0313128 0.148502 0.258726
