2 0.691462 0.408994 0.139155 0.23699 0.908925
0 0.220206 0.466545 0.0414491 0.220865 0.857418
0 0.917195 0.520094 0.0384903 0.194862 0.818055
0 0.0728025 0.622944 0.0423762 0.225828 0.774494
0 0.850611 0.308784 0.0331825 0.166298 0.689477
0 0.42803 0.217462 0.0328566 0.165236 0.681208
0 0.619414 0.950725 0.0342209 0.0985494 0.677358
0 0.538852 0.2525 0.0528536 0.199758 0.616422
0 0.288772 0.231674 0.0280136 0.167238 0.615225
0 0.737663 0.643283 0.0628891 0.230933 0.608411
0 0.963827 0.301945 0.0309868 0.174026 0.571442
0 0.473535 0.211431 0.0308406 0.167662 0.560028
0 0.0140832 0.885432 0.0280353 0.224058 0.532556
0 0.549052 0.217269 0.0345543 0.160995 0.518668
3 0.836166 0.607923 0.128637 0.158321 0.498917
0 0.727835 0.63586 0.0432726 0.213024 0.474393
0 0.492619 0.210062 0.0236652 0.158622 0.468681
0 0.198977 0.176056 0.0305468 0.159584 0.437085
0 0.125951 0.436195 0.0420387 0.188545 0.421915
0 0.266577 0.218729 0.0276232 0.147809 0.393406
0 0.744961 0.298103 0.0393232 0.161752 0.370605
0 0.787708 0.0993253 0.0275749 0.0675017 0.335039
58 0.345962 0.310859 0.0491257 0.117809 0.326808
0 0.22773 0.14274 0.0256473 0.150132 0.278104
0 0.162029 0.192954 0.0278897 0.147462 0.252766
