0 0.646808 0.85288 0.0437312 0.236951 0.82307
2 0.691289 0.408942 0.13904 0.236931 0.817413
0 0.917839 0.517645 0.0437374 0.195637 0.810511
0 0.463078 0.932905 0.044735 0.134191 0.77611
0 0.173168 0.468007 0.0354629 0.204116 0.757372
0 0.221256 0.613412 0.0357942 0.222065 0.714094
0 0.693863 0.842662 0.0501764 0.24327 0.705287
0 0.851789 0.196079 0.0333319 0.16417 0.639403
0 0.265094 0.222611 0.030914 0.165059 0.630538
0 0.786452 0.0663548 0.0320695 0.131754 0.605174
0 0.845397 0.656849 0.0537947 0.21095 0.535553
0 0.42592 0.20838 0.0275846 0.159266 0.511594
0 0.148406 0.26946 0.0275865 0.173113 0.429939
0 0.305234 0.18243 0.0278191 0.161852 0.366995
0 0.855488 0.655979 0.0349848 0.214147 0.364212
3 0.701365 0.190033 0.101431 0.111747 0.352146
0 0.702221 0.853425 0.0339935 0.225718 0.347033
1 0.702659 0.193351 0.0976595 0.107267 0.339586
58 0.346107 0.306509 0.0489977 0.109854 0.308751
0 0.173104 0.270987 0.0303169 0.151656 0.263327
0 0.234357 0.233527 0.0250545 0.132395 0.251744
