2 0.691447 0.41189 0.139115 0.236232 0.847666
0 0.916007 0.521095 0.0375738 0.192358 0.84397
0 0.247864 0.512491 0.0356888 0.202258 0.795191
0 0.202175 0.909168 0.0520149 0.181664 0.788761
0 0.536741 0.156374 0.0315908 0.162275 0.772435
0 0.291673 0.527332 0.0353187 0.193519 0.753438
0 0.189951 0.649792 0.0477371 0.224749 0.748015
0 0.501964 0.919066 0.0393719 0.161869 0.746504
0 0.501365 0.12306 0.0299254 0.155806 0.693993
0 0.803064 0.663748 0.0534445 0.225548 0.689435
0 0.135812 0.435201 0.0311232 0.171913 0.655273
0 0.480646 0.488442 0.0348602 0.175536 0.648281
0 0.897066 0.115513 0.0310665 0.141716 0.612673
0 0.221998 0.813208 0.0566273 0.138029 0.555997
0 0.565624 0.150958 0.027149 0.149995 0.531658
0 0.223121 0.480818 0.0364492 0.209839 0.511281
0 0.450156 0.483099 0.0353149 0.182669 0.500441
0 0.429239 0.194908 0.0385507 0.206778 0.446783
0 0.257289 0.202766 0.0329449 0.174844 0.411401
0 0.768401 0.072063 0.0296968 0.122118 0.409672
1 0.862907 0.6286 0.0739224 0.112225 0.34075
0 0.232327 0.114168 0.0306633 0.149485 0.298204
0 0.157985 0.195974 0.0328199 0.159102 0.285221
0 0.703628 0.283847 0.0188974 0.0392018 0.282663
0 0.769004 0.0566381 0.0270027 0.0899171 0.279754
1 0.664886 0.204827 0.032486 0.0898494 0.276849
0 0.695031 0.0861138 0.0420921 0.167161 0.270871
3 0.702055 0.197792 0.0982437 0.0983247 0.266225
0 0.471241 0.381379 0.0292583 0.0767475 0.257006
