2 0.691321 0.410426 0.138729 0.23534 0.891985
0 0.230536 0.853236 0.0539601 0.253344 0.849188
0 0.916238 0.52004 0.0382282 0.194151 0.837429
0 0.599718 0.215601 0.0449892 0.161902 0.833147
0 0.241661 0.365574 0.0451422 0.206104 0.832132
0 0.499179 0.280678 0.0292513 0.171945 0.774052
0 0.0688542 0.658634 0.0451351 0.301968 0.746986
0 0.601132 0.931973 0.0409242 0.136053 0.74638
0 0.733739 0.646086 0.0538618 0.226094 0.696598
0 0.288706 0.315378 0.0350236 0.181896 0.673409
0 0.264168 0.230997 0.0288904 0.154615 0.608504
0 0.199447 0.173947 0.0350267 0.166306 0.592904
3 0.837065 0.608617 0.12798 0.15464 0.527278
0 0.164781 0.187533 0.0294507 0.160587 0.47833
0 0.451626 0.296358 0.0322893 0.161178 0.474628
0 0.78794 0.0988724 0.0287926 0.0676638 0.408309
0 0.340746 0.769532 0.0250987 0.141438 0.370391
0 0.424734 0.226231 0.0336758 0.176946 0.301856
0 0.653201 0.235137 0.0340448 0.126804 0.293339
58 0.80963 0.284751 0.0532307 0.0870456 0.278454
0 0.42767 0.283138 0.0297434 0.158422 0.261564
0 0.119452 0.180841 0.0288639 0.149574 0.261013
