2 0.691315 0.411339 0.139141 0.236247 0.867936
0 0.91568 0.520298 0.0382225 0.195122 0.83485
0 0.514292 0.925656 0.0424213 0.145948 0.768935
0 0.50751 0.164502 0.0320964 0.165989 0.756774
0 0.126064 0.649583 0.0474931 0.226242 0.751264
0 0.222076 0.533244 0.0410016 0.210956 0.745785
0 0.263178 0.466494 0.0377538 0.19775 0.720839
0 0.309296 0.470826 0.0329703 0.190208 0.708415
0 0.162783 0.849109 0.047493 0.244311 0.701071
0 0.765906 0.647235 0.0415255 0.230868 0.698564
0 0.555832 0.177483 0.0365526 0.165987 0.6758
0 0.439336 0.441428 0.0319456 0.188823 0.583811
0 0.258726 0.229371 0.0358119 0.180473 0.571688
0 0.594489 0.166686 0.0323769 0.158619 0.554631
0 0.134558 0.488025 0.029718 0.174772 0.52114
0 0.476083 0.442407 0.0306977 0.171524 0.517277
0 0.870594 0.086765 0.0266449 0.145665 0.493416
3 0.701701 0.195999 0.100422 0.102164 0.459471
3 0.84068 0.617964 0.12132 0.137986 0.455266
0 0.167069 0.728568 0.0418831 0.137096 0.449536
0 0.194814 0.177794 0.028433 0.161944 0.360661
0 0.396972 0.390537 0.0295016 0.166875 0.360255
0 0.77775 0.101322 0.026919 0.131053 0.343612
0 0.166748 0.188446 0.0292287 0.165691 0.293619
0 0.216918 0.0834411 0.0263623 0.152472 0.263635
