0 0.167045 0.705988 0.0441278 0.235132 0.870748
0 0.914929 0.518141 0.0402557 0.192134 0.844569
2 0.691286 0.409601 0.138973 0.234356 0.835799
0 0.48655 0.549709 0.0353666 0.199859 0.834909
0 0.739473 0.950559 0.0511301 0.098881 0.784592
0 0.532408 0.538848 0.0355963 0.210628 0.780493
0 0.24102 0.376742 0.034171 0.184651 0.777651
0 0.847639 0.658362 0.0496166 0.214026 0.72449
0 0.4883 0.935186 0.0392788 0.129629 0.701858
0 0.8363 0.0765718 0.0282406 0.11206 0.614457
0 0.435139 0.209068 0.0356237 0.161825 0.601539
0 0.747721 0.0815933 0.0307037 0.139625 0.590189
0 0.580471 0.0670017 0.0280458 0.132987 0.556348
0 0.20053 0.371405 0.027051 0.160677 0.515992
0 0.695337 0.084923 0.043936 0.165117 0.470522
0 0.261391 0.225476 0.0366984 0.181255 0.4279
0 0.228528 0.227363 0.025497 0.155171 0.425641
0 0.893526 0.11391 0.0298943 0.153368 0.410191
0 0.18375 0.241576 0.0393262 0.186103 0.405318
26 0.181858 0.354923 0.0220956 0.0626384 0.335788
0 0.194553 0.372701 0.0408854 0.164755 0.33368
0 0.133753 0.18589 0.0304639 0.167999 0.323328
0 0.797365 0.0607831 0.0295713 0.117077 0.318733
1 0.705599 0.197988 0.091248 0.099613 0.278793
3 0.80898 0.606604 0.0696207 0.135079 0.272705
1 0.722074 0.197476 0.0590042 0.0937945 0.272478
0 0.375898 0.258061 0.0382339 0.118522 0.25191
