0 0.64327 0.737544 0.0463352 0.235922 0.860451
0 0.196136 0.888338 0.0492466 0.223323 0.844299
0 0.495971 0.375949 0.0338921 0.192192 0.826906
2 0.691115 0.407958 0.139302 0.233416 0.822235
0 0.914435 0.518569 0.0383562 0.192752 0.803026
0 0.453923 0.386602 0.0355173 0.187557 0.787587
0 0.848678 0.656064 0.0529289 0.215745 0.774281
0 0.929264 0.736381 0.0506521 0.233732 0.764869
0 0.220852 0.500323 0.0393333 0.198724 0.727098
0 0.493885 0.93497 0.0339456 0.130059 0.712488
0 0.274889 0.319673 0.033977 0.172992 0.700183
0 0.881949 0.20513 0.0300793 0.14632 0.693541
0 0.176624 0.511179 0.0387134 0.186948 0.688113
0 0.945612 0.252445 0.0297729 0.15182 0.627079
0 0.632586 0.185298 0.0294865 0.145968 0.561639
0 0.228102 0.328188 0.040076 0.171808 0.41442
0 0.434922 0.207768 0.0282763 0.159969 0.38838
0 0.781397 0.228611 0.0308513 0.140336 0.374326
0 0.180496 0.331541 0.0285733 0.167867 0.355347
1 0.70329 0.198096 0.0954227 0.0959126 0.296273
58 0.810083 0.299098 0.0522602 0.115987 0.271466
0 0.25057 0.141774 0.0279365 0.157265 0.266638
