2 0.690952 0.409479 0.138421 0.237959 0.846896
0 0.663658 0.878108 0.0445585 0.236442 0.836387
0 0.917587 0.518871 0.043195 0.194538 0.806701
0 0.707437 0.866768 0.0480783 0.253852 0.763356
0 0.4548 0.931172 0.0428254 0.134084 0.759379
0 0.217619 0.612992 0.0334353 0.228672 0.758488
0 0.173108 0.447134 0.0361177 0.191074 0.755483
0 0.787837 0.0678266 0.0322254 0.13329 0.618505
0 0.265983 0.215361 0.0289332 0.164156 0.607735
0 0.851019 0.210904 0.0362305 0.170787 0.594734
0 0.147383 0.273304 0.0281683 0.180747 0.580526
0 0.844737 0.658425 0.0561401 0.212727 0.460899
0 0.429793 0.209519 0.0252347 0.159881 0.430441
3 0.701156 0.190277 0.100663 0.108416 0.397576
0 0.170508 0.277862 0.0299946 0.164834 0.39089
58 0.34597 0.307526 0.0491187 0.110837 0.322936
3 0.839962 0.601209 0.128406 0.151811 0.316647
0 0.234895 0.213669 0.0236322 0.146045 0.31305
0 0.853266 0.656901 0.0404251 0.212666 0.312338
0 0.19961 0.173595 0.0336671 0.173937 0.282193
0 0.551554 0.0421903 0.0297955 0.0775038 0.256289
