2 0.691378 0.409914 0.138869 0.23695 0.859332
0 0.444572 0.662944 0.0484806 0.231947 0.83097
0 0.18532 0.792046 0.044031 0.232723 0.824349
0 0.139997 0.772118 0.0494508 0.248231 0.814291
0 0.49712 0.701127 0.0428529 0.228221 0.779933
0 0.254179 0.250053 0.0377926 0.172461 0.779482
0 0.537539 0.711738 0.0390524 0.208666 0.774218
0 0.953727 0.427048 0.043185 0.186651 0.724164
0 0.914122 0.519765 0.0409744 0.192368 0.713068
0 0.53576 0.0665164 0.0291882 0.131124 0.708124
0 0.553617 0.929362 0.0398314 0.141276 0.699505
0 0.501283 0.0667082 0.0280667 0.133416 0.543426
0 0.431004 0.211065 0.0270723 0.166358 0.530207
0 0.915696 0.241053 0.0318676 0.147022 0.523401
0 0.869415 0.402773 0.0314541 0.173561 0.503261
0 0.87642 0.117077 0.0293297 0.153676 0.485803
0 0.201836 0.178597 0.0367848 0.161151 0.48224
0 0.941415 0.2197 0.0255009 0.162359 0.441865
3 0.70139 0.195859 0.0999535 0.0998519 0.421419
0 0.246535 0.107156 0.0335745 0.150951 0.396459
0 0.337283 0.782205 0.0316947 0.140487 0.359581
0 0.819983 0.657477 0.0367741 0.21835 0.329849
1 0.867935 0.632166 0.0604927 0.107043 0.287082
0 0.90352 0.121125 0.0256691 0.123026 0.269917
58 0.345415 0.306091 0.0475864 0.10903 0.259598
0 0.695957 0.0832409 0.0400318 0.162554 0.256887
