0 0.239638 0.383656 0.0431165 0.209586 0.891413
2 0.691584 0.409362 0.138351 0.237722 0.879508
0 0.228372 0.881286 0.0533391 0.237428 0.861697
0 0.916294 0.519751 0.0380238 0.193984 0.836343
0 0.0342025 0.736181 0.0345671 0.199647 0.815031
0 0.0718673 0.621978 0.0397554 0.22854 0.791645
0 0.285451 0.296729 0.0417282 0.184296 0.750738
0 0.733421 0.645719 0.0522791 0.225152 0.714788
0 0.619625 0.935344 0.0369587 0.129076 0.700342
0 0.513453 0.268277 0.0320705 0.16939 0.673184
0 0.628212 0.223033 0.0376801 0.151907 0.637816
0 0.46246 0.280307 0.0294821 0.144262 0.55707
0 0.264728 0.215912 0.0286285 0.165735 0.532997
3 0.836886 0.609426 0.128096 0.153733 0.486717
0 0.198771 0.173196 0.0331589 0.166857 0.450261
0 0.436634 0.265298 0.0299286 0.16474 0.446264
0 0.788126 0.100024 0.0280298 0.0681864 0.439456
0 0.37599 0.252531 0.0360492 0.162016 0.395312
0 0.762873 0.258702 0.0280621 0.152748 0.391417
0 0.167018 0.188223 0.0300434 0.164145 0.371487
0 0.427256 0.23368 0.0343672 0.191147 0.343599
0 0.740101 0.255647 0.0305365 0.157142 0.343489
0 0.239775 0.0751539 0.0276719 0.142024 0.278406
58 0.81017 0.310531 0.0539891 0.138724 0.267254
58 0.344631 0.308741 0.0443417 0.108626 0.257272
