2 0.691445 0.411115 0.139033 0.235031 0.86214
0 0.915922 0.521411 0.0380596 0.193272 0.842559
0 0.289398 0.535485 0.0353189 0.196411 0.798491
0 0.206128 0.911478 0.0499926 0.177043 0.794189
0 0.135187 0.433846 0.0338687 0.17271 0.759496
0 0.244845 0.514501 0.0383971 0.209982 0.757495
0 0.502311 0.918977 0.0401028 0.162046 0.755729
0 0.534805 0.155661 0.0307787 0.160653 0.753424
0 0.19429 0.654215 0.0584294 0.2255 0.753038
0 0.500472 0.122309 0.0306095 0.155601 0.739187
0 0.90033 0.117912 0.0293226 0.138022 0.6749
0 0.809003 0.667693 0.0486832 0.215394 0.656852
0 0.481891 0.493706 0.0337643 0.178484 0.654753
0 0.562249 0.14934 0.0298342 0.14881 0.648877
0 0.449262 0.487885 0.0434685 0.178749 0.53651
0 0.429384 0.194542 0.0336431 0.207179 0.474369
0 0.76908 0.0695444 0.0282333 0.12563 0.466539
0 0.255423 0.199582 0.0359641 0.175836 0.456869
0 0.224487 0.822827 0.0531005 0.137042 0.426083
0 0.224405 0.465493 0.0354119 0.214293 0.378446
0 0.232425 0.119362 0.0304957 0.153466 0.352164
1 0.863169 0.627973 0.0722874 0.112927 0.346236
0 0.157651 0.196189 0.031238 0.161362 0.325625
0 0.479533 0.391484 0.0283367 0.0854295 0.277471
3 0.701687 0.196179 0.0992208 0.103268 0.277262
