2 0.691351 0.407891 0.138463 0.236436 0.881389
0 0.231063 0.42165 0.0437898 0.218552 0.83354
0 0.91611 0.519527 0.0381927 0.193875 0.823397
0 0.64209 0.950151 0.044738 0.099697 0.795528
0 0.0725852 0.621508 0.0406834 0.224522 0.787192
0 0.0223357 0.805526 0.0378028 0.216419 0.76968
0 0.229677 0.926501 0.0554911 0.146997 0.756035
0 0.275948 0.26253 0.0373413 0.178716 0.747873
0 0.776549 0.281737 0.0306278 0.174611 0.743644
0 0.733782 0.641312 0.056119 0.228812 0.601186
0 0.714223 0.260792 0.0404196 0.131684 0.568926
0 0.538481 0.250784 0.031402 0.160367 0.567762
0 0.482411 0.245362 0.029248 0.1493 0.55428
0 0.199705 0.173934 0.0336286 0.163761 0.517801
0 0.162269 0.183912 0.0283923 0.165645 0.482996
0 0.727967 0.634448 0.0419125 0.212043 0.481066
3 0.836496 0.607628 0.128283 0.155092 0.455586
0 0.428252 0.214031 0.0323745 0.155802 0.447154
0 0.447696 0.267223 0.0304916 0.152938 0.421929
0 0.252822 0.166122 0.0295638 0.144485 0.405063
0 0.788112 0.0995139 0.0289356 0.0691345 0.399883
0 0.989403 0.36689 0.020599 0.167746 0.357288
2 0.0686575 0.348525 0.085416 0.171057 0.345652
58 0.810375 0.310358 0.0519863 0.137026 0.339865
