2 0.691283 0.410427 0.138725 0.233666 0.885514
0 0.916106 0.521303 0.0377504 0.1965 0.835212
0 0.235377 0.685454 0.0435598 0.226617 0.815318
0 0.238525 0.297059 0.0390352 0.194538 0.802798
0 0.288148 0.380345 0.0376552 0.195109 0.774527
0 0.0535238 0.702766 0.062623 0.229134 0.758523
0 0.135647 0.601695 0.032969 0.188569 0.75333
0 0.526724 0.926292 0.0319629 0.146805 0.744806
0 0.73353 0.643925 0.0529869 0.230981 0.696387
0 0.475757 0.234977 0.0364882 0.169987 0.679315
0 0.328336 0.36761 0.0310365 0.168245 0.666943
0 0.624592 0.21979 0.0336354 0.162902 0.659197
0 0.409421 0.357052 0.0339102 0.183859 0.635913
3 0.837349 0.61141 0.127615 0.151928 0.561859
0 0.428312 0.217229 0.0332895 0.160251 0.528283
0 0.06711 0.592147 0.0379173 0.16621 0.49097
0 0.198013 0.177427 0.0306432 0.16004 0.4702
0 0.437274 0.366496 0.0292316 0.173539 0.446485
3 0.710541 0.193071 0.0830648 0.091255 0.393979
0 0.164425 0.195043 0.0275186 0.152653 0.381476
0 0.652639 0.217511 0.0300388 0.155037 0.362075
0 0.788595 0.101558 0.0288073 0.0697571 0.323832
0 0.564482 0.195151 0.0289139 0.129657 0.311442
0 0.290895 0.201638 0.0305298 0.122918 0.282615
