0 0.457076 0.938214 0.0433468 0.123573 0.83887
2 0.690603 0.409212 0.138631 0.235107 0.83764
0 0.659561 0.78238 0.0438831 0.230391 0.834793
0 0.918259 0.51817 0.043045 0.194394 0.81386
0 0.242558 0.624831 0.0396759 0.224176 0.794366
0 0.173232 0.494299 0.0386048 0.19998 0.790012
0 0.616782 0.803581 0.0420822 0.223963 0.768513
0 0.848811 0.659526 0.0480568 0.216368 0.69067
0 0.260862 0.239201 0.033308 0.179054 0.647447
0 0.847666 0.176154 0.0282482 0.161178 0.541059
0 0.229617 0.247274 0.0260344 0.135749 0.492899
0 0.184333 0.266479 0.0294449 0.161139 0.413033
0 0.497141 0.0346129 0.0277729 0.0692258 0.386424
0 0.782982 0.0639463 0.0367449 0.119362 0.382137
0 0.147763 0.263925 0.0275508 0.143603 0.336986
58 0.345142 0.306345 0.0473509 0.109129 0.292922
0 0.422229 0.208287 0.0262098 0.157761 0.284144
0 0.299775 0.190122 0.0289351 0.150979 0.277922
0 0.164195 0.189229 0.0290423 0.127518 0.273004
0 0.202575 0.175419 0.0346432 0.175721 0.270507
1 0.704545 0.196453 0.0932833 0.0953194 0.269987
3 0.70161 0.191288 0.100389 0.106 0.25761
3 0.808987 0.610072 0.0688137 0.132938 0.256423
