0 0.916229 0.520074 0.0384457 0.194471 0.837939
2 0.691491 0.411585 0.138851 0.238504 0.83357
0 0.220074 0.577905 0.0429325 0.212641 0.802013
0 0.926686 0.150236 0.0285339 0.146695 0.772579
0 0.837533 0.692855 0.0519917 0.231737 0.765872
0 0.518223 0.928539 0.042077 0.141515 0.735958
0 0.550472 0.133049 0.0302876 0.151733 0.725485
0 0.282325 0.645267 0.0529315 0.219559 0.708362
0 0.551146 0.481579 0.0428954 0.177287 0.684382
0 0.243132 0.405282 0.0409757 0.197842 0.681588
0 0.256319 0.966795 0.0501113 0.0664096 0.64735
0 0.27494 0.925456 0.0438753 0.143758 0.647183
0 0.46103 0.536682 0.0394403 0.202866 0.622055
0 0.26424 0.588263 0.0345107 0.205304 0.598066
0 0.516673 0.129196 0.0272244 0.161889 0.587255
0 0.492485 0.542025 0.0349092 0.190167 0.58331
0 0.855141 0.0742121 0.0256916 0.140248 0.541488
0 0.250018 0.172252 0.0346607 0.172863 0.53456
0 0.126685 0.381217 0.0314934 0.165715 0.495273
0 0.497969 0.0781472 0.0324837 0.14789 0.467379
0 0.429214 0.219054 0.0301407 0.159032 0.431519
1 0.702796 0.198321 0.0981038 0.0983808 0.42783
0 0.978276 0.132291 0.0322704 0.1444 0.41237
3 0.838658 0.59512 0.12601 0.167881 0.357177
0 0.695318 0.0884742 0.0424665 0.170893 0.297017
58 0.810525 0.297303 0.0533253 0.112246 0.282362
3 0.700714 0.195781 0.102013 0.103747 0.273916
0 0.962573 0.538073 0.0423471 0.203884 0.264266
1 0.686235 0.199317 0.0725828 0.106627 0.262864
0 0.204774 0.179657 0.0311157 0.162413 0.253176
