2 0.691023 0.411566 0.139134 0.235836 0.866064
0 0.915841 0.520426 0.0377541 0.193672 0.833287
0 0.26601 0.462143 0.0405634 0.203595 0.789461
0 0.311094 0.469505 0.0337504 0.190192 0.786895
0 0.116838 0.644139 0.0423319 0.223912 0.779801
0 0.514203 0.925833 0.0413533 0.144319 0.771986
0 0.155291 0.835818 0.0459405 0.24224 0.753684
0 0.762021 0.642411 0.0440982 0.229733 0.742431
0 0.219177 0.552649 0.0466304 0.224442 0.742414
0 0.560945 0.178803 0.0305893 0.16559 0.722382
0 0.507369 0.167896 0.0346855 0.169377 0.671664
0 0.598416 0.167526 0.0317017 0.158102 0.667121
0 0.134631 0.492295 0.0314346 0.176545 0.612773
0 0.436881 0.438242 0.0336889 0.191293 0.584534
0 0.866684 0.0856735 0.0270004 0.139716 0.545601
0 0.472925 0.439166 0.0334843 0.177182 0.52582
3 0.839862 0.618327 0.122653 0.138612 0.473289
0 0.257162 0.236476 0.0357268 0.18277 0.452583
3 0.701754 0.196343 0.0992343 0.101745 0.445009
0 0.153745 0.706071 0.037112 0.101802 0.411527
0 0.779469 0.104225 0.026609 0.129717 0.396712
0 0.429683 0.219505 0.0319726 0.156105 0.268275
1 0.703141 0.199061 0.0968054 0.0999283 0.255249
