2 0.691575 0.417457 0.137841 0.248682 0.856459
0 0.916122 0.520296 0.0371063 0.1929 0.817189
0 0.172854 0.677079 0.0517354 0.238664 0.796445
0 0.223334 0.687913 0.0405935 0.210398 0.770598
0 0.884206 0.140657 0.0329971 0.157762 0.763471
0 0.53083 0.930922 0.0512915 0.138156 0.754313
0 0.253706 0.31836 0.0428782 0.187639 0.754194
0 0.538427 0.0971627 0.0283249 0.142289 0.747704
0 0.510097 0.626701 0.0382622 0.194769 0.718211
0 0.399875 0.627103 0.0328503 0.223373 0.709797
0 0.471635 0.614697 0.0402281 0.210256 0.705052
0 0.933865 0.188656 0.035395 0.171397 0.656756
0 0.50854 0.0853377 0.0297821 0.154934 0.641652
0 0.847035 0.685008 0.0441524 0.209529 0.595988
0 0.66966 0.562108 0.0464223 0.19505 0.557034
3 0.837776 0.601557 0.127332 0.169273 0.555682
0 0.963076 0.147214 0.0324553 0.16228 0.520689
0 0.428033 0.216122 0.0324392 0.157872 0.516405
0 0.127998 0.23025 0.0376864 0.223355 0.456401
0 0.840513 0.689105 0.0353718 0.201937 0.436112
0 0.233859 0.173596 0.0256768 0.146054 0.432172
0 0.448506 0.0613734 0.024487 0.122747 0.42984
0 0.160277 0.192963 0.0314664 0.147616 0.429647
3 0.701565 0.194078 0.0997051 0.0994867 0.38324
0 0.911735 0.411406 0.0289459 0.0833043 0.320722
3 0.876771 0.595473 0.0516663 0.167258 0.315707
58 0.809815 0.286799 0.0531916 0.0915233 0.308573
0 0.255982 0.145988 0.0395682 0.169465 0.296412
0 0.695602 0.0839742 0.0394707 0.162412 0.293762
0 0.198454 0.183718 0.0312397 0.15076 0.291948
0 0.989379 0.452145 0.0205379 0.102323 0.278281
3 0.805087 0.61242 0.0630101 0.141481 0.26432
0 0.989053 0.472788 0.0212166 0.145916 0.25545
