2 0.691207 0.410225 0.139131 0.234927 0.855443
0 0.916066 0.521289 0.038048 0.195351 0.844867
0 0.488917 0.216366 0.0361216 0.168471 0.809999
0 0.283477 0.408506 0.0376939 0.202394 0.777315
0 0.506509 0.918451 0.0348561 0.163099 0.773134
0 0.228812 0.635472 0.04361 0.223295 0.75204
0 0.597352 0.204683 0.0280161 0.165084 0.716468
0 0.242462 0.270489 0.0361212 0.189969 0.698573
0 0.7338 0.645756 0.0546513 0.230698 0.62888
0 0.325406 0.406902 0.0311079 0.172277 0.616603
0 0.127764 0.55771 0.0306435 0.186304 0.606661
0 0.632392 0.19974 0.0258267 0.149963 0.602941
0 0.0969043 0.739864 0.0591709 0.238346 0.583108
0 0.418844 0.382432 0.0367752 0.175492 0.560234
3 0.837459 0.612747 0.128706 0.151053 0.532593
0 0.0595694 0.69019 0.0515836 0.230402 0.514055
0 0.446787 0.387934 0.0305253 0.167578 0.416955
0 0.0701511 0.576668 0.0430989 0.130296 0.412839
0 0.163728 0.194333 0.0267834 0.148901 0.402231
0 0.42965 0.218853 0.0346115 0.161514 0.377086
0 0.790845 0.100803 0.0281031 0.071371 0.330671
0 0.831383 0.0613408 0.023418 0.122682 0.313742
58 0.810713 0.283431 0.0530094 0.081861 0.261357
