0 0.465561 0.933979 0.0427436 0.132042 0.857435
0 0.635957 0.845693 0.0442173 0.244285 0.84996
2 0.690563 0.409137 0.138581 0.234506 0.844835
0 0.91792 0.518784 0.043095 0.194259 0.801496
0 0.229515 0.619005 0.050947 0.224667 0.801418
0 0.681387 0.816192 0.0440749 0.228183 0.765844
0 0.262725 0.22883 0.0321992 0.166771 0.706407
0 0.173456 0.472375 0.0343936 0.1932 0.692364
0 0.849666 0.195572 0.0317184 0.167848 0.663506
0 0.848758 0.659033 0.0489294 0.213286 0.654035
0 0.786163 0.0630182 0.0319761 0.124132 0.593758
0 0.520792 0.0380263 0.0271059 0.0714203 0.410846
0 0.423855 0.206762 0.0224886 0.158997 0.329192
0 0.232532 0.230497 0.0251848 0.144338 0.322169
3 0.713708 0.192318 0.0777324 0.0976286 0.307292
58 0.345591 0.30608 0.048315 0.107311 0.292308
3 0.701188 0.189337 0.10152 0.109242 0.29101
1 0.703726 0.193638 0.0956087 0.102857 0.262335
3 0.810289 0.608894 0.07229 0.130635 0.258223
