0 0.192473 0.829631 0.0485514 0.245474 0.894178
0 0.673478 0.844775 0.0459949 0.258354 0.837656
2 0.691193 0.408445 0.139337 0.233515 0.818995
0 0.914295 0.518559 0.0368786 0.192137 0.794686
0 0.930402 0.736096 0.0485683 0.230276 0.772127
0 0.463196 0.439744 0.0318777 0.18522 0.761906
0 0.223065 0.457323 0.0395768 0.194023 0.752201
0 0.497488 0.934826 0.037138 0.130348 0.720203
0 0.863432 0.162086 0.0281002 0.146973 0.717427
0 0.504941 0.429888 0.0341902 0.19355 0.713128
0 0.925257 0.19532 0.0278336 0.1586 0.698878
0 0.847702 0.657248 0.0497337 0.211642 0.696544
0 0.606994 0.136627 0.0285222 0.151574 0.692215
0 0.186901 0.467253 0.0340704 0.178262 0.690072
0 0.43332 0.208059 0.0360315 0.163287 0.491157
0 0.264299 0.284189 0.031449 0.168886 0.467388
0 0.694915 0.0862079 0.043303 0.167911 0.358231
0 0.136752 0.195084 0.0286737 0.151987 0.344192
3 0.803782 0.607033 0.0607815 0.127891 0.316232
3 0.701836 0.194762 0.098863 0.0974996 0.293448
0 0.161241 0.189641 0.0256498 0.149473 0.281371
0 0.337045 0.78297 0.0308963 0.135406 0.264147
3 0.799435 0.621957 0.0459101 0.0932574 0.253633
24 0.45996 0.411798 0.0255919 0.0536175 0.253603
