2 0.691402 0.409995 0.139252 0.237109 0.809598
0 0.423708 0.66824 0.0480631 0.227908 0.7975
0 0.914782 0.518806 0.0361912 0.191757 0.76589
0 0.88712 0.358632 0.0437756 0.197058 0.735183
0 0.148276 0.904577 0.0491697 0.190847 0.698516
0 0.950297 0.299155 0.0320047 0.156159 0.695533
0 0.549334 0.934703 0.0502363 0.130594 0.671469
0 0.42656 0.186283 0.0379403 0.22332 0.659179
0 0.215388 0.290584 0.0317264 0.175608 0.65243
0 0.581822 0.84603 0.0486433 0.225423 0.633028
0 0.791028 0.0630494 0.0303501 0.124973 0.614753
0 0.113662 0.367699 0.0351191 0.182501 0.608357
0 0.544534 0.803044 0.0393399 0.16689 0.597334
0 0.846146 0.663224 0.0354294 0.202423 0.567731
0 0.253238 0.169196 0.0309599 0.169752 0.554646
3 0.700605 0.195525 0.102194 0.101366 0.519217
0 0.0867364 0.366988 0.0246603 0.157894 0.47307
0 0.467652 0.052335 0.0259172 0.0945706 0.455063
0 0.162684 0.180657 0.0305548 0.179381 0.446416
0 0.694988 0.0865095 0.0423904 0.170477 0.377684
0 0.202699 0.155711 0.0306923 0.155407 0.322778
0 0.851379 0.657148 0.0280249 0.215766 0.318251
0 0.498682 0.0444174 0.0234565 0.0827328 0.318141
0 0.878088 0.0693133 0.025827 0.138205 0.313731
0 0.375774 0.2561 0.0384515 0.138921 0.305892
58 0.81105 0.311166 0.0538509 0.139863 0.30029
58 0.34479 0.304319 0.0468894 0.105281 0.263936
0 0.134161 0.852026 0.0370536 0.173501 0.259831
3 0.839904 0.608897 0.127967 0.130766 0.259307
0 0.337339 0.78222 0.0309229 0.135966 0.258423
1 0.701764 0.198219 0.099707 0.0974904 0.254066
