2 0.691229 0.411336 0.139166 0.234607 0.866793
0 0.915786 0.520434 0.0379986 0.19441 0.837007
0 0.31111 0.469782 0.0334193 0.189372 0.776724
0 0.513985 0.926036 0.0414154 0.144555 0.760204
0 0.156611 0.838723 0.0445898 0.236171 0.755752
0 0.763003 0.643605 0.0431873 0.229931 0.746014
0 0.26513 0.464389 0.0397796 0.19869 0.741812
0 0.119668 0.645054 0.043265 0.222764 0.724254
0 0.56044 0.178469 0.031341 0.166809 0.716659
0 0.507174 0.167276 0.0336915 0.167122 0.712613
0 0.220149 0.545565 0.0448805 0.218052 0.693713
0 0.597699 0.167454 0.0313293 0.15463 0.637897
0 0.134993 0.491347 0.0305759 0.175147 0.563485
0 0.867583 0.0852102 0.0268829 0.138133 0.51647
0 0.439164 0.440468 0.0311863 0.189768 0.491278
0 0.473294 0.44015 0.0318411 0.175494 0.48953
0 0.258114 0.236361 0.0363127 0.183362 0.419348
3 0.840185 0.616862 0.122177 0.139517 0.409249
3 0.701736 0.195753 0.100045 0.106132 0.404542
0 0.778952 0.102671 0.026828 0.126947 0.364507
0 0.155749 0.707068 0.033978 0.103984 0.349466
1 0.692174 0.19803 0.0841476 0.110367 0.298612
0 0.429576 0.219987 0.0317678 0.155313 0.250397
