2 0.691293 0.408832 0.139275 0.237563 0.90858
0 0.219604 0.469036 0.0424948 0.22134 0.845297
0 0.91737 0.52042 0.0389835 0.193694 0.808709
0 0.0730923 0.622786 0.0421414 0.225157 0.778242
0 0.959855 0.298203 0.0317158 0.175524 0.707434
0 0.428162 0.216877 0.0330765 0.164164 0.675963
0 0.854003 0.30849 0.0355686 0.166365 0.662389
0 0.291596 0.235174 0.0304307 0.169933 0.645039
0 0.0132327 0.888456 0.0264655 0.223073 0.629726
0 0.617114 0.950983 0.028533 0.0975338 0.610851
0 0.735365 0.642953 0.0579194 0.229347 0.599089
0 0.474863 0.207611 0.0304778 0.162223 0.535641
3 0.836347 0.607244 0.12987 0.15897 0.530932
0 0.552393 0.232969 0.0294708 0.205087 0.489123
0 0.727569 0.63559 0.0427494 0.211956 0.484656
0 0.1982 0.175243 0.0299908 0.162146 0.484043
0 0.121969 0.440874 0.0290708 0.171179 0.405661
0 0.748927 0.299487 0.0386736 0.166222 0.372683
0 0.481587 0.206586 0.0451756 0.162448 0.352524
0 0.267742 0.216681 0.0304236 0.154368 0.345937
0 0.14205 0.432465 0.0264545 0.186502 0.334302
0 0.787725 0.0991619 0.0278215 0.0673269 0.332224
0 0.490762 0.206322 0.0264442 0.155051 0.319711
58 0.34562 0.310391 0.0479591 0.115614 0.26682
0 0.162513 0.192113 0.0274564 0.147475 0.254596
