2 0.691461 0.410551 0.139285 0.236855 0.838057
0 0.158421 0.883318 0.0429086 0.230222 0.81781
0 0.122848 0.860415 0.0466513 0.259384 0.816661
0 0.912456 0.518784 0.0387047 0.190419 0.792571
0 0.937471 0.277419 0.0339804 0.156857 0.78457
0 0.905199 0.371861 0.0402443 0.17244 0.770159
0 0.445585 0.674005 0.0310537 0.231731 0.722511
0 0.522813 0.791853 0.0435778 0.241397 0.669457
0 0.258488 0.195938 0.0316077 0.173285 0.667163
0 0.568468 0.782805 0.0398779 0.181292 0.653526
0 0.561719 0.92763 0.036871 0.14474 0.64356
0 0.788483 0.0617561 0.0300565 0.123512 0.611663
0 0.420108 0.209206 0.0297669 0.165982 0.576223
0 0.217906 0.263919 0.0338134 0.183433 0.573543
0 0.16253 0.19176 0.0301719 0.155011 0.553626
0 0.941101 0.680004 0.0383533 0.154661 0.549609
0 0.252712 0.0657982 0.0309081 0.131596 0.511718
3 0.700692 0.192982 0.102172 0.102571 0.491057
0 0.102336 0.384476 0.0362843 0.177036 0.444634
0 0.884154 0.0834194 0.0311817 0.149739 0.444498
0 0.695488 0.0846261 0.0420265 0.164553 0.40382
0 0.498676 0.0501366 0.0241391 0.0979984 0.38365
0 0.530578 0.0531394 0.0254845 0.098397 0.373714
0 0.131144 0.190505 0.0275138 0.154839 0.369444
0 0.838989 0.651517 0.0384912 0.195209 0.353005
0 0.98617 0.297498 0.0271318 0.187704 0.342639
3 0.84068 0.610603 0.121545 0.132014 0.31954
0 0.375136 0.25444 0.0373212 0.124464 0.306932
0 0.283715 0.172299 0.0278589 0.168034 0.27059
0 0.845382 0.343785 0.0266754 0.161582 0.270367
1 0.873789 0.627505 0.0528145 0.113145 0.266074
0 0.403831 0.159498 0.0279304 0.155256 0.261781
