2 0.691453 0.409477 0.138524 0.235217 0.833552
0 0.917042 0.519085 0.041404 0.192933 0.813585
0 0.202049 0.603255 0.0511535 0.226188 0.777946
0 0.52639 0.922671 0.0411882 0.152898 0.725165
0 0.460319 0.550873 0.0368163 0.203714 0.690904
0 0.575543 0.49725 0.034807 0.174738 0.685149
0 0.248103 0.381561 0.0383482 0.193728 0.680793
0 0.301935 0.946202 0.0587579 0.107596 0.670255
0 0.256883 0.61134 0.0363337 0.210927 0.669145
0 0.493348 0.562266 0.0387161 0.18926 0.652117
0 0.846894 0.699389 0.0439266 0.226693 0.64032
0 0.544325 0.125455 0.027523 0.151057 0.62603
0 0.512244 0.11859 0.0309293 0.162687 0.589043
0 0.954863 0.522694 0.0329525 0.200222 0.582293
0 0.934803 0.164392 0.0272415 0.144777 0.541713
0 0.316517 0.642245 0.0516479 0.222888 0.539094
0 0.863065 0.0839466 0.0284065 0.154853 0.467537
0 0.427777 0.21708 0.0334314 0.156494 0.409416
3 0.701628 0.19577 0.0994385 0.101486 0.341395
0 0.247714 0.157736 0.0338282 0.172637 0.315089
0 0.695583 0.0860383 0.040928 0.167054 0.314122
0 0.200496 0.175437 0.0353807 0.175808 0.294493
3 0.838546 0.598343 0.127293 0.161117 0.289269
1 0.703613 0.199229 0.0965019 0.0963329 0.282806
58 0.810592 0.293786 0.0535004 0.105687 0.264543
0 0.277934 0.159416 0.0264889 0.155652 0.257371
