2 0.691521 0.409954 0.139252 0.236865 0.839113
0 0.914736 0.518956 0.0399643 0.194069 0.796455
0 0.188762 0.922064 0.0517771 0.154303 0.780576
0 0.206601 0.337625 0.033752 0.184886 0.776263
0 0.881228 0.299239 0.0370716 0.171414 0.760431
0 0.152235 0.955066 0.0447229 0.0898688 0.720346
0 0.630239 0.905902 0.046692 0.187652 0.716222
0 0.581297 0.899651 0.0426413 0.200098 0.687942
0 0.787524 0.0677405 0.0303879 0.130009 0.662257
0 0.536027 0.935521 0.0321836 0.128958 0.646417
0 0.201281 0.178004 0.0299712 0.16543 0.569322
0 0.16249 0.190059 0.0303928 0.161367 0.565406
0 0.844501 0.658538 0.0587212 0.213582 0.560127
0 0.9882 0.33661 0.0229158 0.17894 0.512848
3 0.700772 0.193791 0.102269 0.106772 0.506846
0 0.864412 0.0531376 0.0298454 0.101891 0.4722
0 0.236575 0.14166 0.0258796 0.148914 0.457055
0 0.695121 0.086495 0.0425629 0.169106 0.402348
0 0.265658 0.140666 0.0288761 0.18762 0.375297
0 0.10212 0.332563 0.0279204 0.174051 0.366733
58 0.346186 0.307889 0.0496372 0.111373 0.33257
2 0.0606524 0.336978 0.0675474 0.147606 0.303666
3 0.841764 0.598511 0.124734 0.153605 0.28917
0 0.853772 0.657785 0.041378 0.214107 0.285197
58 0.810343 0.310555 0.0519087 0.138549 0.273562
1 0.70216 0.196811 0.0990088 0.101244 0.268696
0 0.435364 0.165525 0.0321561 0.22729 0.266943
0 0.436023 0.215699 0.0252649 0.15544 0.264317
0 0.307012 0.184627 0.0292824 0.152576 0.251545
