0 0.170203 0.585611 0.0423679 0.217574 0.83416
0 0.915997 0.518424 0.0372562 0.194164 0.832739
0 0.586423 0.669568 0.0441266 0.229945 0.826624
2 0.691262 0.408294 0.139082 0.233486 0.826502
0 0.549066 0.683662 0.0375637 0.221754 0.81418
0 0.846824 0.658253 0.0490807 0.213075 0.720718
0 0.245821 0.29519 0.0303013 0.177438 0.707107
0 0.475992 0.938681 0.0332428 0.122639 0.682304
0 0.220146 0.304767 0.027496 0.158743 0.653358
0 0.16126 0.252954 0.0271676 0.163928 0.464496
0 0.419368 0.207773 0.0243867 0.14859 0.435193
0 0.262912 0.15558 0.0330658 0.162665 0.424367
0 0.786853 0.0877733 0.0322379 0.135197 0.362899
3 0.700808 0.193114 0.100525 0.105067 0.324247
58 0.345769 0.310424 0.048524 0.117434 0.313499
0 0.694738 0.0839822 0.0421792 0.164168 0.308284
0 0.234613 0.160437 0.0263463 0.153596 0.304772
0 0.191909 0.256166 0.0259638 0.150103 0.299483
0 0.2001 0.174352 0.0256135 0.142441 0.280506
3 0.808448 0.608501 0.0681978 0.135621 0.273295
