2 0.691379 0.409524 0.138744 0.235361 0.842469
0 0.665917 0.879543 0.0434938 0.235507 0.822589
0 0.710178 0.870004 0.0473156 0.248854 0.801341
0 0.917767 0.518574 0.0426867 0.194753 0.799521
0 0.452636 0.930632 0.0425135 0.135657 0.793178
0 0.217773 0.611846 0.0351804 0.22927 0.76773
0 0.173844 0.445962 0.0357635 0.198925 0.710952
0 0.787352 0.0647393 0.0316313 0.125837 0.694153
0 0.266357 0.213777 0.0296007 0.167571 0.659972
0 0.146664 0.273338 0.0280938 0.181317 0.598071
0 0.851243 0.209637 0.0355978 0.168663 0.591394
3 0.700889 0.189293 0.101175 0.113375 0.513636
0 0.234982 0.214381 0.024775 0.145006 0.446161
0 0.844641 0.658565 0.0556602 0.21192 0.44407
0 0.17045 0.281255 0.0296693 0.162089 0.400791
0 0.429725 0.208212 0.0265032 0.16003 0.3955
0 0.554307 0.0438608 0.0320251 0.0824684 0.352064
3 0.839837 0.599456 0.127785 0.153174 0.337721
58 0.345739 0.307295 0.0486631 0.109992 0.30806
0 0.200255 0.175885 0.0329908 0.1717 0.280357
