2 0.691342 0.410481 0.139301 0.234136 0.881187
0 0.916116 0.520773 0.0376867 0.19582 0.832539
0 0.23786 0.319368 0.0381482 0.197096 0.811806
0 0.231664 0.744568 0.0512411 0.238404 0.792176
0 0.0710036 0.622663 0.0381268 0.228464 0.776622
0 0.546247 0.919138 0.0327812 0.155258 0.738541
0 0.464514 0.262686 0.0351994 0.170986 0.72961
0 0.734118 0.648312 0.0526295 0.222709 0.704487
0 0.135852 0.643641 0.0396426 0.196273 0.667078
0 0.662909 0.224176 0.042562 0.153204 0.598653
0 0.198137 0.175175 0.0323309 0.16109 0.57473
0 0.519768 0.194244 0.0302929 0.161524 0.562409
0 0.407985 0.332509 0.03077 0.181643 0.529149
0 0.290077 0.348499 0.0327657 0.219572 0.5171
3 0.836847 0.611414 0.127111 0.154254 0.506002
0 0.431017 0.339688 0.0281155 0.161979 0.48766
0 0.164225 0.192732 0.0274841 0.155429 0.471499
0 0.340408 0.771689 0.0262859 0.14722 0.461145
0 0.598507 0.207518 0.030892 0.123812 0.450961
0 0.427472 0.207795 0.0303333 0.137882 0.412687
3 0.720407 0.194803 0.0629941 0.0863302 0.354474
0 0.329074 0.344133 0.0279026 0.146401 0.341341
0 0.788228 0.101012 0.0282084 0.07161 0.287514
0 0.2374 0.113066 0.0243385 0.136918 0.278758
1 0.722877 0.196647 0.0570727 0.084233 0.259874
