2 0.691524 0.408875 0.13913 0.237362 0.907462
0 0.220195 0.464641 0.0412773 0.219841 0.832419
0 0.917249 0.52014 0.0382444 0.195172 0.809347
0 0.0727998 0.62323 0.0423707 0.225798 0.774194
0 0.619772 0.951086 0.0344702 0.0978276 0.718433
0 0.0146681 0.883681 0.0293362 0.226449 0.675835
0 0.427715 0.218182 0.0325548 0.163053 0.666891
0 0.288175 0.233246 0.0281103 0.168243 0.657647
0 0.8499 0.309578 0.0337168 0.164917 0.647088
0 0.538259 0.252246 0.0537874 0.199416 0.629912
0 0.735683 0.643204 0.0595243 0.230685 0.603348
0 0.966508 0.303886 0.0322916 0.175939 0.593529
0 0.47212 0.211714 0.0293163 0.168977 0.525553
0 0.727634 0.635862 0.043498 0.212673 0.478565
0 0.492192 0.211788 0.0253345 0.160032 0.47607
0 0.548783 0.21619 0.0341312 0.155 0.455596
3 0.836457 0.607549 0.128744 0.15825 0.444166
0 0.12477 0.43382 0.0418185 0.185764 0.419815
0 0.266075 0.218049 0.0279601 0.145646 0.393909
0 0.19865 0.175721 0.030841 0.159705 0.372382
58 0.346174 0.311373 0.0493182 0.119773 0.331158
0 0.743444 0.29836 0.0381819 0.170403 0.319132
0 0.227317 0.143927 0.025934 0.14832 0.311746
0 0.787902 0.0993598 0.0276072 0.0673407 0.3078
0 0.162084 0.193326 0.0276785 0.146688 0.265873
