0 0.133798 0.806504 0.0478332 0.242872 0.845316
2 0.691443 0.412252 0.139101 0.239051 0.823029
0 0.173611 0.834612 0.0442921 0.241729 0.794419
0 0.446738 0.674684 0.038649 0.225649 0.771464
0 0.502864 0.742401 0.0462124 0.230183 0.747406
0 0.920112 0.25545 0.0368937 0.158468 0.712154
0 0.554261 0.933998 0.0408545 0.132003 0.708974
0 0.918327 0.51919 0.0371113 0.194019 0.659303
0 0.881335 0.650083 0.04184 0.198141 0.65549
0 0.259591 0.229396 0.0315775 0.167315 0.645452
0 0.534969 0.0612862 0.026744 0.118735 0.597538
0 0.860453 0.38271 0.0298424 0.171711 0.551737
0 0.82708 0.668315 0.0467489 0.212165 0.549136
0 0.930274 0.407176 0.032852 0.184975 0.538007
0 0.227526 0.23673 0.0293677 0.171221 0.535488
0 0.972525 0.254331 0.0431728 0.175909 0.513526
0 0.202835 0.176774 0.031848 0.169757 0.512158
3 0.700913 0.195712 0.101698 0.100995 0.50611
0 0.551857 0.743923 0.03864 0.205145 0.502525
0 0.861461 0.105475 0.0315016 0.161876 0.491057
0 0.893348 0.10723 0.0324036 0.158926 0.455434
0 0.500567 0.0604345 0.0263899 0.119215 0.397195
0 0.793724 0.0595382 0.0271912 0.119044 0.393633
0 0.433488 0.21039 0.0272381 0.167593 0.386494
0 0.696029 0.0861971 0.0431871 0.166421 0.373059
0 0.161945 0.190258 0.0268509 0.154573 0.352626
0 0.175638 0.216277 0.0289997 0.21408 0.320545
0 0.131944 0.183418 0.0281195 0.170087 0.320527
0 0.471407 0.058687 0.0254139 0.112556 0.293521
58 0.345215 0.306343 0.0477316 0.10747 0.257325
58 0.810362 0.281475 0.052743 0.0781587 0.252698
