0 0.619572 0.665348 0.0449436 0.233618 0.862349
0 0.21279 0.926601 0.0521281 0.146797 0.839294
2 0.691325 0.409623 0.138984 0.233832 0.831986
0 0.916411 0.515364 0.0424011 0.186084 0.831417
0 0.500632 0.332425 0.0326161 0.186547 0.787399
0 0.900867 0.239059 0.0292397 0.147953 0.780364
0 0.84868 0.657791 0.0514309 0.213637 0.778192
0 0.454806 0.341026 0.0342495 0.186408 0.697621
0 0.274433 0.360233 0.0334074 0.17347 0.694807
0 0.486943 0.938332 0.03409 0.123337 0.683623
0 0.917275 0.740829 0.0466808 0.217574 0.622401
0 0.169659 0.559172 0.0455531 0.186557 0.621257
0 0.975213 0.289836 0.0416794 0.170567 0.606023
0 0.218649 0.55207 0.0410152 0.210218 0.565069
0 0.663072 0.211907 0.0315897 0.165405 0.541523
0 0.324065 0.61746 0.0435271 0.223083 0.541295
0 0.176303 0.561334 0.0315412 0.180786 0.531259
0 0.169562 0.364501 0.0323925 0.176113 0.523581
0 0.215367 0.362579 0.0392589 0.176277 0.432147
0 0.779632 0.247633 0.0316856 0.141564 0.40546
0 0.135405 0.201753 0.0285884 0.145838 0.299756
0 0.161662 0.190789 0.0278927 0.149737 0.283866
0 0.926434 0.647412 0.0342045 0.127904 0.274493
