0 0.625824 0.6964 0.0486776 0.237806 0.857393
2 0.691297 0.409108 0.138993 0.232183 0.832364
0 0.91552 0.517987 0.040171 0.193216 0.815393
0 0.205281 0.911184 0.0508095 0.177632 0.805909
0 0.500375 0.35047 0.0315002 0.185323 0.784086
0 0.84904 0.655923 0.0519703 0.214092 0.736447
0 0.964001 0.273029 0.031591 0.172797 0.716006
0 0.455449 0.356074 0.0324871 0.181676 0.704934
0 0.488696 0.939855 0.0336657 0.12029 0.697088
0 0.893486 0.2286 0.0290924 0.147725 0.69645
0 0.179313 0.536773 0.0363747 0.18165 0.601373
0 0.330689 0.620632 0.0445315 0.220561 0.596817
0 0.930256 0.729519 0.0441574 0.219758 0.5706
0 0.220126 0.53957 0.042395 0.209977 0.566635
0 0.275132 0.350342 0.0347376 0.171636 0.549257
0 0.173824 0.359276 0.0335813 0.174668 0.478215
0 0.655013 0.215396 0.0365517 0.156744 0.44607
0 0.781998 0.242221 0.031461 0.14509 0.411064
0 0.222597 0.354996 0.0395289 0.17988 0.39938
0 0.213783 0.534909 0.0351261 0.202526 0.317769
3 0.712468 0.194813 0.078371 0.0912814 0.266035
