2 0.691136 0.409805 0.138394 0.234694 0.894733
0 0.239398 0.348613 0.0412543 0.19974 0.857762
0 0.916056 0.520167 0.0387115 0.194391 0.839896
0 0.226031 0.812761 0.0530963 0.252245 0.831629
0 0.566515 0.207861 0.0464048 0.161601 0.823327
0 0.576516 0.92746 0.0391642 0.145079 0.766708
0 0.0708936 0.619543 0.03861 0.22302 0.753879
0 0.477703 0.27387 0.0283934 0.162979 0.739136
0 0.734211 0.647441 0.0541016 0.224548 0.726437
0 0.291589 0.331019 0.0288394 0.186276 0.721922
0 0.315347 0.31485 0.0283007 0.159687 0.661681
0 0.441079 0.30914 0.0300358 0.155544 0.645227
0 0.198244 0.175413 0.0327559 0.164212 0.590691
0 0.706954 0.236609 0.044008 0.143734 0.55893
0 0.634271 0.223234 0.0284657 0.149428 0.546948
3 0.836952 0.608628 0.127737 0.156778 0.524133
0 0.162782 0.191772 0.0280418 0.151428 0.518905
0 0.0907916 0.679527 0.0373863 0.18677 0.508744
0 0.416797 0.303932 0.0277784 0.158409 0.461945
0 0.340278 0.770515 0.0264001 0.143628 0.455016
0 0.788422 0.09799 0.0275143 0.0701867 0.361553
0 0.0886307 0.65944 0.0333718 0.14556 0.346682
0 0.426956 0.196228 0.0316095 0.120647 0.321422
0 0.373682 0.287842 0.0354404 0.185696 0.279853
58 0.809189 0.289178 0.0539858 0.0956315 0.258375
