0 0.1461 0.750324 0.049941 0.238579 0.858396
2 0.69138 0.409459 0.139139 0.235905 0.848543
0 0.446652 0.657826 0.0500327 0.228878 0.832248
0 0.192479 0.772738 0.0386037 0.223512 0.818215
0 0.915914 0.520067 0.0377525 0.194987 0.779542
0 0.537612 0.0730071 0.0287808 0.138149 0.778194
0 0.493517 0.684934 0.0387369 0.206832 0.76506
0 0.250917 0.261697 0.0362842 0.176224 0.762332
0 0.556277 0.926425 0.0423193 0.147151 0.713234
0 0.960865 0.432368 0.0437483 0.186728 0.691724
0 0.53354 0.693923 0.045187 0.197567 0.617361
0 0.5023 0.0651046 0.0274855 0.130209 0.577527
0 0.202353 0.181278 0.0374783 0.156696 0.545797
0 0.430224 0.212761 0.0275708 0.164507 0.53852
0 0.913289 0.228972 0.0323641 0.15245 0.485147
0 0.826323 0.67836 0.0316193 0.209967 0.481816
0 0.245931 0.113822 0.0353917 0.16628 0.461761
3 0.701345 0.196459 0.100289 0.098446 0.419038
1 0.867164 0.632784 0.064579 0.101808 0.396344
0 0.884675 0.123583 0.0342901 0.161889 0.395182
0 0.0761434 0.411407 0.0289842 0.154552 0.379167
0 0.872749 0.409469 0.0322739 0.173911 0.355976
0 0.802544 0.601211 0.0373816 0.15832 0.350238
0 0.159721 0.198928 0.0327318 0.185591 0.315041
0 0.337193 0.782529 0.0313086 0.138232 0.311719
58 0.809763 0.282859 0.0531811 0.0838694 0.297513
58 0.345714 0.305888 0.0475443 0.107659 0.286053
58 0.810757 0.303933 0.0533826 0.127116 0.273037
0 0.16271 0.193841 0.030401 0.154314 0.270808
1 0.703086 0.198056 0.097519 0.0979018 0.255953
0 0.695841 0.0845377 0.0408251 0.165357 0.252104
0 0.473904 0.0628331 0.0210297 0.122591 0.250296
