2 0.691514 0.409256 0.139093 0.23575 0.851022
0 0.147167 0.748231 0.0503391 0.236791 0.840946
0 0.446611 0.656651 0.0501451 0.227914 0.823095
0 0.192943 0.772116 0.0389401 0.225553 0.812696
0 0.915911 0.520018 0.037711 0.194883 0.786527
0 0.537855 0.0721144 0.029123 0.137042 0.766499
0 0.493077 0.683932 0.0394812 0.208155 0.76111
0 0.250486 0.264189 0.0368828 0.178623 0.736463
0 0.556278 0.926224 0.0429237 0.147553 0.71625
0 0.962328 0.433962 0.0388432 0.192665 0.70442
0 0.533956 0.693117 0.042686 0.200781 0.682548
0 0.50228 0.0652825 0.027618 0.130565 0.563845
0 0.429499 0.21318 0.0287144 0.163793 0.56352
0 0.200918 0.182305 0.0381235 0.152596 0.538443
0 0.824612 0.676123 0.0315613 0.212384 0.504141
0 0.914526 0.229831 0.0353224 0.153126 0.503851
0 0.245338 0.113629 0.0362407 0.166914 0.460132
0 0.885013 0.1245 0.0332272 0.158761 0.429756
3 0.701491 0.196923 0.0997934 0.097523 0.408402
1 0.866993 0.632592 0.0641781 0.101561 0.401003
0 0.873518 0.408116 0.0317268 0.174194 0.384993
58 0.809803 0.284134 0.0534998 0.087167 0.330176
0 0.337256 0.781932 0.0315752 0.139817 0.328483
0 0.473442 0.0629158 0.0215861 0.121956 0.292632
58 0.345483 0.305604 0.0475203 0.107055 0.291266
1 0.703025 0.198562 0.09725 0.0971469 0.284756
58 0.810781 0.307508 0.0535493 0.134919 0.280249
0 0.799178 0.603939 0.0422949 0.164826 0.279986
0 0.16068 0.20091 0.0325938 0.171389 0.278064
0 0.0695097 0.414055 0.0392618 0.148687 0.258769
0 0.695952 0.0850843 0.0413267 0.165818 0.257021
