2 0.691245 0.408572 0.138725 0.234117 0.89601
0 0.230013 0.783112 0.0470805 0.236662 0.868707
0 0.0718202 0.622102 0.0394565 0.226311 0.846199
0 0.237012 0.336958 0.0392742 0.197562 0.842837
0 0.916216 0.520033 0.0379574 0.194366 0.837024
0 0.566778 0.925308 0.0305315 0.149385 0.751426
0 0.733415 0.645964 0.0528534 0.224887 0.739427
0 0.107476 0.671709 0.0319648 0.192263 0.718869
0 0.46846 0.274184 0.0316525 0.172229 0.717241
0 0.555761 0.202916 0.0301174 0.158367 0.70346
0 0.291557 0.33668 0.0299356 0.180548 0.686105
0 0.412204 0.312917 0.0285427 0.160745 0.587024
0 0.319689 0.321813 0.0280043 0.171083 0.573849
3 0.83707 0.606451 0.129409 0.158332 0.563295
0 0.339982 0.772317 0.0271891 0.147593 0.480644
0 0.198735 0.174337 0.0323085 0.162125 0.475003
0 0.43848 0.317311 0.030192 0.144498 0.459973
0 0.694695 0.229047 0.0481964 0.136915 0.439046
0 0.163228 0.187307 0.0261538 0.160827 0.414135
0 0.427119 0.199086 0.0295046 0.124856 0.407894
0 0.623963 0.207294 0.0287654 0.113772 0.399858
0 0.788375 0.098902 0.0273584 0.069133 0.389901
0 0.374933 0.282299 0.0379696 0.187038 0.384741
0 0.266325 0.254464 0.027231 0.154671 0.302942
0 0.696341 0.0813107 0.0410859 0.159886 0.273398
0 0.622985 0.222604 0.0326918 0.151154 0.270871
58 0.809297 0.288077 0.0537338 0.0941898 0.263389
