2 0.691441 0.408561 0.138408 0.237605 0.905545
0 0.22989 0.429842 0.0435558 0.209776 0.835769
0 0.916187 0.51976 0.0379349 0.194763 0.83065
0 0.226833 0.939599 0.0534591 0.120803 0.813315
0 0.0722186 0.622752 0.0414595 0.224826 0.794882
0 0.0204578 0.834608 0.0373808 0.222521 0.771295
0 0.543292 0.240047 0.0327657 0.16866 0.720727
0 0.282296 0.256254 0.0311515 0.174847 0.714651
0 0.785702 0.289541 0.0347059 0.180448 0.68254
0 0.646584 0.954246 0.0415228 0.0915078 0.677542
0 0.733751 0.642753 0.0554888 0.230915 0.669006
0 0.984757 0.345837 0.029142 0.176529 0.636558
0 0.427909 0.217625 0.0325974 0.164484 0.615106
0 0.268299 0.250189 0.0266534 0.162253 0.548766
0 0.199115 0.17268 0.0348759 0.168176 0.471889
0 0.461562 0.229201 0.028698 0.17795 0.435975
0 0.478187 0.252233 0.0291494 0.182585 0.40062
0 0.788073 0.0991783 0.0294945 0.0680165 0.397917
3 0.836679 0.607905 0.129457 0.157358 0.396781
0 0.276178 0.251543 0.0422993 0.171099 0.382424
0 0.161654 0.185924 0.0276696 0.161064 0.360786
58 0.811777 0.310454 0.0509774 0.139609 0.326397
0 0.726345 0.267807 0.0327303 0.129683 0.3218
0 0.469722 0.254908 0.0377439 0.180002 0.319324
0 0.37544 0.2521 0.036178 0.123641 0.250286
