0 0.91589 0.51877 0.0375195 0.193333 0.837119
0 0.552763 0.68567 0.0391683 0.21982 0.828631
2 0.691215 0.408639 0.139121 0.234657 0.823508
0 0.17051 0.577841 0.0433558 0.212677 0.822253
0 0.589472 0.675144 0.0441994 0.233544 0.796673
0 0.476609 0.9401 0.037044 0.1198 0.707337
0 0.846699 0.657746 0.0497345 0.212676 0.704277
0 0.246264 0.297036 0.0298027 0.162015 0.668426
0 0.219847 0.300188 0.0261284 0.154293 0.574678
0 0.331391 0.652695 0.0357838 0.225881 0.54715
0 0.261723 0.157469 0.0341432 0.176408 0.443429
0 0.160274 0.252774 0.0252648 0.1618 0.440547
0 0.760425 0.131266 0.0290405 0.139699 0.366623
3 0.706251 0.191661 0.0944277 0.0930257 0.321536
0 0.20052 0.176801 0.0255072 0.149306 0.302316
3 0.809363 0.607897 0.0696716 0.135887 0.302269
0 0.694528 0.085216 0.0423626 0.166289 0.265415
0 0.190926 0.253128 0.0262012 0.161499 0.257829
0 0.299845 0.19371 0.0284263 0.149097 0.255778
0 0.23336 0.162131 0.0266526 0.158011 0.253081
