2 0.691537 0.409253 0.138818 0.2384 0.833668
0 0.215988 0.607979 0.0414947 0.230283 0.818701
0 0.672801 0.887482 0.0432875 0.225037 0.812231
0 0.917234 0.518329 0.0436287 0.196049 0.810608
0 0.854721 0.210848 0.036743 0.169436 0.800756
0 0.717062 0.879084 0.0483856 0.23949 0.765525
0 0.450553 0.928034 0.0419529 0.140642 0.759223
0 0.175284 0.447572 0.0343771 0.196514 0.734416
0 0.266365 0.209185 0.0300103 0.169797 0.698904
0 0.788136 0.0655535 0.0326675 0.127695 0.688209
0 0.145189 0.274387 0.0299201 0.185259 0.560998
0 0.843628 0.658627 0.0578833 0.213165 0.44374
0 0.432166 0.208667 0.0266554 0.158497 0.441967
3 0.701233 0.191065 0.101119 0.111371 0.441909
0 0.233911 0.213983 0.0227793 0.146696 0.433861
0 0.557987 0.0442799 0.0334337 0.0864689 0.391003
0 0.16965 0.276742 0.0300152 0.156101 0.371431
1 0.702617 0.19529 0.0975788 0.101824 0.363385
58 0.34603 0.308607 0.0492509 0.112101 0.32956
3 0.840364 0.60074 0.128306 0.1538 0.303277
