2 0.691561 0.408583 0.138656 0.237533 0.896768
0 0.219523 0.470886 0.042641 0.215694 0.829728
0 0.917009 0.520104 0.0382908 0.195071 0.806275
0 0.0730763 0.622921 0.0418372 0.225131 0.767981
0 0.958187 0.300286 0.0339046 0.174453 0.723107
0 0.427839 0.217255 0.0325832 0.162148 0.680552
0 0.294317 0.232082 0.0314855 0.17155 0.678486
0 0.613845 0.95019 0.0296551 0.0996197 0.635965
0 0.735555 0.643501 0.0587472 0.230191 0.594386
0 0.48145 0.205363 0.0450554 0.167547 0.587594
3 0.836329 0.606132 0.130461 0.161142 0.583161
0 0.85641 0.310295 0.0333031 0.165097 0.580981
0 0.727453 0.635524 0.0431129 0.212797 0.489638
0 0.14375 0.436447 0.0284817 0.187896 0.451364
0 0.197788 0.17548 0.0300459 0.161397 0.444353
0 0.270266 0.21621 0.0296269 0.15645 0.443709
0 0.555562 0.215106 0.0292521 0.161883 0.437276
0 0.0132056 0.889366 0.0262969 0.219325 0.390628
0 0.752403 0.304046 0.035976 0.175321 0.38099
0 0.123192 0.442935 0.0305689 0.169499 0.338144
0 0.556341 0.241401 0.024016 0.109722 0.324461
0 0.787814 0.0991503 0.0270765 0.0671958 0.310636
0 0.162154 0.193244 0.0268269 0.144369 0.289403
24 0.146211 0.398772 0.0204976 0.071983 0.261657
