0 0.915683 0.518719 0.038208 0.193384 0.843498
2 0.69139 0.409215 0.139072 0.235918 0.842093
0 0.56356 0.620322 0.0433945 0.226545 0.818766
0 0.523579 0.633947 0.0369146 0.209637 0.817118
0 0.163895 0.620928 0.040979 0.212613 0.801252
0 0.846723 0.658613 0.0518703 0.213015 0.726258
0 0.471418 0.933016 0.0342281 0.133969 0.71384
0 0.782893 0.105638 0.0312315 0.131082 0.613221
0 0.243321 0.326587 0.0321393 0.175248 0.587811
0 0.427414 0.206564 0.0349911 0.16453 0.580235
0 0.213178 0.32485 0.0283088 0.152092 0.533203
0 0.863936 0.0698628 0.0241816 0.136016 0.526152
0 0.260781 0.177897 0.033352 0.193569 0.47924
0 0.75337 0.109099 0.0310766 0.148483 0.474209
0 0.165057 0.248395 0.0317477 0.164233 0.452887
0 0.567284 0.0392489 0.0266031 0.0731665 0.350233
0 0.694654 0.0845035 0.0431969 0.1639 0.318301
0 0.305578 0.185046 0.0302388 0.160545 0.316478
3 0.701996 0.194789 0.0988004 0.106546 0.302666
0 0.191471 0.250101 0.0256373 0.160273 0.287045
1 0.7036 0.198053 0.0945328 0.0997064 0.276986
58 0.345302 0.306863 0.0472654 0.109733 0.27529
3 0.809504 0.608405 0.069734 0.135408 0.263001
1 0.722709 0.197239 0.0577765 0.0924037 0.261061
0 0.375767 0.260786 0.0384615 0.125805 0.258453
