2 0.691249 0.41055 0.138907 0.232604 0.880326
0 0.916063 0.520672 0.0382336 0.195751 0.849483
0 0.24149 0.287248 0.0386669 0.188846 0.79346
0 0.285653 0.392955 0.0424097 0.196907 0.770061
0 0.132916 0.591149 0.0316992 0.189482 0.753391
0 0.520866 0.922642 0.0337457 0.15025 0.733729
0 0.0616811 0.712025 0.0470516 0.221092 0.702247
0 0.329181 0.377456 0.0300363 0.155677 0.699974
0 0.480118 0.228091 0.0378164 0.178971 0.693605
0 0.614926 0.212671 0.0301203 0.169751 0.685007
0 0.229842 0.669952 0.0456151 0.218754 0.672704
0 0.735257 0.643288 0.0556894 0.230824 0.633478
0 0.64544 0.208864 0.0327814 0.154969 0.55556
3 0.836898 0.611825 0.126575 0.151898 0.551489
0 0.0163413 0.664744 0.0324935 0.21967 0.548555
0 0.285933 0.19715 0.0328897 0.145544 0.538259
0 0.409605 0.366896 0.0303881 0.179145 0.535968
0 0.429503 0.21813 0.033007 0.160729 0.504953
0 0.0659871 0.569434 0.0315071 0.125382 0.45215
0 0.551311 0.19976 0.0313128 0.144903 0.443205
0 0.164427 0.193561 0.0271878 0.15314 0.437699
0 0.196861 0.176622 0.0328205 0.161838 0.400979
0 0.789935 0.101089 0.0294338 0.0687718 0.39148
0 0.729768 0.63499 0.0402447 0.213958 0.389629
0 0.437429 0.371178 0.0294536 0.170807 0.389487
0 0.789368 0.131956 0.0305957 0.13154 0.278991
1 0.718166 0.197411 0.0663515 0.0872952 0.257318
