2 0.691306 0.409819 0.138768 0.232912 0.84153
0 0.157802 0.887072 0.0436199 0.222526 0.837608
0 0.122351 0.862083 0.0465838 0.254261 0.823347
0 0.913133 0.519842 0.0394306 0.191919 0.778597
0 0.938343 0.2849 0.0366318 0.162657 0.769524
0 0.440188 0.672167 0.0343956 0.231083 0.753312
0 0.526841 0.800695 0.0468768 0.238529 0.682894
0 0.788528 0.0609961 0.0300585 0.121992 0.640162
0 0.257863 0.193467 0.0321006 0.170356 0.635448
0 0.90338 0.368738 0.0361214 0.173905 0.609939
0 0.558542 0.932605 0.0399775 0.134791 0.600154
0 0.572766 0.794958 0.0380968 0.191021 0.593879
0 0.41926 0.215506 0.0294927 0.153177 0.562044
0 0.162908 0.191032 0.030997 0.156466 0.553345
0 0.882443 0.0813218 0.0322275 0.149882 0.52545
3 0.700928 0.194312 0.101766 0.103611 0.512806
0 0.10799 0.383158 0.0282602 0.169953 0.459168
0 0.216414 0.269107 0.0350721 0.183017 0.456383
0 0.251353 0.0631385 0.0316275 0.126277 0.424281
26 0.500403 0.845977 0.0299013 0.0670512 0.404092
0 0.498535 0.048609 0.0249616 0.0949637 0.394907
0 0.840557 0.660747 0.0383715 0.221127 0.385731
0 0.9861 0.308337 0.0272696 0.189997 0.383398
3 0.839357 0.606006 0.12257 0.138857 0.376859
0 0.694947 0.0860519 0.042675 0.169295 0.358718
0 0.284816 0.172336 0.0278034 0.166322 0.33492
0 0.376072 0.252521 0.0388142 0.130807 0.31257
1 0.872391 0.623546 0.0548859 0.121748 0.287966
0 0.531192 0.0508582 0.0265256 0.0936846 0.273376
1 0.702726 0.197686 0.0975737 0.0992625 0.27233
