2 0.691499 0.408273 0.139234 0.23748 0.83655
0 0.240807 0.599168 0.0328271 0.224871 0.809261
0 0.183564 0.403662 0.037609 0.185808 0.799178
0 0.916177 0.518656 0.0418392 0.196028 0.794943
0 0.861909 0.233693 0.0381531 0.16403 0.759271
0 0.719389 0.919814 0.044269 0.159973 0.676775
0 0.46897 0.930599 0.0352161 0.137946 0.674832
0 0.78785 0.0643413 0.032202 0.128683 0.656097
0 0.436007 0.211592 0.0280608 0.160724 0.624059
0 0.597416 0.963612 0.0441248 0.0727752 0.604338
0 0.261493 0.184208 0.0311673 0.164125 0.574161
0 0.763712 0.909759 0.0496454 0.180482 0.570566
0 0.845213 0.657731 0.053817 0.213819 0.54599
0 0.641796 0.968858 0.0358139 0.062284 0.459865
3 0.700991 0.191508 0.10171 0.110638 0.430124
0 0.201674 0.173905 0.0327797 0.167846 0.42212
0 0.132907 0.293857 0.030911 0.148114 0.419523
0 0.235623 0.185441 0.0236211 0.14294 0.411805
0 0.608124 0.0534358 0.0383976 0.0999531 0.387123
0 0.694347 0.0858835 0.0426662 0.168466 0.343538
1 0.700838 0.191878 0.101121 0.114302 0.332799
58 0.80936 0.311003 0.0538452 0.140599 0.324005
0 0.162457 0.195719 0.0315852 0.159867 0.318734
58 0.34592 0.308568 0.0489452 0.112302 0.315433
0 0.376511 0.260252 0.0395237 0.127027 0.305422
0 0.755365 0.911828 0.0344875 0.176343 0.258221
