2 0.691539 0.409157 0.139445 0.237629 0.835293
0 0.238422 0.600886 0.0333452 0.225748 0.800381
0 0.915734 0.518477 0.0417755 0.19524 0.780059
0 0.862464 0.233596 0.0374767 0.170033 0.770577
0 0.182798 0.406415 0.0372686 0.189079 0.770099
0 0.467008 0.930687 0.0350729 0.13835 0.69949
0 0.717356 0.916669 0.0441782 0.166661 0.694176
0 0.787808 0.0643603 0.0316273 0.127603 0.673465
0 0.760858 0.904637 0.0531559 0.188884 0.64964
0 0.435908 0.211857 0.0281325 0.160939 0.638205
0 0.595304 0.966304 0.0415112 0.0672612 0.637057
0 0.845869 0.658398 0.0528109 0.212547 0.546277
3 0.700907 0.191201 0.101094 0.111104 0.529137
0 0.60702 0.0521189 0.0391592 0.0981728 0.50349
0 0.262024 0.184511 0.0298564 0.16444 0.494378
0 0.638105 0.972461 0.0266788 0.0550781 0.412398
0 0.13399 0.290128 0.032009 0.150981 0.408562
0 0.201118 0.17612 0.0328217 0.166335 0.401805
0 0.235717 0.185783 0.0224366 0.140135 0.362371
0 0.162866 0.197448 0.0307406 0.162645 0.345955
0 0.376576 0.259639 0.0395073 0.124225 0.330639
3 0.839927 0.599867 0.12978 0.152047 0.321946
0 0.69441 0.0856504 0.0421494 0.167112 0.303103
58 0.810393 0.310896 0.0532448 0.141696 0.298432
58 0.346208 0.308483 0.0494402 0.112199 0.296189
1 0.702573 0.194074 0.0974037 0.106735 0.278509
