0 0.864564 0.263656 0.0343868 0.170652 0.857261
2 0.691314 0.410065 0.139524 0.237471 0.835321
0 0.289434 0.609525 0.0610825 0.219306 0.833182
0 0.915597 0.51751 0.0407848 0.197766 0.790949
0 0.605429 0.934288 0.052705 0.131423 0.75952
0 0.787232 0.0669953 0.0295929 0.129729 0.744989
0 0.194286 0.374542 0.0372723 0.185684 0.732107
0 0.508104 0.929801 0.0297575 0.140397 0.707939
0 0.194319 0.965692 0.0513016 0.0686166 0.642532
0 0.8094 0.950133 0.0508743 0.0991702 0.596753
0 0.43606 0.212499 0.0274795 0.161757 0.57629
0 0.766083 0.956309 0.0403435 0.087382 0.552253
0 0.844588 0.658946 0.0554564 0.211494 0.493122
0 0.201601 0.17448 0.0365702 0.173016 0.476217
0 0.251432 0.16574 0.025744 0.147063 0.472658
3 0.701351 0.194271 0.100395 0.10146 0.418825
58 0.810204 0.311237 0.0539364 0.143031 0.416426
0 0.161572 0.196441 0.0335435 0.163148 0.411234
0 0.118542 0.314661 0.0279009 0.172025 0.378384
0 0.649829 0.942105 0.0405743 0.11354 0.35645
3 0.840416 0.598317 0.127438 0.146284 0.339114
0 0.855226 0.659807 0.0349691 0.20706 0.337227
0 0.69539 0.0822152 0.0413431 0.161314 0.320618
0 0.305459 0.186738 0.0307706 0.14803 0.315776
0 0.232762 0.173345 0.0188064 0.135212 0.261187
0 0.376295 0.262948 0.0385412 0.130078 0.252381
58 0.345298 0.306192 0.0479094 0.10921 0.25059
