2 0.69138 0.409784 0.138682 0.236125 0.882117
0 0.2381 0.333042 0.0389761 0.199835 0.847472
0 0.9162 0.520734 0.0380222 0.194067 0.840307
0 0.0712754 0.621487 0.0394711 0.227926 0.812065
0 0.232719 0.772407 0.0496191 0.24373 0.77328
0 0.463582 0.272788 0.0362626 0.175479 0.755106
0 0.557993 0.920696 0.0327621 0.156868 0.752223
0 0.536807 0.201799 0.0426368 0.157316 0.750909
0 0.733997 0.647299 0.0544099 0.22503 0.719689
0 0.291756 0.345981 0.0276391 0.181392 0.673819
0 0.119104 0.665842 0.0328659 0.201314 0.644211
0 0.324396 0.332042 0.03004 0.1633 0.613532
0 0.163345 0.191128 0.026398 0.151977 0.534299
3 0.836576 0.607552 0.128898 0.157615 0.532244
0 0.198122 0.175713 0.0315762 0.160253 0.52833
0 0.411554 0.318913 0.0322029 0.163896 0.513986
0 0.683667 0.225633 0.0550554 0.14736 0.513107
0 0.340297 0.771109 0.0270877 0.14814 0.434909
0 0.610949 0.218916 0.0376501 0.140763 0.380471
0 0.268667 0.284773 0.0257061 0.114937 0.378184
0 0.615499 0.20969 0.0274306 0.122567 0.372639
0 0.427201 0.205862 0.0294744 0.136174 0.332502
0 0.270762 0.2665 0.031953 0.160222 0.323154
0 0.41765 0.321141 0.0405869 0.168737 0.320518
1 0.723944 0.19611 0.0548999 0.0824424 0.31277
0 0.432644 0.323158 0.0308874 0.172646 0.304648
0 0.376559 0.283856 0.0390526 0.185171 0.290698
0 0.78869 0.100106 0.0271841 0.0671572 0.264065
0 0.244704 0.107274 0.0295269 0.148319 0.263159
58 0.809267 0.291844 0.0535912 0.101576 0.256957
