0 0.915125 0.520418 0.0396141 0.192108 0.830505
0 0.474989 0.625976 0.0418447 0.209056 0.816088
2 0.691139 0.415987 0.138134 0.247084 0.810024
0 0.536522 0.930174 0.047702 0.139653 0.794832
0 0.169572 0.68925 0.0490311 0.233735 0.790539
0 0.25223 0.303196 0.0380428 0.17967 0.772292
0 0.412531 0.633662 0.0445983 0.223782 0.750147
0 0.517638 0.63288 0.0387798 0.189862 0.741337
0 0.216298 0.711147 0.0405025 0.228425 0.740266
0 0.539217 0.0946273 0.0283525 0.145842 0.735054
0 0.690933 0.5628 0.0382149 0.188851 0.68105
0 0.843818 0.684023 0.0440008 0.213464 0.663632
0 0.506667 0.0815089 0.0304712 0.153213 0.617437
0 0.930447 0.194826 0.0244621 0.167412 0.569287
0 0.428625 0.215822 0.030941 0.160719 0.561157
0 0.984753 0.465597 0.0298248 0.168877 0.505654
0 0.889734 0.155721 0.0316584 0.152719 0.499468
3 0.701039 0.194498 0.101428 0.0995609 0.444999
0 0.130741 0.228555 0.0351011 0.253209 0.437364
3 0.836712 0.606404 0.128007 0.156934 0.429844
0 0.452425 0.0632287 0.0238451 0.126457 0.42389
0 0.159938 0.189407 0.0321949 0.157293 0.384986
58 0.809589 0.291284 0.0532005 0.100988 0.34745
0 0.236556 0.178474 0.0237555 0.149658 0.315978
0 0.196702 0.175982 0.0340528 0.167756 0.310229
0 0.953243 0.143769 0.0429472 0.164048 0.292962
0 0.6954 0.0845653 0.0412357 0.165107 0.290152
0 0.254874 0.137316 0.0328552 0.165291 0.274993
58 0.345718 0.3074 0.0477775 0.110781 0.255407
