2 0.691446 0.409813 0.138667 0.233807 0.856604
0 0.914632 0.520812 0.0403114 0.193816 0.833891
0 0.604561 0.625967 0.0414867 0.227256 0.832117
0 0.503382 0.306458 0.0318071 0.180319 0.785991
0 0.461035 0.310069 0.0326006 0.174189 0.749242
0 0.910874 0.272739 0.0297173 0.143684 0.728836
0 0.475547 0.933905 0.0289241 0.132191 0.715683
0 0.984206 0.325699 0.03027 0.17875 0.711311
0 0.848225 0.655442 0.0468555 0.214567 0.701712
0 0.214737 0.590377 0.0404828 0.221186 0.693031
0 0.236007 0.950647 0.0522703 0.0987065 0.678912
0 0.168178 0.5935 0.0451885 0.195809 0.654686
0 0.167525 0.399445 0.0351874 0.18345 0.597571
0 0.202963 0.393659 0.0448757 0.184016 0.586356
0 0.267222 0.390451 0.0335386 0.175789 0.562307
0 0.320428 0.611217 0.0349762 0.226857 0.551283
0 0.887657 0.720249 0.0395382 0.210579 0.428079
0 0.69615 0.241088 0.0332433 0.117169 0.284103
0 0.434106 0.210332 0.0298401 0.161289 0.264712
