0 0.13233 0.806601 0.0487217 0.239615 0.844128
2 0.69155 0.412737 0.1389 0.239079 0.831159
0 0.172703 0.836076 0.0450267 0.239973 0.757683
0 0.447574 0.677813 0.0379843 0.228627 0.735435
0 0.883749 0.651659 0.0376377 0.202967 0.724108
0 0.92021 0.2547 0.0362335 0.15754 0.711561
0 0.260398 0.228077 0.0332217 0.166105 0.70959
0 0.918136 0.518768 0.0363941 0.195225 0.696742
0 0.505557 0.754396 0.0420384 0.24055 0.689379
0 0.555983 0.934042 0.0397652 0.131917 0.656536
0 0.827539 0.671436 0.0478855 0.201063 0.596174
0 0.860039 0.377875 0.0296665 0.171374 0.578318
0 0.534798 0.0610314 0.0269172 0.114433 0.557223
0 0.202988 0.176454 0.031813 0.166746 0.554272
0 0.929659 0.402238 0.03349 0.184633 0.54869
0 0.551601 0.748186 0.0390381 0.20682 0.542768
0 0.972216 0.258533 0.0411743 0.178569 0.514891
0 0.227952 0.239057 0.0287818 0.16391 0.505563
0 0.793804 0.0601636 0.0283648 0.120327 0.487528
0 0.893825 0.105092 0.0346958 0.162208 0.483412
3 0.700596 0.195094 0.102107 0.102658 0.482478
0 0.500226 0.0591071 0.0261932 0.116112 0.475106
0 0.43316 0.211063 0.0271365 0.167132 0.457142
0 0.161794 0.191758 0.0259778 0.153356 0.428745
0 0.859667 0.104546 0.0296223 0.162509 0.422844
0 0.695696 0.0868815 0.0429155 0.168681 0.369388
0 0.132155 0.185464 0.0276055 0.165559 0.33703
0 0.249621 0.0866304 0.031586 0.155856 0.322915
0 0.471457 0.0586599 0.0251925 0.112284 0.307689
0 0.374449 0.263582 0.0346843 0.133185 0.269099
1 0.684255 0.197419 0.0686597 0.109757 0.253883
