0 0.136954 0.783941 0.0481318 0.239079 0.876504
0 0.439128 0.668647 0.0476051 0.227778 0.856228
2 0.691393 0.410638 0.139023 0.235093 0.845291
0 0.179739 0.805565 0.0418228 0.230232 0.817852
0 0.255277 0.242434 0.0351906 0.18006 0.812048
0 0.497396 0.716818 0.0415308 0.226365 0.793675
0 0.55168 0.933214 0.041344 0.133572 0.747468
0 0.918867 0.247819 0.0340052 0.156503 0.719136
0 0.944542 0.417074 0.0359013 0.18621 0.696199
0 0.864895 0.387622 0.0298042 0.180702 0.67654
0 0.540383 0.730683 0.0368519 0.209945 0.674447
0 0.91308 0.520072 0.042309 0.190904 0.654438
0 0.534411 0.0651182 0.0276409 0.130236 0.617589
0 0.202596 0.181356 0.0351468 0.162172 0.595477
0 0.0849225 0.402213 0.026217 0.16611 0.587702
0 0.227353 0.227859 0.0271969 0.161314 0.552513
0 0.498963 0.0612928 0.0278767 0.122438 0.522875
0 0.433488 0.212202 0.0237742 0.16288 0.50321
3 0.700655 0.193885 0.102551 0.104546 0.495417
0 0.850592 0.608455 0.0304955 0.144656 0.484379
0 0.898121 0.116908 0.0289024 0.147469 0.430562
0 0.249866 0.0915936 0.0330806 0.14842 0.422809
0 0.829028 0.668787 0.0393894 0.2049 0.416375
0 0.953656 0.227396 0.0316328 0.149319 0.386818
0 0.868419 0.111504 0.0293156 0.157517 0.368409
0 0.696509 0.0861341 0.0447144 0.168397 0.362109
1 0.702319 0.196578 0.0993652 0.100133 0.343827
0 0.164087 0.190925 0.0332334 0.16934 0.336728
0 0.469266 0.0598737 0.0267076 0.113492 0.335941
0 0.796084 0.056956 0.0294197 0.113538 0.316641
3 0.797667 0.608893 0.0475693 0.124456 0.309199
58 0.809658 0.282873 0.0532021 0.0824469 0.298422
