0 0.643853 0.739556 0.0461426 0.233955 0.856687
0 0.196492 0.887493 0.0494714 0.225013 0.847248
2 0.691154 0.408083 0.13943 0.233148 0.827333
0 0.496471 0.377304 0.0325747 0.190622 0.821877
0 0.91464 0.518595 0.0381802 0.192891 0.802702
0 0.454073 0.386605 0.0352239 0.184544 0.794016
0 0.848998 0.65591 0.0520859 0.2155 0.771435
0 0.929333 0.735728 0.0506798 0.232281 0.765718
0 0.274763 0.318692 0.0346516 0.17043 0.745397
0 0.220857 0.500085 0.0393001 0.199555 0.743235
0 0.494158 0.934571 0.0351238 0.130857 0.704815
0 0.881493 0.204568 0.0305828 0.146591 0.702013
0 0.177076 0.510863 0.0373244 0.186696 0.689558
0 0.94546 0.248375 0.0298435 0.159379 0.687408
0 0.631935 0.184782 0.0300251 0.146293 0.629599
0 0.781402 0.22852 0.030925 0.139103 0.470794
0 0.228769 0.328884 0.0392587 0.173245 0.440155
0 0.181727 0.329455 0.0287337 0.167109 0.410206
0 0.435291 0.207847 0.0274005 0.16003 0.317194
1 0.7035 0.197965 0.0949734 0.0965815 0.294913
