2 0.691449 0.410142 0.138924 0.237164 0.854636
0 0.91611 0.521267 0.037649 0.195202 0.839673
0 0.12185 0.773038 0.046745 0.23311 0.787793
0 0.22158 0.598355 0.0439515 0.219146 0.775261
0 0.27832 0.429038 0.0384772 0.193679 0.751126
0 0.321605 0.421497 0.0297537 0.160596 0.750814
0 0.499811 0.195388 0.0358164 0.171033 0.719046
0 0.50391 0.916145 0.0322344 0.165623 0.714413
0 0.0801581 0.633991 0.0457064 0.225365 0.704163
0 0.582681 0.196204 0.033202 0.167774 0.677354
0 0.250467 0.256468 0.0371358 0.184236 0.669516
0 0.842516 0.0639519 0.0267548 0.122294 0.645554
0 0.129138 0.532442 0.0331561 0.183821 0.629144
0 0.740235 0.648295 0.0626781 0.226098 0.612074
0 0.620813 0.18729 0.0331812 0.148901 0.599569
0 0.425164 0.403683 0.0321154 0.184858 0.588705
3 0.837487 0.612302 0.126851 0.152551 0.564798
0 0.45782 0.404895 0.0340408 0.168885 0.483352
0 0.427902 0.216685 0.034597 0.163531 0.46266
0 0.74357 0.641476 0.0433268 0.2366 0.43369
0 0.162871 0.192628 0.025794 0.149383 0.421094
0 0.785741 0.118934 0.0293409 0.121681 0.384275
0 0.0931065 0.681741 0.0371298 0.146268 0.321973
1 0.691734 0.201484 0.0825005 0.102813 0.291264
0 0.0920372 0.708659 0.0378064 0.198982 0.273734
0 0.195165 0.180767 0.0314948 0.15353 0.257546
1 0.663721 0.204588 0.0294661 0.0899682 0.25547
