2 0.691053 0.409255 0.138468 0.236352 0.894039
0 0.238501 0.345717 0.0409212 0.20136 0.85173
0 0.916263 0.520027 0.0383121 0.194062 0.836366
0 0.225967 0.810516 0.0521766 0.250301 0.832179
0 0.565769 0.208401 0.0440619 0.160913 0.82565
0 0.0714273 0.619197 0.0391748 0.221538 0.794585
0 0.574372 0.927122 0.0394817 0.142989 0.751075
0 0.475562 0.275836 0.0284567 0.168662 0.727099
0 0.734221 0.647944 0.0539801 0.224783 0.723685
0 0.29202 0.330197 0.0286994 0.187913 0.717622
0 0.315657 0.317452 0.0267282 0.163736 0.653726
0 0.101121 0.68072 0.049955 0.190875 0.614732
0 0.440977 0.308335 0.0307009 0.159265 0.597167
0 0.19827 0.175029 0.0324004 0.165315 0.568419
3 0.836938 0.608076 0.127678 0.156531 0.551699
0 0.632642 0.226049 0.0290218 0.150256 0.547234
0 0.415857 0.303889 0.0275986 0.156878 0.53248
0 0.162755 0.192393 0.027068 0.149966 0.468021
0 0.340037 0.77292 0.0265642 0.142181 0.453353
0 0.704555 0.230858 0.0427177 0.136194 0.45186
0 0.788519 0.0981472 0.027837 0.0684378 0.335643
0 0.264095 0.263793 0.0274973 0.123762 0.304593
0 0.427009 0.197058 0.0321798 0.122126 0.295095
0 0.374614 0.281123 0.036157 0.186722 0.288341
58 0.809144 0.288529 0.0539726 0.0937247 0.282753
58 0.810418 0.308048 0.053871 0.134027 0.261222
