2 0.691444 0.409809 0.139391 0.235707 0.838513
0 0.123277 0.847687 0.0518868 0.250986 0.820359
0 0.160991 0.869255 0.0432617 0.229834 0.820353
0 0.518783 0.784545 0.0434309 0.23756 0.780827
0 0.911983 0.51958 0.0358982 0.190993 0.775296
0 0.448762 0.676507 0.0322393 0.231789 0.745847
0 0.933804 0.273474 0.0297295 0.168609 0.638574
0 0.258746 0.198463 0.0325761 0.173784 0.637384
0 0.562421 0.779503 0.0371883 0.194664 0.631612
0 0.886684 0.0868479 0.0314816 0.15153 0.62576
0 0.789028 0.0621115 0.0291405 0.124223 0.611178
0 0.911119 0.372262 0.0396927 0.166839 0.603871
0 0.93068 0.689849 0.0418079 0.200141 0.592036
0 0.564175 0.931885 0.0404693 0.13623 0.536192
0 0.835324 0.668074 0.0352802 0.202845 0.528507
3 0.700579 0.192554 0.102332 0.104641 0.515155
0 0.162111 0.190528 0.0287118 0.158114 0.50792
0 0.220223 0.254299 0.0303152 0.178239 0.497846
0 0.405015 0.16197 0.0366614 0.163426 0.434258
0 0.252952 0.0696343 0.032077 0.138352 0.433492
0 0.695067 0.0883922 0.0432861 0.171387 0.407093
0 0.848017 0.352895 0.0285992 0.16952 0.374252
1 0.874661 0.623961 0.0540672 0.121081 0.373921
0 0.498529 0.0567186 0.0283634 0.103987 0.367313
0 0.132923 0.187919 0.0306643 0.162555 0.360046
3 0.84002 0.605234 0.122799 0.138536 0.336895
0 0.529239 0.0558456 0.0261982 0.103379 0.328398
0 0.851858 0.0807716 0.0257378 0.151814 0.317582
0 0.984283 0.284931 0.0309727 0.176104 0.308048
0 0.421787 0.214701 0.031653 0.155684 0.288013
3 0.800464 0.605225 0.0529982 0.129066 0.266608
1 0.693375 0.196416 0.0870079 0.111897 0.261598
