0 0.915766 0.518751 0.0383595 0.193769 0.843016
2 0.691318 0.408688 0.138899 0.236046 0.842386
0 0.562624 0.616309 0.0485641 0.225781 0.821078
0 0.51686 0.627904 0.0357517 0.212989 0.818622
0 0.162835 0.633821 0.041507 0.222666 0.815522
0 0.78447 0.107647 0.0293315 0.130936 0.729746
0 0.468938 0.935171 0.0383595 0.129657 0.714631
0 0.846622 0.658302 0.0516205 0.211899 0.71121
0 0.242597 0.32717 0.0332353 0.17447 0.639677
0 0.211024 0.334888 0.0296521 0.164029 0.635205
0 0.867493 0.0714541 0.0267555 0.139068 0.58374
0 0.430365 0.207841 0.0330784 0.164064 0.565326
0 0.26128 0.184131 0.0309688 0.174279 0.516923
0 0.751485 0.105027 0.0278537 0.139911 0.4828
0 0.694646 0.0849779 0.043396 0.165738 0.414444
0 0.170515 0.248516 0.0293903 0.163482 0.359395
0 0.569138 0.0404506 0.0258827 0.0738999 0.356701
3 0.701919 0.193289 0.09995 0.106232 0.355332
0 0.234457 0.188593 0.0247149 0.151804 0.316627
58 0.809307 0.291069 0.0534199 0.102593 0.272771
0 0.336846 0.784055 0.0317524 0.136766 0.268426
58 0.345335 0.306357 0.0475393 0.10897 0.266836
1 0.722492 0.196218 0.0588688 0.0919801 0.254773
