2 0.691379 0.410332 0.138503 0.234331 0.885346
0 0.915973 0.520296 0.0379555 0.193753 0.843647
0 0.237473 0.336236 0.039871 0.201559 0.842862
0 0.071352 0.621119 0.0391289 0.228395 0.826709
0 0.233134 0.77684 0.0522763 0.240037 0.798173
0 0.733645 0.646182 0.0531992 0.224481 0.726734
0 0.116006 0.66506 0.0322424 0.197054 0.720405
0 0.545174 0.201205 0.0344629 0.157924 0.714744
0 0.560578 0.922065 0.0313082 0.153911 0.714568
0 0.29245 0.345603 0.0277817 0.184311 0.703632
0 0.323076 0.331769 0.0282581 0.164148 0.654918
0 0.686923 0.229368 0.0508642 0.138548 0.629662
0 0.464593 0.274328 0.0331856 0.1804 0.599281
3 0.836609 0.60665 0.129144 0.159197 0.599102
0 0.412942 0.318181 0.0303851 0.162369 0.552189
0 0.19789 0.171796 0.0322506 0.165753 0.484874
0 0.340241 0.771534 0.0272509 0.147993 0.480858
0 0.163562 0.192316 0.0252006 0.150136 0.455633
0 0.427277 0.201231 0.0300189 0.128671 0.415788
0 0.437398 0.315778 0.0260476 0.138951 0.360965
0 0.788755 0.099011 0.0272913 0.0683807 0.339711
0 0.248176 0.105348 0.0255578 0.144784 0.331185
0 0.61749 0.209955 0.0270712 0.119281 0.308784
58 0.809414 0.290375 0.0539074 0.0994192 0.276335
0 0.37657 0.283508 0.0384873 0.180225 0.273812
1 0.723163 0.193956 0.0566141 0.0843771 0.250045
