2 0.691734 0.410445 0.139141 0.236367 0.830128
0 0.915773 0.519422 0.0380512 0.19295 0.810048
0 0.209124 0.724921 0.0394435 0.221589 0.807054
0 0.251513 0.294802 0.0372913 0.187477 0.802636
0 0.163198 0.707544 0.0477566 0.236269 0.771703
0 0.547618 0.928144 0.0437332 0.143713 0.768349
0 0.48107 0.638195 0.0413569 0.211276 0.756416
0 0.420059 0.643503 0.0372709 0.230541 0.7242
0 0.719059 0.57817 0.0351482 0.179051 0.723001
0 0.5218 0.657098 0.0410637 0.207405 0.717373
0 0.538946 0.0848612 0.0287319 0.141745 0.710008
0 0.503518 0.0741042 0.0296156 0.145871 0.646188
0 0.898371 0.166645 0.0360039 0.159436 0.574977
0 0.427847 0.216493 0.0316168 0.157976 0.535782
0 0.836114 0.682845 0.0310036 0.216319 0.527717
0 0.891426 0.424305 0.0340813 0.159956 0.495247
0 0.983518 0.457723 0.0322044 0.174527 0.458517
3 0.701145 0.19531 0.100817 0.0992665 0.448591
3 0.835423 0.600872 0.126886 0.158127 0.448229
0 0.161312 0.193374 0.0324287 0.149077 0.426303
0 0.251369 0.132727 0.0333978 0.161681 0.394038
0 0.92832 0.212395 0.028323 0.169688 0.355816
0 0.197131 0.185514 0.0339561 0.145765 0.331957
0 0.891308 0.393461 0.0313002 0.101157 0.322453
58 0.809747 0.287343 0.0537018 0.0920976 0.308977
1 0.871678 0.626352 0.0551464 0.113035 0.305101
0 0.0657394 0.419428 0.041718 0.15128 0.288338
0 0.894711 0.173691 0.027417 0.141783 0.285007
0 0.458175 0.0641094 0.0219767 0.126768 0.279599
0 0.695892 0.0845249 0.041372 0.16474 0.258442
