2 0.691688 0.408532 0.139078 0.238055 0.90355
0 0.216707 0.483898 0.0434171 0.221602 0.81713
0 0.575745 0.278729 0.0477827 0.157366 0.796683
0 0.298012 0.223427 0.0309459 0.169125 0.775109
0 0.919216 0.521491 0.0399937 0.197937 0.75631
0 0.0730023 0.622521 0.0403535 0.22613 0.730965
0 0.951997 0.273864 0.0311123 0.174409 0.684629
0 0.600743 0.951615 0.0381266 0.0967697 0.677518
0 0.428651 0.21482 0.0333109 0.162538 0.665361
0 0.863308 0.32609 0.0324833 0.173041 0.634456
0 0.739236 0.643149 0.0658225 0.23128 0.609592
0 0.27304 0.202277 0.0308058 0.156518 0.593838
0 0.133946 0.460801 0.0424503 0.18153 0.59102
3 0.836278 0.606044 0.129478 0.161504 0.5362
0 0.562052 0.198542 0.0321005 0.147573 0.533473
0 0.727476 0.634359 0.0420382 0.212724 0.486079
0 0.474124 0.19942 0.0262864 0.156238 0.446829
0 0.197025 0.172995 0.0337023 0.168359 0.420868
0 0.150865 0.431396 0.0248392 0.173249 0.414794
0 0.491356 0.200446 0.0233757 0.148273 0.413609
0 0.758794 0.303672 0.0425783 0.155645 0.328894
0 0.787906 0.0995832 0.0280231 0.0687624 0.322782
0 0.0111227 0.901165 0.0221037 0.196134 0.313498
58 0.812072 0.311674 0.0527802 0.154187 0.2711
0 0.229073 0.159114 0.0261345 0.156715 0.268686
58 0.347778 0.310987 0.0522164 0.117928 0.263578
