2 0.691204 0.410317 0.13905 0.234305 0.847899
0 0.91587 0.521206 0.0381203 0.195534 0.840138
0 0.283023 0.404532 0.0354074 0.194567 0.797753
0 0.507996 0.918819 0.0353908 0.16215 0.770737
0 0.230673 0.647459 0.0466863 0.228251 0.764691
0 0.48854 0.219668 0.0362923 0.174089 0.733563
0 0.601261 0.207778 0.0281181 0.165579 0.732819
0 0.0894995 0.729802 0.0503203 0.221817 0.708195
0 0.0508884 0.688183 0.0471612 0.220079 0.678935
0 0.242419 0.272875 0.0363093 0.187388 0.671608
0 0.733771 0.645081 0.0535299 0.230418 0.66009
0 0.326796 0.401062 0.0324243 0.169969 0.61541
0 0.415605 0.381728 0.0392878 0.179423 0.597481
0 0.128399 0.568335 0.0295372 0.186705 0.547011
0 0.634623 0.202364 0.0276382 0.147482 0.54415
3 0.836429 0.612345 0.12758 0.153429 0.520339
0 0.0702886 0.577489 0.0404991 0.134391 0.486591
0 0.443275 0.386579 0.033134 0.174784 0.45649
0 0.428885 0.220761 0.0331244 0.158016 0.445153
0 0.791201 0.100946 0.0282919 0.0708803 0.348239
0 0.163172 0.1928 0.0258528 0.15121 0.305884
