2 0.690606 0.409187 0.138503 0.235456 0.84899
0 0.457049 0.939234 0.043483 0.121532 0.840314
0 0.65733 0.776019 0.0421601 0.239941 0.821025
0 0.612377 0.795822 0.0443729 0.226998 0.81777
0 0.918353 0.517985 0.043001 0.194144 0.815676
0 0.248421 0.627076 0.0370901 0.228496 0.803738
0 0.173043 0.496619 0.0379884 0.199424 0.792555
0 0.847268 0.658339 0.0491299 0.212832 0.75308
0 0.185693 0.266496 0.0282641 0.161025 0.558796
0 0.260537 0.234466 0.0347113 0.187722 0.536092
0 0.786593 0.0623426 0.0326984 0.116742 0.506038
0 0.847786 0.175943 0.0283957 0.158679 0.40211
0 0.421911 0.207971 0.0268959 0.156574 0.370869
3 0.701649 0.193216 0.0999095 0.102259 0.363787
3 0.808813 0.609673 0.0693449 0.132956 0.340894
0 0.848099 0.143748 0.0271143 0.0957263 0.323448
0 0.489611 0.0353075 0.0197399 0.0674475 0.298015
0 0.229881 0.248751 0.023726 0.139427 0.286433
58 0.345018 0.305454 0.0466599 0.107631 0.284921
0 0.14779 0.27107 0.0270108 0.143818 0.281049
0 0.164159 0.197112 0.0286624 0.145717 0.253899
