2 0.691413 0.409519 0.139106 0.235904 0.815128
0 0.42175 0.666148 0.0471741 0.227956 0.812154
0 0.888561 0.346788 0.0389572 0.184799 0.748108
0 0.915593 0.51857 0.0349978 0.191644 0.73769
0 0.147868 0.907213 0.0493472 0.185575 0.720993
0 0.953955 0.298883 0.0339367 0.1624 0.688383
0 0.587713 0.851458 0.0445578 0.226169 0.678791
0 0.54621 0.93379 0.0548136 0.132421 0.676887
0 0.214572 0.287537 0.0332752 0.181302 0.670105
0 0.429282 0.185463 0.0389133 0.222781 0.661377
0 0.790513 0.0662721 0.0314795 0.128693 0.638236
0 0.547114 0.811737 0.0405155 0.174083 0.584893
3 0.700657 0.194849 0.102193 0.102122 0.563179
0 0.116315 0.362935 0.0344497 0.16905 0.470959
0 0.0870308 0.364475 0.0271736 0.154687 0.459073
0 0.253618 0.166771 0.0315361 0.163504 0.457799
0 0.46763 0.0529738 0.0255808 0.0948676 0.454869
0 0.16253 0.179118 0.0310048 0.179338 0.448501
0 0.845671 0.664347 0.039558 0.198429 0.408804
0 0.695527 0.0847604 0.0415178 0.167979 0.367069
0 0.498063 0.0439398 0.0228287 0.082076 0.358326
58 0.811163 0.304684 0.0569603 0.128304 0.324489
0 0.879288 0.0673392 0.0298458 0.134678 0.311997
0 0.376168 0.256107 0.0393627 0.128748 0.309953
58 0.34474 0.305284 0.047052 0.106472 0.290426
0 0.850215 0.66302 0.0273212 0.199567 0.283368
3 0.839748 0.609282 0.126323 0.132801 0.26396
