0 0.867589 0.279656 0.0375078 0.17326 0.82395
2 0.69129 0.409612 0.139334 0.233772 0.814427
0 0.191013 0.944352 0.0514575 0.111296 0.796971
0 0.914266 0.519048 0.0417778 0.195764 0.794608
0 0.529775 0.937494 0.0331916 0.125011 0.74254
0 0.597998 0.919155 0.0412778 0.16169 0.676054
0 0.202683 0.359731 0.0328076 0.183948 0.659276
0 0.321723 0.612235 0.0411818 0.220901 0.630821
0 0.787894 0.0671277 0.0309502 0.129249 0.610448
0 0.435273 0.21313 0.02889 0.163126 0.552803
0 0.149729 0.974696 0.0377495 0.050609 0.515226
0 0.843319 0.659336 0.0602859 0.210841 0.508392
0 0.203175 0.172613 0.031562 0.171447 0.495081
0 0.640085 0.92566 0.0390973 0.14868 0.427486
0 0.107292 0.325488 0.0305975 0.163024 0.363002
0 0.163077 0.186903 0.0312686 0.166128 0.361335
3 0.700598 0.194116 0.102333 0.0991766 0.359981
3 0.840976 0.597087 0.124108 0.151528 0.335269
0 0.145543 0.325646 0.0261008 0.151826 0.32983
58 0.809609 0.29737 0.0530565 0.113086 0.303951
0 0.141054 0.3266 0.0375862 0.153893 0.296601
0 0.856642 0.656555 0.0358952 0.211829 0.273103
0 0.37598 0.259916 0.0381487 0.121465 0.26126
0 0.243583 0.149121 0.0244069 0.158594 0.260686
