2 0.691357 0.410626 0.139325 0.235 0.876204
0 0.916237 0.520622 0.0381495 0.194575 0.837361
0 0.238045 0.330052 0.0380999 0.198499 0.835095
0 0.0711123 0.622034 0.0388806 0.227738 0.807175
0 0.555776 0.920411 0.0324984 0.158132 0.768384
0 0.234771 0.757813 0.0462403 0.227369 0.767692
0 0.533988 0.204152 0.0449323 0.158458 0.721584
0 0.734092 0.64872 0.0538603 0.222663 0.703913
0 0.462317 0.268202 0.035873 0.174051 0.696614
0 0.290633 0.347677 0.0289992 0.186074 0.668896
0 0.324746 0.332967 0.0308971 0.166627 0.616279
0 0.122983 0.654711 0.0300746 0.190799 0.606038
0 0.410352 0.32002 0.0322787 0.176022 0.577241
3 0.836669 0.609203 0.128234 0.155462 0.550035
0 0.163505 0.191558 0.0262555 0.152419 0.545589
0 0.612698 0.219681 0.0307432 0.14117 0.537745
0 0.197986 0.175388 0.0324136 0.162133 0.503993
0 0.340522 0.768968 0.0268699 0.145388 0.457417
0 0.434036 0.331053 0.0288337 0.164375 0.425748
0 0.676379 0.211333 0.0530518 0.170468 0.371486
0 0.427284 0.203281 0.0294636 0.13138 0.350304
0 0.376277 0.287543 0.0391451 0.188639 0.346232
0 0.244024 0.108291 0.0312528 0.150644 0.296385
58 0.809288 0.289536 0.0533689 0.0946189 0.296076
26 0.21585 0.754983 0.0129095 0.0436501 0.289711
1 0.722948 0.195134 0.0569383 0.0836779 0.287118
