0 0.490331 0.561601 0.036096 0.201991 0.871852
0 0.915078 0.519402 0.0402153 0.194197 0.857581
0 0.164955 0.692984 0.044769 0.230367 0.843415
2 0.691207 0.409946 0.138928 0.236514 0.832262
0 0.534249 0.549229 0.0429444 0.212114 0.804154
0 0.240525 0.367229 0.0327146 0.178856 0.785193
0 0.482937 0.936378 0.0414147 0.127245 0.775749
0 0.742957 0.959379 0.0478241 0.0812427 0.720611
0 0.847097 0.657578 0.0498291 0.215403 0.71716
0 0.43511 0.209142 0.0367166 0.161143 0.658325
0 0.197923 0.373338 0.037259 0.161803 0.646501
0 0.88795 0.112112 0.0255568 0.150288 0.610384
0 0.745614 0.082372 0.0308289 0.139484 0.599598
0 0.834944 0.0747081 0.0254814 0.110102 0.569081
0 0.695475 0.0856574 0.0442299 0.167651 0.511943
0 0.580816 0.0627244 0.0297733 0.121329 0.420568
0 0.262171 0.214808 0.0320566 0.160937 0.346516
0 0.178512 0.242446 0.0308527 0.16812 0.340652
3 0.7016 0.193189 0.100122 0.107849 0.31234
0 0.799281 0.0611894 0.0305895 0.117195 0.31144
1 0.702836 0.196255 0.0973902 0.100233 0.298034
3 0.80966 0.607619 0.0708273 0.130406 0.292671
0 0.231395 0.220982 0.0248157 0.149553 0.290294
0 0.781447 0.134887 0.0277514 0.135368 0.266675
