0 0.724115 0.926035 0.0539243 0.14793 0.849261
2 0.691389 0.408887 0.138609 0.234255 0.818553
0 0.915803 0.518927 0.0383238 0.190777 0.811017
0 0.477888 0.522432 0.0324985 0.202583 0.776589
0 0.523591 0.514265 0.0436609 0.21171 0.775205
0 0.175126 0.727667 0.0401204 0.224065 0.752295
0 0.933775 0.739844 0.0435921 0.223409 0.712083
0 0.590611 0.0820368 0.0315567 0.147815 0.704037
0 0.23577 0.393225 0.0342834 0.176689 0.695552
0 0.495013 0.933623 0.0391878 0.132755 0.694653
0 0.849352 0.657289 0.047884 0.212528 0.645202
0 0.194782 0.397871 0.0312051 0.158288 0.604843
0 0.900946 0.147316 0.0263386 0.146897 0.539483
0 0.262128 0.24449 0.0364608 0.183084 0.485705
0 0.434697 0.208106 0.0318385 0.160909 0.46532
0 0.183562 0.239725 0.0373463 0.177782 0.445334
0 0.754204 0.0670835 0.0263367 0.130157 0.407875
0 0.695035 0.0836928 0.0428345 0.164124 0.372811
2 0.0569831 0.3314 0.0616843 0.134736 0.322538
0 0.221219 0.247022 0.0229799 0.14875 0.318029
0 0.842529 0.0918498 0.0235699 0.0983065 0.282522
58 0.809455 0.283019 0.0529108 0.0849174 0.282466
3 0.810336 0.607759 0.071711 0.132193 0.275208
3 0.701451 0.193547 0.0998615 0.102223 0.259976
