0 0.914334 0.518879 0.0407665 0.194384 0.852871
2 0.69129 0.409337 0.13892 0.23632 0.836776
0 0.493251 0.574305 0.0354497 0.210167 0.836306
0 0.537263 0.561641 0.0450949 0.216442 0.821035
0 0.163405 0.677089 0.0447945 0.220958 0.804527
0 0.477533 0.936808 0.0411251 0.126383 0.772636
0 0.240718 0.363338 0.0332611 0.170959 0.730785
0 0.848088 0.659018 0.0491623 0.215474 0.724452
0 0.198836 0.365248 0.0340467 0.156434 0.700084
0 0.887534 0.106344 0.0279346 0.150307 0.688152
0 0.746818 0.967857 0.0441776 0.0642861 0.655461
0 0.435656 0.209026 0.0362467 0.160557 0.626424
0 0.261479 0.216269 0.0336194 0.174972 0.538844
0 0.744888 0.0849173 0.030118 0.145289 0.532017
0 0.578981 0.0592672 0.0298537 0.118534 0.489209
0 0.695447 0.0850515 0.0437157 0.165861 0.411968
0 0.232579 0.217674 0.0252108 0.154723 0.366091
0 0.178117 0.242064 0.0325226 0.168587 0.351505
0 0.83292 0.0724552 0.0240089 0.110856 0.341556
1 0.723469 0.196906 0.056197 0.0897599 0.329466
0 0.375991 0.258231 0.0380456 0.12575 0.31418
0 0.135188 0.193285 0.0291776 0.154144 0.303966
0 0.799149 0.0619972 0.0306938 0.10972 0.284662
