2 0.691487 0.409758 0.139277 0.236282 0.804558
0 0.424855 0.671356 0.0494566 0.231621 0.794634
0 0.913665 0.518458 0.0395329 0.192545 0.774246
0 0.887201 0.354826 0.0453032 0.176844 0.75991
0 0.149741 0.903547 0.0463506 0.192905 0.744098
0 0.948978 0.296432 0.030402 0.159293 0.718333
0 0.539804 0.816483 0.0465923 0.206992 0.70062
0 0.58044 0.838884 0.0438469 0.230425 0.675859
0 0.216056 0.28999 0.0290551 0.175824 0.671556
0 0.55388 0.933485 0.0457454 0.133029 0.666377
0 0.425222 0.186967 0.0364288 0.220569 0.638496
0 0.112712 0.369619 0.0338902 0.182467 0.622145
0 0.790975 0.0627984 0.0296963 0.125597 0.616061
3 0.70057 0.196037 0.102627 0.104317 0.533953
0 0.130131 0.874589 0.0455013 0.229293 0.500761
0 0.467741 0.0518665 0.0267276 0.0936468 0.455228
0 0.879304 0.0729527 0.0292355 0.143636 0.445699
0 0.253653 0.177301 0.0303693 0.168961 0.43942
0 0.163488 0.180682 0.0310397 0.180206 0.433255
0 0.847904 0.658036 0.0336378 0.21267 0.427665
0 0.695099 0.0873089 0.0434061 0.171687 0.370762
0 0.498937 0.0450843 0.0237715 0.0837633 0.327648
58 0.344664 0.304177 0.0471139 0.10345 0.292134
3 0.839089 0.607477 0.128287 0.13328 0.28533
58 0.811386 0.311565 0.0544252 0.141227 0.279497
1 0.701702 0.198511 0.10002 0.099047 0.271604
0 0.375423 0.258131 0.0382028 0.127457 0.258186
0 0.52782 0.0457975 0.0282484 0.0853307 0.251364
0 0.0865754 0.36674 0.0265385 0.158563 0.250756
