2 0.691501 0.411585 0.139048 0.23571 0.853272
0 0.915924 0.520939 0.0377522 0.193302 0.847334
0 0.247085 0.513322 0.0356591 0.201315 0.786998
0 0.202869 0.910667 0.050979 0.178667 0.774632
0 0.291546 0.529511 0.0352553 0.189535 0.770336
0 0.536274 0.156224 0.0307344 0.162134 0.750613
0 0.191082 0.65259 0.0504715 0.226606 0.750005
0 0.50217 0.918955 0.0394781 0.16209 0.740233
0 0.135519 0.435182 0.0329266 0.173029 0.734879
0 0.481272 0.488742 0.0337671 0.175658 0.699073
0 0.804791 0.664965 0.053207 0.222261 0.671042
0 0.500953 0.123711 0.0304844 0.158402 0.668399
0 0.897302 0.115441 0.0312801 0.142343 0.576812
0 0.222645 0.815229 0.0576143 0.134763 0.545335
0 0.564418 0.150195 0.0269614 0.149024 0.544875
0 0.451682 0.485983 0.0371313 0.180724 0.530891
0 0.223123 0.480031 0.0350802 0.211085 0.471804
1 0.863282 0.628374 0.0738058 0.112503 0.372738
0 0.428342 0.19518 0.038782 0.207086 0.358061
0 0.255979 0.200554 0.035254 0.176449 0.351486
0 0.232413 0.114702 0.030473 0.148428 0.336136
0 0.768276 0.0708486 0.0296328 0.122879 0.32639
0 0.703559 0.283922 0.0187999 0.0390872 0.287822
1 0.664893 0.205151 0.0328005 0.0904084 0.271334
0 0.69478 0.086253 0.0423949 0.167478 0.256882
