0 0.653304 0.779429 0.0457287 0.248236 0.866741
0 0.195509 0.868208 0.0468348 0.248421 0.836862
2 0.691122 0.408301 0.139298 0.233739 0.832888
0 0.457438 0.40821 0.0310881 0.193891 0.81002
0 0.91437 0.518468 0.0379162 0.1924 0.797345
0 0.500111 0.393596 0.0344308 0.189886 0.782707
0 0.874129 0.191876 0.0304655 0.149598 0.765049
0 0.847965 0.65651 0.0525089 0.213472 0.75703
0 0.929116 0.734266 0.0486866 0.225766 0.753122
0 0.619663 0.168822 0.0340591 0.155501 0.746095
0 0.274168 0.307135 0.0327059 0.169101 0.740812
0 0.500244 0.931174 0.0377802 0.137652 0.707429
0 0.221729 0.483908 0.0395651 0.197778 0.704263
0 0.938611 0.225049 0.0303606 0.143149 0.620859
0 0.185016 0.487742 0.0296351 0.176205 0.591076
0 0.233857 0.318654 0.0322952 0.177161 0.47932
0 0.1862 0.320966 0.0325157 0.162825 0.457214
0 0.434825 0.208512 0.0280114 0.160435 0.41524
0 0.783338 0.214482 0.0325575 0.135099 0.363399
1 0.703026 0.197705 0.0964653 0.100541 0.358186
0 0.255841 0.142529 0.0370026 0.162415 0.293998
3 0.701684 0.196371 0.0995405 0.0989667 0.286162
58 0.345052 0.303003 0.0481906 0.102837 0.283935
3 0.804053 0.606888 0.0596376 0.124954 0.269069
0 0.164096 0.19629 0.0318135 0.157886 0.261051
