0 0.236958 0.401152 0.041958 0.209961 0.896066
2 0.691358 0.409114 0.138409 0.234588 0.885447
0 0.228953 0.902861 0.0530351 0.194278 0.869501
0 0.916173 0.519825 0.038129 0.194056 0.837159
0 0.634169 0.944618 0.0440401 0.110765 0.813272
0 0.0721078 0.621691 0.0402901 0.226467 0.794149
0 0.27882 0.282702 0.0400387 0.182122 0.758327
0 0.528986 0.257916 0.0316623 0.178281 0.747124
0 0.733364 0.644513 0.0542058 0.22943 0.727398
0 0.0280779 0.773347 0.0386501 0.214147 0.724381
0 0.758362 0.272968 0.031686 0.172321 0.700309
0 0.428953 0.216192 0.0267751 0.1549 0.622356
0 0.451662 0.252088 0.0244638 0.168932 0.4982
0 0.407571 0.257795 0.0262112 0.159181 0.4867
3 0.836929 0.608375 0.128932 0.156213 0.481353
0 0.697654 0.24071 0.0351181 0.11063 0.457776
0 0.784653 0.258764 0.0275476 0.137729 0.432822
0 0.166167 0.191967 0.0293545 0.155135 0.430988
0 0.239339 0.0901801 0.0271158 0.147617 0.424875
0 0.788112 0.0992709 0.0279079 0.0682731 0.41429
0 0.198255 0.176934 0.0324308 0.159867 0.357189
0 0.473304 0.255176 0.0247423 0.153013 0.35648
0 0.406915 0.235225 0.0198865 0.123904 0.339651
0 0.122915 0.19202 0.0270814 0.139018 0.336349
0 0.374343 0.253408 0.0347146 0.115922 0.313288
58 0.81055 0.311 0.0513916 0.137784 0.302437
0 0.657755 0.222637 0.0275673 0.145629 0.300517
0 0.340972 0.772093 0.0250106 0.148178 0.28644
