0 0.221274 0.602569 0.0567799 0.224114 0.836232
2 0.69123 0.411715 0.139294 0.240926 0.821373
0 0.916431 0.518979 0.0443192 0.195087 0.809359
0 0.694753 0.902269 0.0476149 0.190072 0.795537
0 0.862241 0.223798 0.0372293 0.160012 0.756078
0 0.180344 0.426233 0.0361969 0.196296 0.732295
0 0.456358 0.928755 0.0326602 0.141354 0.730644
0 0.265003 0.199 0.0292506 0.166982 0.667555
0 0.7414 0.896818 0.0564035 0.204529 0.665253
0 0.435833 0.212822 0.0273022 0.159944 0.621225
0 0.787615 0.0669572 0.032656 0.129967 0.597397
0 0.135629 0.292431 0.0281579 0.165099 0.50357
3 0.701092 0.191065 0.101438 0.112466 0.478117
0 0.234556 0.201999 0.0228993 0.14558 0.473538
0 0.694962 0.0880866 0.0420935 0.169776 0.455329
0 0.845043 0.65958 0.0555307 0.212759 0.453102
0 0.586589 0.983735 0.0221401 0.0325303 0.42614
3 0.840057 0.600507 0.126722 0.154588 0.376106
58 0.347849 0.308473 0.0529884 0.109183 0.328207
0 0.58254 0.0484117 0.0401318 0.0897486 0.307507
0 0.161583 0.290703 0.0329671 0.16621 0.294734
0 0.635694 0.984356 0.0265282 0.0312875 0.283558
0 0.200662 0.178413 0.0333959 0.165217 0.267756
0 0.853275 0.657717 0.0406376 0.213274 0.25163
