2 0.691256 0.410712 0.138943 0.23359 0.874213
0 0.915948 0.520996 0.038184 0.195702 0.83601
0 0.236923 0.696189 0.0461802 0.232015 0.813593
0 0.237839 0.299018 0.0379322 0.194669 0.796576
0 0.527796 0.92663 0.0335355 0.146741 0.752439
0 0.136537 0.605312 0.034398 0.189425 0.749985
0 0.733629 0.644388 0.0526466 0.230262 0.731604
0 0.288595 0.377414 0.0359297 0.187846 0.726906
0 0.0488542 0.694873 0.0587804 0.230355 0.720627
0 0.475094 0.245197 0.0391259 0.17695 0.663795
0 0.409845 0.351306 0.0317909 0.183739 0.64532
0 0.6271 0.219906 0.0385574 0.162054 0.633256
3 0.837098 0.611299 0.128036 0.152445 0.585005
0 0.329309 0.364835 0.0299938 0.169471 0.543939
0 0.435997 0.361318 0.0331074 0.163199 0.53977
0 0.0686667 0.607983 0.0382609 0.202959 0.531151
0 0.198305 0.177801 0.030719 0.16011 0.499616
3 0.709991 0.192979 0.0836489 0.0920575 0.487172
0 0.428017 0.215752 0.0320174 0.155116 0.465782
0 0.569765 0.204788 0.029213 0.141299 0.441389
0 0.165258 0.193109 0.0270508 0.156275 0.440212
0 0.788513 0.101332 0.0271929 0.0681021 0.264924
0 0.569136 0.179504 0.02663 0.0896693 0.261915
