0 0.915985 0.521332 0.0378448 0.194559 0.853013
2 0.691432 0.410967 0.139314 0.236161 0.847024
0 0.242168 0.536424 0.0406909 0.208659 0.799064
0 0.285504 0.535062 0.0369939 0.191889 0.787937
0 0.504333 0.920073 0.0346272 0.159674 0.725755
0 0.20583 0.648933 0.0439932 0.224721 0.723614
0 0.531421 0.148121 0.0303471 0.162416 0.720486
0 0.137601 0.420618 0.030268 0.171325 0.716542
0 0.499646 0.11206 0.0325144 0.155317 0.715874
0 0.21708 0.921635 0.0556767 0.15673 0.696739
0 0.816172 0.671816 0.0430122 0.218356 0.658412
0 0.558775 0.143252 0.0270439 0.142929 0.652128
0 0.907114 0.125222 0.029771 0.138185 0.622169
0 0.455869 0.497816 0.0393347 0.189832 0.60237
0 0.485521 0.500078 0.0304273 0.174485 0.503871
0 0.42724 0.208699 0.0326742 0.178569 0.478203
0 0.226419 0.832212 0.0404166 0.133096 0.465212
0 0.767238 0.0624216 0.0294466 0.124816 0.456849
0 0.22813 0.416602 0.0464323 0.124927 0.422574
0 0.252707 0.195235 0.0356218 0.169263 0.378125
0 0.158472 0.196902 0.0322857 0.157045 0.32539
0 0.695403 0.0870479 0.0413719 0.170934 0.297689
0 0.833818 0.0518165 0.0202042 0.0977524 0.282446
0 0.491084 0.400794 0.0254826 0.0957638 0.276385
1 0.861009 0.630147 0.0677639 0.108186 0.257383
1 0.702877 0.200387 0.096929 0.0960991 0.252845
