0 0.563292 0.620183 0.0462384 0.227257 0.84816
2 0.691397 0.408734 0.138964 0.235592 0.844354
0 0.915784 0.518631 0.0379688 0.193872 0.843746
0 0.521871 0.630693 0.0366327 0.211706 0.822877
0 0.163661 0.619416 0.0403516 0.205179 0.788728
0 0.846858 0.6583 0.051334 0.21266 0.720988
0 0.470642 0.933702 0.0347636 0.132597 0.711069
0 0.783773 0.106657 0.0305183 0.131179 0.68258
0 0.865778 0.0716572 0.0241962 0.138883 0.614459
0 0.242896 0.327137 0.032855 0.175263 0.591066
0 0.428387 0.207189 0.0343534 0.163594 0.576502
0 0.753227 0.108434 0.0274822 0.148306 0.522636
0 0.213419 0.327571 0.0283123 0.153878 0.508738
0 0.1663 0.249391 0.0289115 0.163127 0.450366
0 0.260456 0.180145 0.0332414 0.192508 0.446235
0 0.694843 0.0833284 0.0423014 0.162146 0.391597
0 0.567318 0.0392732 0.0257185 0.0731824 0.381919
3 0.702428 0.194131 0.0983551 0.105568 0.317877
58 0.345285 0.307505 0.0469254 0.111195 0.31174
0 0.305414 0.188392 0.0299102 0.151595 0.310916
0 0.191034 0.247612 0.0249403 0.160212 0.303302
1 0.703664 0.19791 0.0945452 0.100949 0.291159
1 0.722212 0.197444 0.0588314 0.0925676 0.276054
0 0.234584 0.187967 0.0284667 0.156544 0.274128
3 0.809643 0.608673 0.0697283 0.136199 0.26014
