2 0.691307 0.409097 0.138771 0.233306 0.879387
0 0.916025 0.519677 0.0377115 0.193628 0.837142
0 0.23392 0.405828 0.0440088 0.206482 0.836462
0 0.636659 0.945268 0.0468445 0.109464 0.81563
0 0.226607 0.913813 0.0562355 0.169672 0.810423
0 0.0723607 0.622671 0.0407356 0.226002 0.756921
0 0.533571 0.257219 0.029113 0.166274 0.745725
0 0.0240439 0.781274 0.0426788 0.212767 0.735875
0 0.275183 0.272077 0.040344 0.178147 0.725153
0 0.765572 0.278215 0.0350456 0.174094 0.721362
0 0.735237 0.642427 0.058357 0.231416 0.62012
0 0.728291 0.634529 0.0431538 0.211222 0.520507
0 0.477571 0.255922 0.0300327 0.154134 0.518123
3 0.83683 0.608672 0.128652 0.155809 0.499925
0 0.163962 0.193353 0.0292348 0.150387 0.495044
0 0.197625 0.169687 0.0348183 0.174801 0.452224
0 0.452127 0.245812 0.0280199 0.168436 0.443126
0 0.787903 0.0989768 0.0290133 0.0689284 0.428132
0 0.703639 0.246561 0.0370189 0.110675 0.374316
58 0.810603 0.310596 0.0530224 0.13868 0.343147
0 0.418147 0.261712 0.0362267 0.161115 0.342783
0 0.260258 0.178022 0.0309588 0.130095 0.334458
0 0.666866 0.213952 0.0387824 0.163433 0.312014
0 0.238599 0.0903888 0.0271973 0.138429 0.291819
58 0.345263 0.310474 0.0469474 0.116207 0.276295
0 0.122394 0.191868 0.0276983 0.135389 0.25563
