2 0.691327 0.40847 0.138964 0.236226 0.838983
0 0.171809 0.462002 0.0367486 0.198036 0.806053
0 0.460942 0.932737 0.0433437 0.134526 0.801554
0 0.917786 0.5177 0.0432789 0.196292 0.799533
0 0.654375 0.867434 0.0458403 0.241327 0.754012
0 0.219638 0.613537 0.0316554 0.225766 0.741923
0 0.701128 0.845457 0.0455603 0.247294 0.664592
0 0.264575 0.217266 0.031565 0.163459 0.656386
0 0.85223 0.201004 0.0338329 0.162681 0.640349
0 0.787402 0.0660039 0.0326948 0.130375 0.606207
0 0.149088 0.269391 0.02904 0.176775 0.562188
0 0.234718 0.225725 0.0260161 0.148162 0.528289
0 0.427163 0.207433 0.0282721 0.157331 0.521482
0 0.845175 0.658063 0.0554657 0.213227 0.514322
3 0.701307 0.190161 0.101111 0.11188 0.436576
0 0.172798 0.276209 0.030643 0.154198 0.344364
0 0.305454 0.182168 0.0262669 0.163044 0.339779
1 0.702368 0.193541 0.0978508 0.107008 0.335984
0 0.706946 0.854043 0.0355556 0.231677 0.321922
58 0.345622 0.306656 0.0480273 0.109432 0.306248
0 0.200749 0.182624 0.0327397 0.156907 0.27148
