2 0.691286 0.40955 0.138927 0.236326 0.901635
0 0.230695 0.822079 0.0494596 0.244313 0.86104
0 0.916098 0.519762 0.0382339 0.194619 0.840496
0 0.239966 0.352976 0.0419617 0.198972 0.823373
0 0.0718571 0.621672 0.0391651 0.22634 0.795969
0 0.585627 0.929274 0.0431537 0.141452 0.757521
0 0.734459 0.64752 0.0537598 0.225252 0.711121
0 0.291547 0.323922 0.0338442 0.192265 0.700343
0 0.487869 0.281842 0.0304699 0.172671 0.638574
0 0.585679 0.208414 0.0301455 0.164093 0.596068
3 0.837169 0.608517 0.127668 0.156269 0.555207
0 0.164237 0.192262 0.0287513 0.151272 0.551339
0 0.421515 0.294231 0.0318142 0.172166 0.549014
0 0.19882 0.174013 0.0334666 0.164815 0.548639
0 0.264387 0.235936 0.0312444 0.154303 0.539764
0 0.312718 0.307104 0.0242824 0.173209 0.51863
0 0.448568 0.301764 0.0323081 0.159311 0.462709
0 0.34052 0.770889 0.0263771 0.144983 0.460952
0 0.643626 0.2307 0.0304145 0.136531 0.44263
0 0.717326 0.244225 0.0450439 0.155833 0.413784
0 0.124516 0.186915 0.0271117 0.137302 0.328058
0 0.788514 0.0984286 0.0275495 0.0678983 0.308573
58 0.80921 0.289165 0.0540163 0.0961411 0.294128
