0 0.186859 0.635766 0.0485722 0.229583 0.817476
2 0.691432 0.412441 0.138491 0.238216 0.809451
0 0.463351 0.580358 0.0379478 0.199908 0.80767
0 0.241271 0.652388 0.036214 0.215847 0.800245
0 0.532588 0.919813 0.0453313 0.158314 0.778558
0 0.915565 0.521909 0.0362186 0.194116 0.751802
0 0.254118 0.345243 0.0365792 0.184921 0.748007
0 0.503516 0.58647 0.0373985 0.190007 0.715427
0 0.615586 0.528641 0.0360476 0.183196 0.685289
0 0.511639 0.103641 0.0287769 0.153616 0.675575
0 0.937111 0.177084 0.0314701 0.152527 0.67284
0 0.539895 0.112429 0.0287601 0.144325 0.632179
0 0.868456 0.113508 0.0308283 0.146596 0.620429
0 0.428212 0.218047 0.0321754 0.158885 0.577367
3 0.83878 0.601066 0.127484 0.160903 0.50936
0 0.234427 0.160826 0.0240099 0.156398 0.430765
0 0.118146 0.3423 0.0325248 0.159874 0.430331
0 0.324511 0.975199 0.0418374 0.0496011 0.377609
3 0.701679 0.194811 0.0993511 0.09992 0.359656
0 0.261397 0.151196 0.0400881 0.166949 0.353397
0 0.159217 0.192114 0.0320614 0.15162 0.353328
0 0.857292 0.69901 0.0265186 0.227761 0.342446
0 0.695413 0.0851818 0.0409769 0.164425 0.309366
3 0.813977 0.617001 0.0788666 0.126315 0.257509
1 0.703614 0.197735 0.0962735 0.0977458 0.25605
0 0.445803 0.0542734 0.0242884 0.108547 0.254499
0 0.383327 0.0568299 0.0234684 0.110341 0.253983
0 0.130029 0.202152 0.0285231 0.137559 0.250257
