2 0.691327 0.409433 0.138933 0.23599 0.861248
0 0.445351 0.663224 0.0490492 0.2357 0.837022
0 0.187203 0.790444 0.0435688 0.232259 0.824307
0 0.14173 0.766051 0.0496082 0.240098 0.818493
0 0.254391 0.251233 0.0373724 0.170394 0.80528
0 0.536543 0.71004 0.0414141 0.20721 0.766463
0 0.496312 0.695881 0.0425182 0.223817 0.75477
0 0.913627 0.52129 0.0425285 0.197916 0.717027
0 0.954836 0.428795 0.0447926 0.189709 0.715299
0 0.535946 0.0672216 0.0292011 0.131062 0.699632
0 0.553935 0.928977 0.0404947 0.142047 0.696337
0 0.501236 0.0672817 0.0281213 0.134563 0.577341
0 0.870115 0.404363 0.0317089 0.171146 0.511917
0 0.201897 0.179771 0.0355939 0.158169 0.504416
0 0.877724 0.117223 0.0303082 0.156974 0.498098
0 0.431057 0.21217 0.0260073 0.165386 0.494227
0 0.915077 0.240186 0.0325233 0.147643 0.478293
0 0.94057 0.217565 0.0252331 0.164798 0.432463
0 0.246169 0.106992 0.0336699 0.150573 0.423966
3 0.701299 0.195426 0.100537 0.100493 0.412695
0 0.820153 0.652676 0.0353088 0.215012 0.372288
0 0.33745 0.781932 0.0316734 0.141354 0.342026
1 0.703259 0.197972 0.0970153 0.0966605 0.338607
1 0.867867 0.631859 0.061735 0.106221 0.326653
0 0.822787 0.621816 0.0310585 0.173629 0.283405
3 0.791241 0.603932 0.0365554 0.113822 0.277285
0 0.495953 0.653993 0.0415962 0.13853 0.273659
58 0.809664 0.282509 0.0534073 0.0836646 0.267779
0 0.081141 0.412971 0.0242977 0.150641 0.263061
0 0.162805 0.226326 0.0333216 0.227446 0.254385
