2 0.691474 0.409927 0.139462 0.236718 0.819569
0 0.424977 0.672097 0.0497856 0.232131 0.798427
0 0.913267 0.518435 0.0404583 0.193179 0.765746
0 0.887033 0.355448 0.0452606 0.178332 0.750672
0 0.128912 0.878675 0.0425123 0.238002 0.73676
0 0.150748 0.903473 0.0463445 0.193055 0.721055
0 0.947881 0.294814 0.0302391 0.158846 0.705415
0 0.538916 0.812466 0.048674 0.203031 0.705033
0 0.216388 0.288789 0.0300584 0.179338 0.680463
0 0.578781 0.834609 0.042927 0.223338 0.639427
0 0.790865 0.0626045 0.0297804 0.125209 0.637685
0 0.112084 0.368628 0.0342375 0.180452 0.60656
0 0.425202 0.18769 0.0367989 0.220038 0.587217
0 0.553648 0.933621 0.0473809 0.132759 0.580534
0 0.879358 0.0727228 0.0301271 0.14278 0.491371
0 0.467999 0.0520509 0.0269343 0.0940052 0.484401
3 0.7005 0.194993 0.102699 0.10291 0.476407
0 0.254535 0.179173 0.0285847 0.164319 0.475454
0 0.163088 0.174884 0.0313973 0.192018 0.428978
0 0.695104 0.0873131 0.0429255 0.171968 0.369518
0 0.497913 0.0455938 0.0209617 0.0823403 0.36447
0 0.0856699 0.366569 0.0246284 0.1576 0.341128
0 0.850525 0.613527 0.0291714 0.139179 0.335825
1 0.701653 0.198194 0.102166 0.105108 0.315708
0 0.845815 0.657718 0.0369366 0.214178 0.314588
0 0.375796 0.257444 0.0385145 0.133367 0.308531
0 0.529386 0.0465149 0.0292366 0.0884911 0.307418
58 0.34471 0.305171 0.0471954 0.106193 0.296187
3 0.838555 0.607043 0.127221 0.13983 0.277012
