2 0.69141 0.411926 0.138811 0.235517 0.864787
0 0.915585 0.522235 0.0382795 0.194603 0.828496
0 0.889346 0.105235 0.03041 0.141606 0.755772
0 0.151942 0.656818 0.0482233 0.230973 0.75533
0 0.506248 0.923311 0.0330852 0.15037 0.733096
0 0.296447 0.505983 0.0329326 0.190847 0.722716
0 0.181734 0.89105 0.0469524 0.216847 0.706856
0 0.2568 0.493421 0.032752 0.204214 0.682698
0 0.482638 0.470158 0.0385939 0.184771 0.680852
0 0.502491 0.138012 0.0301115 0.16258 0.676756
0 0.576235 0.157598 0.030224 0.154035 0.671406
0 0.1381 0.454955 0.0324217 0.169939 0.640437
0 0.540988 0.169538 0.0296783 0.168167 0.6337
0 0.21827 0.499193 0.0439631 0.197264 0.616019
0 0.786774 0.658632 0.0529974 0.21606 0.581712
0 0.772206 0.0845652 0.0291778 0.127298 0.541612
0 0.446679 0.464417 0.0354301 0.19081 0.489997
0 0.194398 0.835691 0.039519 0.2513 0.433281
0 0.428214 0.219998 0.0314402 0.154659 0.329328
0 0.255373 0.213588 0.0326286 0.17405 0.31444
3 0.705386 0.198483 0.0937989 0.0944233 0.302546
0 0.161511 0.197168 0.0291349 0.156108 0.299213
0 0.195548 0.184531 0.029073 0.156867 0.263209
