0 0.12325 0.842508 0.0512611 0.244294 0.842284
2 0.691556 0.410108 0.139326 0.236253 0.840467
0 0.162398 0.863326 0.0442344 0.230162 0.82951
0 0.516155 0.78252 0.046603 0.24089 0.796035
0 0.912389 0.519667 0.0359686 0.193098 0.766831
0 0.449305 0.675095 0.0339607 0.230108 0.681236
0 0.560933 0.774504 0.0369656 0.191386 0.639353
0 0.887256 0.0882834 0.0321123 0.153541 0.634518
0 0.912128 0.374259 0.0435688 0.172263 0.614391
0 0.257859 0.202577 0.0327626 0.169331 0.613673
0 0.564421 0.931523 0.0415909 0.136954 0.592666
0 0.835374 0.668626 0.0353407 0.203391 0.591458
0 0.789892 0.0624894 0.0292311 0.124979 0.575206
0 0.220666 0.257885 0.0303897 0.168238 0.567522
0 0.932448 0.271261 0.0294004 0.169195 0.564768
3 0.700498 0.192692 0.102477 0.107131 0.516815
0 0.16183 0.190574 0.0279254 0.158431 0.512964
0 0.252364 0.0707946 0.0324036 0.140675 0.47594
0 0.925226 0.660718 0.038586 0.153466 0.475416
0 0.401637 0.160986 0.037864 0.160432 0.461625
0 0.852609 0.0838323 0.0274342 0.155926 0.460171
0 0.133256 0.186806 0.0309799 0.166061 0.416193
1 0.874386 0.62515 0.0536472 0.118814 0.402712
0 0.6954 0.0867934 0.0423441 0.168282 0.390441
0 0.850143 0.359587 0.0294514 0.182949 0.384584
0 0.423093 0.215415 0.0319609 0.152131 0.377872
3 0.800701 0.605594 0.0532684 0.127551 0.332365
3 0.839834 0.607975 0.122463 0.132874 0.323846
0 0.924297 0.686816 0.0417463 0.206178 0.320067
0 0.530732 0.0570244 0.02815 0.105324 0.316289
0 0.983322 0.286137 0.0329327 0.175609 0.311874
0 0.282806 0.171451 0.0280415 0.166865 0.251121
