2 0.691468 0.408495 0.138983 0.237199 0.875633
0 0.24103 0.368837 0.0443674 0.208693 0.849094
0 0.229589 0.854332 0.0544081 0.250805 0.846243
0 0.916379 0.519926 0.0377132 0.193311 0.832321
0 0.601381 0.215111 0.0439634 0.16006 0.819587
0 0.60519 0.933157 0.0393799 0.133686 0.765433
0 0.501689 0.279685 0.0292156 0.167924 0.75242
0 0.0543096 0.715602 0.0391407 0.201576 0.727806
0 0.733819 0.645819 0.0537991 0.226738 0.700276
0 0.289257 0.312903 0.0425353 0.185208 0.69012
0 0.071154 0.619504 0.0398734 0.223949 0.600677
0 0.19933 0.173778 0.0334531 0.167488 0.581209
3 0.836982 0.608602 0.1285 0.154746 0.497488
0 0.264129 0.222571 0.0297998 0.160502 0.451618
0 0.78821 0.0991683 0.0278639 0.0678052 0.40904
0 0.164839 0.187944 0.0294227 0.159093 0.389996
0 0.450753 0.292585 0.0336224 0.156324 0.343446
0 0.340482 0.771814 0.0254667 0.140023 0.334117
0 0.428487 0.281002 0.0301099 0.166425 0.317585
0 0.119724 0.180003 0.0297603 0.147602 0.305472
