0 0.191326 0.834245 0.0462874 0.243948 0.870507
2 0.691256 0.408578 0.138825 0.23415 0.833462
0 0.668915 0.818131 0.0470964 0.244699 0.81829
0 0.914406 0.518555 0.0373837 0.192271 0.804981
0 0.461573 0.42982 0.0342211 0.189555 0.801214
0 0.501025 0.41928 0.0361548 0.195209 0.765465
0 0.221341 0.461319 0.0405326 0.192311 0.751043
0 0.8478 0.657493 0.0490398 0.212345 0.734765
0 0.499866 0.932625 0.0369486 0.134751 0.727977
0 0.929769 0.734145 0.0484837 0.226113 0.726099
0 0.186775 0.47 0.0326339 0.172549 0.639822
0 0.612228 0.146805 0.0294733 0.145627 0.62291
0 0.866185 0.172442 0.0295551 0.14649 0.618923
0 0.928776 0.208458 0.0272217 0.16616 0.604308
0 0.264533 0.286945 0.0329127 0.168855 0.527929
0 0.43337 0.207597 0.0347181 0.16139 0.506241
0 0.694733 0.0860437 0.0445831 0.167621 0.340134
1 0.702386 0.196234 0.0976121 0.100902 0.328045
0 0.782636 0.199075 0.0318419 0.139124 0.285518
0 0.337029 0.783189 0.0307199 0.135166 0.283505
58 0.8109 0.311054 0.0526981 0.140213 0.265201
