0 0.510337 0.44337 0.0353759 0.191742 0.846225
0 0.684009 0.862184 0.0460519 0.250501 0.842549
0 0.189308 0.796543 0.0460123 0.232754 0.840025
2 0.691256 0.408824 0.139257 0.234499 0.837424
0 0.915113 0.51829 0.0379038 0.191928 0.799053
0 0.464351 0.45568 0.0321962 0.187008 0.77214
0 0.858039 0.152524 0.0309078 0.14642 0.769813
0 0.492975 0.940773 0.0400932 0.118454 0.765217
0 0.932833 0.738257 0.0435696 0.231104 0.751021
0 0.601444 0.126003 0.0298956 0.16212 0.730119
0 0.847709 0.658053 0.0484867 0.211661 0.685114
0 0.918044 0.178336 0.0259371 0.158214 0.678167
0 0.222879 0.437502 0.0400944 0.189844 0.669018
0 0.1912 0.448904 0.0328216 0.171025 0.632923
0 0.433166 0.208001 0.0358331 0.160799 0.464172
0 0.182768 0.243014 0.0386312 0.178988 0.393291
0 0.694932 0.0872198 0.0431704 0.170705 0.383756
1 0.703051 0.195465 0.0966218 0.10591 0.353847
0 0.200971 0.2898 0.0334158 0.149121 0.316825
3 0.803962 0.607717 0.0600464 0.121355 0.285492
3 0.702252 0.194432 0.0985674 0.101771 0.274697
0 0.26599 0.265896 0.0234671 0.158504 0.266708
3 0.799914 0.621384 0.0468496 0.0907461 0.266653
0 0.255614 0.280285 0.0402111 0.188253 0.262036
