0 0.915838 0.518568 0.0376768 0.19356 0.829617
0 0.171266 0.568054 0.0411281 0.211558 0.817339
2 0.691313 0.408316 0.13891 0.234279 0.811138
0 0.592933 0.679109 0.0407093 0.229477 0.804862
0 0.555795 0.700653 0.0367115 0.22046 0.784401
0 0.477304 0.941788 0.0412995 0.116423 0.74459
0 0.848334 0.658012 0.0467701 0.215823 0.707242
0 0.325771 0.652256 0.0399061 0.230758 0.698094
0 0.246828 0.291224 0.0318074 0.171771 0.660984
0 0.220693 0.286218 0.0268356 0.156226 0.537933
0 0.260449 0.154015 0.0342175 0.170155 0.442013
0 0.159376 0.254583 0.0253455 0.159712 0.415119
0 0.760701 0.133109 0.0285515 0.142929 0.389426
0 0.29921 0.19359 0.0295986 0.148879 0.366857
0 0.187482 0.253146 0.0302536 0.158374 0.300606
3 0.702369 0.193362 0.0993567 0.102653 0.299117
0 0.422394 0.204955 0.0240536 0.149684 0.280944
1 0.72532 0.195079 0.0555229 0.0872252 0.272652
58 0.345466 0.306152 0.0475451 0.107137 0.271927
0 0.134014 0.18674 0.0308815 0.175596 0.266874
