0 0.148323 0.746871 0.0501857 0.23669 0.836486
2 0.69153 0.40924 0.139142 0.235632 0.829478
0 0.193269 0.772073 0.0392994 0.225821 0.819135
0 0.446079 0.655531 0.0487257 0.226887 0.801583
0 0.915854 0.520043 0.0376247 0.194346 0.784712
0 0.53812 0.0725974 0.0293801 0.138778 0.773859
0 0.492765 0.68323 0.0401897 0.209807 0.773835
0 0.250605 0.264514 0.0375637 0.179287 0.714517
0 0.535059 0.691286 0.0410364 0.201568 0.712195
0 0.556226 0.92589 0.0432664 0.148221 0.702611
0 0.963658 0.43376 0.039714 0.189623 0.701426
0 0.502534 0.064443 0.0271547 0.128886 0.589966
0 0.201482 0.181488 0.038279 0.156627 0.567739
0 0.917744 0.228483 0.0377186 0.156165 0.540758
0 0.429843 0.212784 0.0277277 0.162703 0.539947
0 0.24578 0.111045 0.0348782 0.162121 0.456372
0 0.823847 0.678063 0.0318457 0.224407 0.454563
1 0.867769 0.632702 0.0623981 0.101455 0.424304
0 0.473395 0.0627455 0.0223512 0.122331 0.42287
0 0.885998 0.125396 0.0340771 0.156657 0.416065
0 0.159853 0.207653 0.0353396 0.187267 0.355177
3 0.701525 0.196854 0.0998083 0.0984038 0.354912
1 0.703099 0.198198 0.0971582 0.0980643 0.307167
58 0.809903 0.283606 0.0532166 0.0856335 0.303327
0 0.794303 0.587768 0.0359793 0.130784 0.285785
0 0.337299 0.781556 0.0316455 0.141457 0.28471
58 0.810846 0.308424 0.0534409 0.136412 0.272818
0 0.162879 0.191515 0.0299303 0.160574 0.268136
58 0.345471 0.305824 0.0473281 0.108364 0.26806
0 0.914282 0.119052 0.0252331 0.110584 0.252752
