2 0.691451 0.411032 0.139338 0.239643 0.838516
0 0.21519 0.603086 0.0622858 0.224044 0.830324
0 0.68711 0.899743 0.0496296 0.197989 0.826038
0 0.916488 0.5189 0.0446505 0.194911 0.814023
0 0.861055 0.222266 0.035862 0.157356 0.780684
0 0.453778 0.926504 0.0364403 0.145739 0.753831
0 0.735713 0.890899 0.0488474 0.218201 0.732934
0 0.179503 0.426941 0.0360005 0.191487 0.707796
0 0.787137 0.0673022 0.0314616 0.129028 0.669385
0 0.265912 0.198342 0.0306226 0.171734 0.610741
0 0.579919 0.0481111 0.0400436 0.088296 0.595663
0 0.434659 0.211988 0.0260941 0.156966 0.561775
0 0.139715 0.287515 0.0307529 0.162879 0.477413
0 0.843179 0.657931 0.0581776 0.209165 0.460725
3 0.701199 0.190565 0.101059 0.114345 0.448441
0 0.694925 0.087684 0.0427168 0.169508 0.384491
58 0.348159 0.308385 0.0529208 0.107637 0.344676
0 0.233648 0.203997 0.0233802 0.140258 0.305187
3 0.840724 0.602037 0.12622 0.152081 0.287311
