2 0.691419 0.40868 0.139096 0.236681 0.843933
0 0.91759 0.517922 0.0434715 0.195629 0.808616
0 0.460336 0.932847 0.0430582 0.134305 0.794429
0 0.171587 0.461543 0.0371207 0.197595 0.787501
0 0.219204 0.613693 0.0324022 0.225345 0.741587
0 0.655717 0.867863 0.0460003 0.240655 0.738709
0 0.70308 0.845742 0.0450586 0.247068 0.690655
0 0.26492 0.217429 0.0306678 0.161281 0.647629
0 0.7871 0.0669284 0.0327951 0.133544 0.64256
0 0.148676 0.269814 0.0301686 0.181866 0.553056
0 0.234896 0.2254 0.0259533 0.147287 0.546485
0 0.851421 0.20375 0.0345963 0.168651 0.54613
0 0.427727 0.207651 0.0286649 0.15843 0.511787
0 0.84524 0.657737 0.0555504 0.214404 0.511379
3 0.701483 0.191448 0.100495 0.109648 0.422396
1 0.702689 0.194884 0.0969428 0.104635 0.322966
0 0.30617 0.182526 0.0286856 0.160941 0.320769
58 0.345871 0.306922 0.0486788 0.109963 0.302359
0 0.172727 0.278279 0.0305972 0.158304 0.265227
