2 0.691429 0.411928 0.138707 0.238683 0.842977
0 0.224578 0.565137 0.0417352 0.210419 0.825704
0 0.916314 0.521005 0.0381676 0.194485 0.81033
0 0.515706 0.929906 0.0413942 0.139635 0.755654
0 0.53853 0.469131 0.0332272 0.182107 0.741848
0 0.245279 0.951391 0.0528857 0.0972173 0.741013
0 0.489027 0.529105 0.0373761 0.190061 0.722461
0 0.521566 0.132013 0.0295476 0.159546 0.701593
0 0.272834 0.646341 0.0462121 0.221907 0.698038
0 0.830951 0.688275 0.0507099 0.219708 0.693535
0 0.92002 0.140305 0.0310938 0.144154 0.65421
0 0.266002 0.912578 0.0452948 0.168337 0.644345
0 0.24309 0.409597 0.037277 0.194142 0.62517
0 0.551632 0.132985 0.0280679 0.148864 0.622679
0 0.4586 0.524692 0.0352516 0.20582 0.619711
0 0.497477 0.0861062 0.0324574 0.152823 0.600072
0 0.248823 0.176677 0.0353171 0.16894 0.525229
0 0.129976 0.389692 0.0298773 0.157969 0.481205
3 0.700735 0.193942 0.100964 0.106087 0.471518
0 0.852095 0.0660639 0.0287159 0.130064 0.403598
0 0.761807 0.0505916 0.0275036 0.100907 0.370508
0 0.429302 0.219041 0.0300573 0.159153 0.364426
3 0.838064 0.593976 0.127621 0.165658 0.35815
0 0.986395 0.128736 0.0254383 0.139311 0.354032
1 0.702326 0.19705 0.0982012 0.102689 0.337435
0 0.269563 0.531563 0.033792 0.107587 0.331769
0 0.206812 0.181286 0.033439 0.16545 0.324974
0 0.694885 0.0889118 0.0434549 0.172332 0.297812
58 0.80971 0.286489 0.052626 0.0886625 0.281359
