0 0.170025 0.708093 0.0434345 0.232709 0.849038
2 0.69139 0.409399 0.138888 0.236225 0.843928
0 0.915165 0.51861 0.0382221 0.192514 0.827779
0 0.484059 0.546158 0.0355079 0.20361 0.80827
0 0.735968 0.944781 0.054348 0.110439 0.801687
0 0.530006 0.534448 0.0353191 0.212498 0.78814
0 0.492213 0.934372 0.0409863 0.131255 0.745499
0 0.240029 0.378276 0.0335487 0.182756 0.733831
0 0.84794 0.659396 0.0504604 0.211234 0.732118
0 0.194831 0.383156 0.0413041 0.169559 0.719562
0 0.581354 0.0706758 0.0312493 0.141352 0.706178
0 0.836165 0.0815933 0.0304699 0.104464 0.609831
0 0.749468 0.0767053 0.0314902 0.136037 0.56198
0 0.938805 0.740352 0.0352062 0.223401 0.544495
0 0.434195 0.208149 0.0345034 0.161743 0.542109
0 0.893273 0.118508 0.0266457 0.155684 0.442869
0 0.182796 0.239509 0.0370966 0.179327 0.423648
0 0.695324 0.0839142 0.0437956 0.163539 0.406696
0 0.133486 0.18877 0.0292375 0.161683 0.371623
26 0.182502 0.352181 0.0180243 0.0576926 0.363969
0 0.262716 0.224387 0.0357503 0.171266 0.292068
3 0.809699 0.608225 0.0705731 0.133808 0.289414
1 0.723008 0.19758 0.0579703 0.0912583 0.282323
58 0.809418 0.282191 0.0529243 0.083208 0.277142
0 0.794293 0.0554743 0.0276787 0.103369 0.276621
0 0.225561 0.230873 0.0250306 0.155975 0.275394
