0 0.914924 0.518875 0.0396358 0.195116 0.844586
2 0.691221 0.409552 0.138793 0.236499 0.840474
0 0.157845 0.655712 0.0433092 0.218657 0.817355
0 0.472314 0.937088 0.0435 0.125824 0.791844
0 0.550493 0.581722 0.0397394 0.212347 0.78115
0 0.504645 0.605471 0.0352243 0.215157 0.776559
0 0.845891 0.658735 0.0518785 0.213287 0.719739
0 0.434515 0.208537 0.0379033 0.164879 0.664664
0 0.24289 0.345404 0.0300787 0.177157 0.656149
0 0.203793 0.347909 0.0312514 0.167453 0.643221
0 0.747045 0.0968403 0.0323969 0.139909 0.588466
0 0.571711 0.049651 0.0287531 0.0993021 0.534855
0 0.876092 0.0850886 0.0258133 0.153898 0.506001
0 0.695446 0.0846499 0.0435328 0.165484 0.410839
0 0.780248 0.121566 0.0315473 0.135752 0.383318
3 0.702152 0.193191 0.0998209 0.108724 0.364888
0 0.261536 0.200276 0.0320604 0.18298 0.327856
0 0.175104 0.245573 0.0284704 0.167566 0.31984
58 0.344998 0.307826 0.0468277 0.111377 0.298064
0 0.230761 0.206291 0.0261235 0.15174 0.282541
0 0.193972 0.242695 0.0244773 0.158501 0.278096
0 0.134954 0.193586 0.0299158 0.159781 0.274047
1 0.723313 0.198273 0.0575828 0.0893961 0.27259
58 0.809258 0.284163 0.0535123 0.0877394 0.265773
0 0.376128 0.253595 0.038237 0.12169 0.260494
3 0.809609 0.609192 0.0700258 0.135283 0.25502
