0 0.605411 0.784938 0.0413492 0.231367 0.832207
2 0.690552 0.409105 0.138587 0.235661 0.830954
0 0.918075 0.518558 0.0423649 0.193131 0.800315
0 0.173273 0.505435 0.0380656 0.201416 0.798566
0 0.45878 0.939323 0.0437984 0.121354 0.78785
0 0.255035 0.632032 0.0397898 0.228679 0.764234
0 0.846825 0.658626 0.0494328 0.212582 0.748166
0 0.649799 0.774227 0.0462303 0.239648 0.649157
0 0.228267 0.25909 0.0274372 0.144591 0.542457
0 0.259019 0.243729 0.0359342 0.177094 0.541743
0 0.18687 0.263568 0.0287938 0.15583 0.475351
0 0.788733 0.0628347 0.0302149 0.107376 0.417596
36 0.258092 0.737312 0.0377374 0.0218597 0.340939
3 0.700909 0.191891 0.100634 0.107183 0.337024
0 0.847871 0.174443 0.0282572 0.156907 0.334157
0 0.656757 0.7792 0.0330314 0.22598 0.306358
0 0.421874 0.206717 0.025063 0.154069 0.298769
0 0.164286 0.196018 0.0276342 0.14561 0.283089
58 0.345362 0.305544 0.0482293 0.107594 0.279941
0 0.848118 0.145476 0.0270914 0.0995374 0.267107
0 0.303035 0.188811 0.0316973 0.153019 0.254241
