2 0.691518 0.411635 0.139403 0.239193 0.84686
0 0.129299 0.835761 0.0469377 0.25335 0.819173
0 0.16849 0.857775 0.0433496 0.232525 0.794052
0 0.449155 0.678625 0.0355509 0.227495 0.760833
0 0.512328 0.764666 0.0432114 0.240701 0.73801
0 0.257827 0.216037 0.0363135 0.162035 0.704239
0 0.912855 0.519508 0.0358997 0.19067 0.692509
0 0.558209 0.760354 0.0375239 0.198788 0.675069
0 0.562191 0.930434 0.0409793 0.138282 0.657972
0 0.857535 0.367671 0.027916 0.179629 0.651739
0 0.925126 0.259781 0.0288021 0.145498 0.650472
0 0.88984 0.0961529 0.0343401 0.150763 0.587508
0 0.826617 0.668948 0.0511492 0.202479 0.584142
0 0.979426 0.269335 0.040797 0.176728 0.549371
3 0.700691 0.193536 0.102156 0.103971 0.546395
0 0.162864 0.187139 0.0284649 0.16887 0.521031
0 0.792288 0.0602682 0.0281955 0.120536 0.519512
0 0.424218 0.21556 0.0284518 0.163083 0.489537
0 0.133629 0.183736 0.0305731 0.174057 0.481235
0 0.855133 0.0896231 0.0304058 0.153617 0.480801
0 0.204271 0.18257 0.0351347 0.177013 0.476648
0 0.916249 0.38492 0.041572 0.130862 0.466857
0 0.250212 0.0791054 0.0308871 0.147239 0.418134
0 0.53263 0.0580222 0.027202 0.107525 0.414434
0 0.225154 0.254862 0.0290435 0.172848 0.413971
0 0.69526 0.0872232 0.0428827 0.169951 0.358326
0 0.500027 0.0554061 0.0272331 0.106126 0.349491
0 0.475992 0.0581213 0.0298167 0.109254 0.320998
0 0.374685 0.255046 0.0361686 0.13566 0.313782
0 0.906874 0.672896 0.0379612 0.190825 0.292409
0 0.200759 0.199971 0.0420948 0.214796 0.27589
0 0.337246 0.781031 0.0312929 0.140259 0.259696
0 0.90825 0.648698 0.0338619 0.144 0.250561
