0 0.12294 0.867308 0.0481461 0.255526 0.83988
2 0.69149 0.410178 0.139026 0.234321 0.829705
0 0.158063 0.888087 0.0419997 0.215694 0.82253
0 0.436428 0.67379 0.0395267 0.234966 0.803665
0 0.939195 0.287524 0.0385571 0.161469 0.794788
0 0.913295 0.519931 0.039645 0.192165 0.775653
0 0.529406 0.808398 0.0456601 0.229475 0.717368
0 0.789049 0.0618558 0.0292633 0.123712 0.658751
0 0.898806 0.36282 0.0335789 0.171858 0.606738
0 0.258275 0.187468 0.0287913 0.165925 0.583618
0 0.571413 0.816852 0.0458392 0.221611 0.578666
0 0.218505 0.271226 0.0310502 0.179373 0.543135
0 0.41986 0.217876 0.0295599 0.155658 0.520918
0 0.107753 0.378173 0.0294396 0.171144 0.50919
3 0.700762 0.19636 0.10088 0.0994251 0.482762
0 0.162951 0.186974 0.0309439 0.165199 0.459793
0 0.286823 0.174442 0.0292467 0.163884 0.401597
0 0.880737 0.0780753 0.0295496 0.146705 0.383072
0 0.10149 0.37509 0.0415545 0.174634 0.35561
0 0.843194 0.660387 0.0398739 0.219077 0.350906
0 0.498452 0.0484401 0.0271444 0.094066 0.347042
0 0.990157 0.30941 0.0190113 0.181048 0.340258
3 0.838959 0.610076 0.123511 0.132951 0.312214
0 0.695403 0.084104 0.0419365 0.165086 0.301215
0 0.53092 0.049544 0.0258495 0.0951297 0.274939
58 0.344915 0.305603 0.0471777 0.108561 0.258923
