2 0.691389 0.409631 0.138994 0.234764 0.862545
0 0.914706 0.520525 0.0406605 0.193977 0.834347
0 0.606454 0.630361 0.0415865 0.228695 0.828622
0 0.504255 0.309516 0.0325766 0.18201 0.765996
0 0.460762 0.312047 0.0322883 0.168714 0.765612
0 0.909201 0.272666 0.0304131 0.144759 0.755797
0 0.983643 0.324176 0.0303017 0.180513 0.750074
0 0.84837 0.65558 0.0460835 0.214722 0.728239
0 0.476246 0.933916 0.0290384 0.132169 0.725917
0 0.233172 0.94834 0.0495987 0.10332 0.69439
0 0.214963 0.584063 0.0406685 0.217364 0.674685
0 0.165685 0.587488 0.0475501 0.187497 0.643542
0 0.173002 0.587021 0.031571 0.185753 0.619844
0 0.319504 0.612736 0.0352477 0.229333 0.594384
0 0.169233 0.392298 0.0340413 0.179684 0.563094
0 0.267353 0.390487 0.0337996 0.174948 0.532968
0 0.203556 0.383173 0.04104 0.169015 0.514402
0 0.890804 0.713055 0.0422176 0.249589 0.456217
0 0.692659 0.241183 0.0370107 0.117623 0.365268
0 0.434662 0.208987 0.0288658 0.160741 0.294445
0 0.160988 0.191407 0.0290275 0.155414 0.277485
3 0.802923 0.608488 0.0577816 0.122839 0.263566
