0 0.440177 0.674561 0.0479452 0.236016 0.847777
2 0.691589 0.41164 0.139417 0.240547 0.841138
0 0.136395 0.795056 0.0481246 0.249805 0.834495
0 0.177154 0.818579 0.0429731 0.240531 0.811599
0 0.499285 0.722363 0.0428944 0.225302 0.807526
0 0.551747 0.93394 0.0428329 0.132121 0.764739
0 0.919416 0.248622 0.0321392 0.153841 0.747024
0 0.913553 0.520563 0.0437336 0.192663 0.715373
0 0.544196 0.736083 0.0389341 0.2086 0.699921
0 0.25723 0.232564 0.0296425 0.17329 0.689022
0 0.534677 0.0644187 0.0264064 0.127403 0.676536
0 0.86272 0.38757 0.0310246 0.17449 0.632115
0 0.826316 0.667309 0.0385756 0.208099 0.617108
0 0.200361 0.177371 0.0376392 0.1689 0.564349
0 0.228443 0.232927 0.0289383 0.167271 0.555992
0 0.857725 0.637385 0.0345713 0.201724 0.535852
3 0.70099 0.19599 0.101255 0.102713 0.515051
0 0.940764 0.417974 0.0348309 0.185628 0.499079
0 0.958851 0.24511 0.0385693 0.177315 0.495002
0 0.499698 0.0602089 0.0272628 0.120418 0.494685
0 0.167311 0.21451 0.0359109 0.215598 0.489422
0 0.434271 0.21226 0.0254488 0.162046 0.483265
0 0.250749 0.0929269 0.0345754 0.15134 0.389062
0 0.468801 0.0599398 0.0287409 0.115473 0.348347
0 0.795497 0.0579194 0.0294384 0.115346 0.348196
3 0.798428 0.609278 0.0490396 0.11981 0.320572
0 0.696375 0.0855788 0.0433468 0.167021 0.312516
0 0.896748 0.109628 0.0297115 0.149249 0.303197
0 0.865016 0.106427 0.0292145 0.160199 0.302774
0 0.868949 0.632388 0.055201 0.207454 0.269449
1 0.702243 0.198242 0.0993664 0.098896 0.262871
0 0.0881599 0.409077 0.0303567 0.146666 0.253296
