2 0.691493 0.409558 0.138723 0.235325 0.858626
0 0.195633 0.608655 0.0464208 0.213435 0.796854
0 0.916159 0.518343 0.0395481 0.193328 0.792792
0 0.251911 0.365482 0.0390077 0.188926 0.783835
0 0.251189 0.628576 0.0378362 0.212829 0.747376
0 0.5313 0.919152 0.0446246 0.158652 0.742572
0 0.494005 0.566363 0.0414686 0.187781 0.714646
0 0.591374 0.507621 0.0345755 0.181821 0.711806
0 0.459656 0.56237 0.0357605 0.206332 0.701438
0 0.939029 0.165476 0.0316404 0.149519 0.691266
0 0.855379 0.715054 0.0310797 0.199896 0.621278
0 0.542388 0.120166 0.0267422 0.155537 0.602421
0 0.308159 0.95641 0.0465501 0.0871799 0.597592
0 0.869031 0.0953572 0.036426 0.151288 0.590955
3 0.837829 0.601661 0.127031 0.160297 0.566355
0 0.428547 0.218851 0.0321063 0.157215 0.505929
0 0.51385 0.108369 0.0272135 0.157699 0.498314
0 0.199477 0.177033 0.0325947 0.16852 0.436239
0 0.948191 0.50613 0.0320879 0.200421 0.419999
0 0.253102 0.157065 0.0298352 0.169304 0.396381
0 0.278176 0.154283 0.0261143 0.153878 0.321775
0 0.335689 0.625269 0.033658 0.210457 0.299575
0 0.159835 0.193618 0.0309541 0.152231 0.295932
3 0.701787 0.1945 0.0990814 0.0974635 0.280877
58 0.809689 0.284434 0.0527414 0.0849427 0.28029
0 0.377879 0.0622121 0.0253736 0.118735 0.279391
0 0.695578 0.0846268 0.0407129 0.16296 0.268005
3 0.874478 0.595574 0.0556152 0.151954 0.26477
0 0.233126 0.157218 0.0198967 0.161821 0.250688
0 0.496088 0.0637753 0.0302528 0.127551 0.25001
