0 0.719781 0.922127 0.0528257 0.155746 0.83309
2 0.691263 0.408936 0.138485 0.234357 0.817771
0 0.91598 0.519746 0.0364346 0.192072 0.809567
0 0.523652 0.509918 0.04237 0.212768 0.789621
0 0.476342 0.517439 0.033378 0.195655 0.785668
0 0.177202 0.732341 0.0428165 0.22823 0.76281
0 0.235264 0.395767 0.0342432 0.180135 0.73157
0 0.495741 0.933797 0.0388292 0.132407 0.704184
0 0.933541 0.739974 0.044066 0.224563 0.699401
0 0.591869 0.0870257 0.0298396 0.147599 0.676711
0 0.848013 0.658947 0.0504921 0.212736 0.655338
0 0.193355 0.404844 0.0315201 0.161708 0.633558
0 0.262723 0.24568 0.037121 0.181384 0.613966
0 0.183034 0.241009 0.0374557 0.179368 0.499347
0 0.753716 0.0695675 0.0286444 0.139135 0.475927
0 0.9014 0.148036 0.0256626 0.151425 0.472813
0 0.434596 0.208513 0.0314899 0.161174 0.45799
0 0.21958 0.251817 0.0243834 0.152726 0.392862
0 0.843588 0.111076 0.0249105 0.133853 0.382813
0 0.695196 0.082925 0.0423815 0.163481 0.362967
3 0.70142 0.193809 0.10016 0.101666 0.309583
3 0.81039 0.607163 0.0729471 0.132475 0.281098
0 0.376132 0.253853 0.0385812 0.113385 0.250234
