0 0.2116 0.92393 0.0535137 0.152141 0.864131
0 0.620166 0.669135 0.0452934 0.229162 0.83608
2 0.691409 0.410049 0.138834 0.232965 0.836032
0 0.915435 0.517908 0.0422586 0.19097 0.832023
0 0.899339 0.237729 0.0301315 0.144816 0.802527
0 0.500152 0.335698 0.033401 0.184847 0.772825
0 0.454924 0.347354 0.0345066 0.183792 0.736805
0 0.848424 0.657871 0.052038 0.211428 0.730943
0 0.172247 0.558713 0.0424653 0.188662 0.716718
0 0.487928 0.938791 0.0326788 0.122418 0.686256
0 0.97072 0.291089 0.0330458 0.170094 0.677699
0 0.274115 0.356185 0.0329516 0.175237 0.618602
0 0.326229 0.620416 0.0423539 0.223747 0.603193
0 0.218663 0.546259 0.0394923 0.206037 0.565282
0 0.779438 0.245211 0.0314789 0.143449 0.561437
0 0.922894 0.744372 0.052177 0.223079 0.551604
0 0.169954 0.364065 0.0335654 0.176589 0.529725
0 0.660491 0.221665 0.0293901 0.151731 0.500757
0 0.219297 0.359832 0.0431686 0.179899 0.439699
0 0.931793 0.643406 0.0356976 0.126508 0.353548
3 0.719227 0.197179 0.0649767 0.0868797 0.300527
0 0.134891 0.201112 0.0286702 0.14762 0.258858
0 0.161609 0.19026 0.0284773 0.150375 0.258017
