0 0.180671 0.740856 0.0509511 0.228934 0.899126
0 0.472808 0.504086 0.0336746 0.195543 0.855191
0 0.714994 0.911003 0.0507015 0.177994 0.816334
2 0.691295 0.40881 0.138763 0.235044 0.815553
0 0.915878 0.518922 0.0381056 0.19195 0.806571
0 0.522249 0.493401 0.0378853 0.205008 0.786916
0 0.49384 0.936781 0.0357256 0.126438 0.709069
0 0.592237 0.0897476 0.0263988 0.152037 0.693213
0 0.233527 0.402756 0.0366405 0.197232 0.687353
0 0.191456 0.409447 0.0350201 0.16767 0.679193
0 0.848766 0.658752 0.0497864 0.214625 0.674524
0 0.933967 0.738902 0.0432961 0.222728 0.658104
0 0.844283 0.116873 0.0268944 0.142231 0.610285
0 0.182973 0.239786 0.0387273 0.17692 0.481581
0 0.434291 0.208748 0.0322445 0.160236 0.462325
0 0.755256 0.0636698 0.026415 0.126975 0.459979
0 0.694903 0.0850677 0.0421074 0.16748 0.441081
0 0.263877 0.242339 0.0375637 0.173365 0.424799
0 0.214997 0.255161 0.0288061 0.151352 0.415433
3 0.701426 0.193485 0.100019 0.104163 0.334201
1 0.702736 0.194561 0.097677 0.103326 0.327081
58 0.809321 0.283937 0.053061 0.0874267 0.291082
0 0.139939 0.195769 0.027455 0.156252 0.289173
58 0.810492 0.308214 0.0532038 0.138168 0.251139
