0 0.196732 0.87701 0.0516711 0.243774 0.86527
0 0.648133 0.772207 0.0457862 0.251882 0.864136
2 0.69127 0.40797 0.138965 0.233798 0.821531
0 0.91453 0.518353 0.0377178 0.192892 0.795198
0 0.221806 0.497608 0.0401527 0.205305 0.794658
0 0.928954 0.737582 0.0489765 0.234281 0.762318
0 0.848963 0.657297 0.0509237 0.212318 0.756421
0 0.498238 0.391151 0.0336807 0.189358 0.738765
0 0.456758 0.40105 0.0313361 0.190407 0.738259
0 0.180251 0.490367 0.0402805 0.186442 0.737453
0 0.94229 0.230917 0.0280519 0.154515 0.733865
0 0.497846 0.931783 0.036242 0.136434 0.717673
0 0.876861 0.193734 0.0287197 0.143307 0.705353
0 0.274243 0.31497 0.0324021 0.172518 0.690552
0 0.626551 0.17274 0.03236 0.154921 0.68569
0 0.230558 0.322803 0.0356277 0.17448 0.536001
0 0.7821 0.219779 0.0313094 0.141452 0.520324
0 0.434037 0.208308 0.0299665 0.161226 0.4504
0 0.184688 0.328358 0.0307469 0.158938 0.449606
1 0.703288 0.197859 0.096169 0.0984775 0.287549
58 0.345368 0.305176 0.0487604 0.108862 0.269584
3 0.702358 0.196212 0.0986183 0.100107 0.260601
0 0.25349 0.144459 0.0318643 0.154639 0.255756
