2 0.691345 0.410344 0.138706 0.233736 0.882338
0 0.916022 0.521177 0.0380569 0.196158 0.835183
0 0.287745 0.380831 0.0383456 0.195197 0.818789
0 0.238855 0.297184 0.0380312 0.194718 0.791348
0 0.234325 0.683063 0.044658 0.226147 0.779261
0 0.135215 0.600459 0.0331522 0.188349 0.764419
0 0.526135 0.926506 0.0322367 0.144901 0.738689
0 0.0539077 0.704272 0.0616952 0.231429 0.726543
0 0.733585 0.644201 0.0526879 0.231342 0.719006
0 0.476421 0.234997 0.0354681 0.169814 0.667126
0 0.328432 0.368874 0.0313327 0.165965 0.645496
0 0.622975 0.218484 0.032867 0.163208 0.629262
0 0.409268 0.35785 0.0327693 0.182406 0.621495
0 0.428274 0.217749 0.0334503 0.161215 0.526341
3 0.837034 0.610921 0.127967 0.1538 0.525412
0 0.0671229 0.591711 0.0370862 0.165919 0.496963
0 0.437026 0.369584 0.0301559 0.172996 0.446044
0 0.197802 0.177418 0.030935 0.159906 0.416768
0 0.564561 0.196658 0.0281565 0.132033 0.402613
0 0.164608 0.195391 0.0276578 0.15214 0.38231
0 0.788664 0.101436 0.0288115 0.0694227 0.346921
0 0.650998 0.219074 0.0295675 0.149734 0.339519
0 0.291031 0.211539 0.0323215 0.15195 0.319889
3 0.709629 0.195183 0.0838013 0.0888373 0.295873
