2 0.691019 0.417761 0.138101 0.248705 0.868577
0 0.91614 0.520371 0.0368885 0.191297 0.819217
0 0.253514 0.314007 0.0413875 0.184591 0.804014
0 0.172047 0.685178 0.050797 0.238348 0.800917
0 0.220558 0.698587 0.0449049 0.220321 0.77812
0 0.532763 0.930628 0.0513307 0.138744 0.766682
0 0.405212 0.629708 0.0391936 0.217031 0.738859
0 0.539288 0.0955563 0.0274054 0.145147 0.729174
0 0.884617 0.14765 0.0302837 0.160322 0.720949
0 0.51267 0.629695 0.0371897 0.193313 0.701416
0 0.508029 0.0858751 0.0312326 0.155976 0.694288
0 0.471723 0.61383 0.043229 0.206249 0.68756
0 0.932243 0.19758 0.0297047 0.15927 0.669623
0 0.846111 0.689618 0.0461277 0.204533 0.60785
0 0.956846 0.143464 0.0361366 0.16302 0.600464
3 0.837946 0.598807 0.128422 0.17119 0.538304
0 0.428407 0.215687 0.0312872 0.159298 0.503751
3 0.701407 0.195006 0.0998741 0.0987345 0.444127
0 0.129044 0.233175 0.0373792 0.231045 0.440454
0 0.987296 0.471626 0.0244724 0.153752 0.427149
0 0.235083 0.173736 0.0256738 0.146156 0.395233
0 0.680532 0.539743 0.0341785 0.144466 0.376952
0 0.450565 0.0618682 0.0249304 0.123736 0.37638
0 0.676805 0.562153 0.0397873 0.18937 0.373393
0 0.16031 0.192805 0.0317148 0.148831 0.366334
58 0.809711 0.289362 0.053373 0.096802 0.335614
0 0.471355 0.587261 0.0414656 0.15043 0.324714
0 0.909478 0.410504 0.0296356 0.0849759 0.305632
0 0.69543 0.0843732 0.0401125 0.164254 0.301198
0 0.196744 0.187893 0.0333279 0.14279 0.295281
58 0.810686 0.307636 0.0535194 0.134544 0.265681
0 0.395199 0.156105 0.0356787 0.150209 0.263296
