0 0.654943 0.780389 0.0469964 0.240662 0.865367
0 0.194059 0.867142 0.043979 0.249683 0.840124
2 0.691051 0.408281 0.139271 0.233692 0.83656
0 0.45829 0.408226 0.0314848 0.191307 0.830584
0 0.914675 0.519055 0.038546 0.193932 0.814532
0 0.500156 0.39804 0.0365412 0.190234 0.790515
0 0.872901 0.189139 0.0315832 0.152417 0.781785
0 0.847998 0.656649 0.0525896 0.213689 0.759039
0 0.929639 0.736243 0.0495358 0.232416 0.753855
0 0.617781 0.167127 0.0342482 0.157442 0.726962
0 0.272972 0.299383 0.0318877 0.164241 0.72403
0 0.501359 0.930983 0.0386324 0.138034 0.711551
0 0.221382 0.479028 0.0384719 0.192621 0.68226
0 0.18284 0.487867 0.0359193 0.180375 0.667533
0 0.234445 0.316141 0.0347257 0.174559 0.453223
0 0.435077 0.208143 0.0279545 0.160894 0.433062
0 0.187577 0.310957 0.029829 0.165648 0.429791
0 0.935615 0.222465 0.0299416 0.15343 0.414352
3 0.701312 0.196504 0.0997257 0.0988991 0.295524
0 0.164062 0.194736 0.0308805 0.15393 0.282186
1 0.702344 0.198049 0.0973471 0.101214 0.266703
0 0.78323 0.214291 0.0296413 0.131197 0.261026
