0 0.611292 0.636803 0.0416082 0.226958 0.857431
0 0.915676 0.519592 0.040028 0.193498 0.856874
2 0.691526 0.411232 0.138752 0.235396 0.842918
0 0.50426 0.3131 0.0341885 0.183716 0.80777
0 0.84868 0.656808 0.0483406 0.21756 0.774235
0 0.458657 0.324901 0.0307997 0.180893 0.75345
0 0.982935 0.311378 0.0336388 0.175944 0.73778
0 0.270629 0.381708 0.0322967 0.177315 0.727555
0 0.906386 0.264438 0.0316948 0.148651 0.721317
0 0.481153 0.935242 0.0304895 0.129516 0.703453
0 0.224697 0.943713 0.0463261 0.112575 0.68492
0 0.213321 0.569921 0.0385787 0.205018 0.658728
0 0.170152 0.582501 0.0400666 0.189675 0.6221
0 0.318468 0.613317 0.0377586 0.229674 0.563539
0 0.169931 0.382773 0.0343187 0.171828 0.556532
0 0.895564 0.714391 0.0419418 0.256652 0.520184
0 0.895978 0.68484 0.0351093 0.192404 0.466203
0 0.784015 0.267097 0.0344046 0.142478 0.441033
0 0.207865 0.368268 0.0399449 0.147809 0.434329
0 0.674644 0.231198 0.0349719 0.132077 0.315193
3 0.72355 0.194839 0.0567791 0.0827176 0.313966
0 0.135172 0.204121 0.0277788 0.146405 0.307714
0 0.161822 0.193106 0.02687 0.150726 0.302043
3 0.805301 0.605176 0.0638577 0.139297 0.252133
