2 0.691347 0.408891 0.138707 0.234182 0.843513
0 0.236268 0.624443 0.046057 0.225729 0.828412
0 0.91799 0.51841 0.0432398 0.195539 0.813183
0 0.459586 0.938122 0.0431882 0.123757 0.80771
0 0.66603 0.805961 0.0484499 0.245831 0.802341
0 0.173894 0.491562 0.0376397 0.206415 0.795215
0 0.624043 0.81287 0.0402748 0.23034 0.741479
0 0.84865 0.658181 0.0482475 0.217528 0.695154
0 0.260163 0.241432 0.035386 0.165806 0.674599
0 0.229316 0.246904 0.0255387 0.140017 0.592412
0 0.785455 0.0641025 0.029705 0.123459 0.551592
0 0.503508 0.0386066 0.0385846 0.0723755 0.418015
0 0.150737 0.267058 0.0316385 0.183828 0.405512
0 0.423067 0.209 0.0264704 0.156687 0.375213
0 0.846988 0.182432 0.0294353 0.164396 0.352739
58 0.345664 0.305453 0.0487704 0.106805 0.343974
0 0.18174 0.264607 0.0316502 0.159584 0.307936
0 0.203516 0.177838 0.0317077 0.165497 0.289458
1 0.704477 0.195775 0.093642 0.0965343 0.28681
3 0.809361 0.609589 0.0695099 0.132013 0.281028
3 0.701343 0.190306 0.101284 0.106 0.277061
0 0.164144 0.172413 0.0287167 0.100612 0.260408
