2 0.691234 0.409718 0.139035 0.235951 0.897925
0 0.229734 0.818002 0.0489854 0.244708 0.862372
0 0.916077 0.519859 0.0382586 0.193959 0.847757
0 0.240439 0.351378 0.0408958 0.19838 0.818252
0 0.0718763 0.622588 0.0396016 0.230912 0.788355
0 0.582823 0.929033 0.0431631 0.141933 0.76025
0 0.580976 0.206147 0.0296509 0.160192 0.730329
0 0.734326 0.647244 0.0539173 0.224911 0.706667
0 0.291842 0.328776 0.0326994 0.192496 0.694371
0 0.485181 0.281102 0.0341867 0.170628 0.626588
0 0.313563 0.310131 0.0257957 0.168245 0.608209
0 0.44623 0.304681 0.0344707 0.162176 0.603591
3 0.837369 0.608205 0.128109 0.156146 0.565757
0 0.198641 0.174278 0.0340497 0.164717 0.560793
0 0.420473 0.29734 0.0312588 0.170274 0.551175
0 0.164049 0.192098 0.0283637 0.150498 0.515158
0 0.642126 0.227892 0.0287474 0.142776 0.457563
0 0.340499 0.770958 0.0262636 0.14523 0.374356
0 0.788332 0.0994299 0.0276524 0.0661155 0.323118
0 0.12524 0.187268 0.0275018 0.137373 0.30686
58 0.809261 0.291678 0.0538858 0.100573 0.294431
0 0.26291 0.240574 0.0295713 0.156031 0.280309
0 0.426728 0.195162 0.0291933 0.114265 0.267965
