2 0.691501 0.411685 0.13913 0.239041 0.856781
0 0.129878 0.833532 0.0477592 0.255659 0.828014
0 0.169179 0.856355 0.0440043 0.233512 0.794316
0 0.448882 0.678801 0.0358204 0.225743 0.775099
0 0.511791 0.759945 0.0425976 0.233757 0.733467
0 0.258227 0.217432 0.036407 0.163626 0.716555
0 0.924469 0.25841 0.0294456 0.143539 0.706017
0 0.913493 0.519926 0.0348816 0.190326 0.685664
0 0.85763 0.367693 0.0279556 0.180147 0.682966
0 0.562499 0.93132 0.0417315 0.13736 0.673385
0 0.558178 0.759492 0.037682 0.197375 0.667825
0 0.889163 0.0963689 0.0322296 0.14954 0.591945
0 0.824184 0.668132 0.0549547 0.20122 0.565642
0 0.976679 0.26615 0.0339382 0.174856 0.523399
0 0.204171 0.181271 0.0349902 0.177748 0.517017
0 0.162872 0.187425 0.0282085 0.166284 0.501778
3 0.700739 0.193389 0.102247 0.104135 0.48725
0 0.854926 0.0899206 0.030015 0.154605 0.483388
0 0.792466 0.0601017 0.0279001 0.120203 0.465113
0 0.249942 0.079941 0.0309736 0.147365 0.459043
0 0.423608 0.214987 0.0312535 0.16223 0.445537
0 0.533672 0.0558896 0.0284528 0.109707 0.443671
0 0.133484 0.183937 0.0302787 0.172758 0.441141
0 0.91538 0.384928 0.0432777 0.135808 0.439575
0 0.475757 0.0591045 0.0298769 0.111731 0.39398
0 0.225983 0.254259 0.0280286 0.168883 0.359401
0 0.905303 0.673582 0.0409893 0.192606 0.356761
0 0.695543 0.0875656 0.0433591 0.169703 0.353091
0 0.50023 0.0555366 0.0269421 0.1065 0.344977
0 0.337197 0.781119 0.0314527 0.140921 0.308036
0 0.374724 0.257082 0.0360795 0.126819 0.287128
1 0.693812 0.196869 0.0873397 0.110804 0.269812
