2 0.691545 0.408915 0.138514 0.236816 0.881929
0 0.239359 0.389461 0.0420045 0.208214 0.850959
0 0.231281 0.897112 0.0554345 0.205775 0.85083
0 0.0305621 0.75496 0.0377927 0.207011 0.848014
0 0.916137 0.519699 0.0381773 0.192972 0.83588
0 0.0715374 0.622198 0.0400467 0.22893 0.762805
0 0.281932 0.284941 0.0431797 0.183692 0.757001
0 0.630074 0.943717 0.0413183 0.112567 0.733485
0 0.734206 0.644669 0.0546289 0.228083 0.698615
0 0.523949 0.26082 0.0320428 0.164134 0.652073
0 0.750931 0.269624 0.0289917 0.170076 0.617296
0 0.77645 0.259536 0.0279163 0.159776 0.502523
0 0.427525 0.221764 0.0279641 0.16405 0.499753
0 0.468645 0.262899 0.0291201 0.16264 0.498947
3 0.836918 0.607236 0.128601 0.15743 0.473426
0 0.398534 0.258335 0.0355306 0.159767 0.47002
0 0.649014 0.220633 0.0361589 0.158558 0.439444
0 0.44795 0.253108 0.0279097 0.170687 0.413107
0 0.788139 0.0997585 0.027577 0.0686499 0.399614
0 0.686648 0.241937 0.0444965 0.111671 0.395584
0 0.12192 0.191864 0.0286544 0.141973 0.383617
0 0.198607 0.178609 0.0328181 0.154948 0.367962
0 0.166912 0.191863 0.0288227 0.155598 0.356761
