2 0.691257 0.407987 0.138869 0.236614 0.88547
0 0.227373 0.918031 0.0575715 0.163937 0.834077
0 0.916064 0.5202 0.0381969 0.194896 0.831869
0 0.232713 0.409805 0.0439599 0.209024 0.796616
0 0.0229208 0.788419 0.0364008 0.201622 0.776391
0 0.637407 0.947051 0.0455679 0.105398 0.767924
0 0.072463 0.622078 0.0402867 0.224591 0.763934
0 0.274232 0.268514 0.041441 0.177372 0.748915
0 0.536101 0.256743 0.0297134 0.166425 0.735114
0 0.768313 0.277517 0.0378475 0.174989 0.637978
0 0.734024 0.641452 0.0560898 0.229042 0.627149
0 0.428809 0.263894 0.0425945 0.156283 0.620467
0 0.479307 0.24877 0.0326517 0.159771 0.614549
0 0.727585 0.634482 0.0423182 0.211429 0.517879
0 0.163094 0.194036 0.0281747 0.15377 0.50643
3 0.836379 0.608775 0.128112 0.154526 0.500673
0 0.45396 0.240392 0.0281796 0.16232 0.498713
0 0.710217 0.24862 0.0366732 0.109762 0.497047
0 0.198461 0.173724 0.0328069 0.165792 0.43872
0 0.788252 0.09902 0.0282568 0.0688569 0.37448
2 0.0655124 0.349808 0.077435 0.169054 0.35645
58 0.811461 0.310032 0.0515457 0.137091 0.269125
0 0.258498 0.181475 0.0294155 0.157233 0.261415
0 0.991687 0.379767 0.0157406 0.187492 0.257243
