0 0.471627 0.498786 0.0324266 0.194255 0.875953
0 0.181539 0.749656 0.0496981 0.238514 0.875325
0 0.711218 0.906607 0.0498901 0.186786 0.841964
2 0.691316 0.409182 0.138961 0.23743 0.81801
0 0.916073 0.518876 0.0380161 0.191468 0.803216
0 0.522008 0.488119 0.0345846 0.201547 0.775482
0 0.592557 0.0945325 0.0286827 0.149118 0.745949
0 0.493105 0.938651 0.0360905 0.122698 0.713615
0 0.232499 0.408123 0.0398254 0.196673 0.702302
0 0.9347 0.738779 0.0423206 0.220207 0.675067
0 0.194257 0.409919 0.0318569 0.166776 0.673615
0 0.849518 0.658428 0.0487019 0.214876 0.672967
0 0.844294 0.122041 0.0299482 0.140822 0.594077
0 0.261915 0.250296 0.0364986 0.189313 0.544521
0 0.433422 0.208085 0.0361607 0.160557 0.448329
0 0.754686 0.0641378 0.0287018 0.128276 0.434934
0 0.904045 0.149441 0.0246162 0.146523 0.431648
0 0.184835 0.239602 0.0415321 0.176214 0.424163
3 0.701405 0.193628 0.100069 0.104049 0.397731
0 0.695214 0.084119 0.0415073 0.165025 0.378955
0 0.214354 0.254999 0.0281374 0.15521 0.338843
0 0.139025 0.195822 0.0296226 0.154919 0.320913
1 0.702725 0.195339 0.0975004 0.104234 0.269873
