2 0.691238 0.410492 0.139065 0.236022 0.8593
0 0.916003 0.52075 0.0375847 0.195292 0.831813
0 0.283935 0.412959 0.0376282 0.200652 0.819097
0 0.223641 0.619897 0.0488468 0.22068 0.811467
0 0.503942 0.916771 0.0370174 0.166457 0.747954
0 0.104654 0.762949 0.0522549 0.243385 0.743952
0 0.422565 0.394311 0.0345592 0.189965 0.706041
0 0.591586 0.200257 0.0308254 0.16528 0.6952
0 0.244614 0.267773 0.0360914 0.18926 0.686425
0 0.323406 0.409506 0.0328335 0.17118 0.682813
0 0.49269 0.20283 0.0336235 0.159132 0.607964
0 0.73378 0.648678 0.0548794 0.227708 0.602161
0 0.629094 0.191067 0.0286901 0.146396 0.597747
0 0.431672 0.201048 0.0379985 0.205165 0.571722
0 0.836263 0.0622846 0.0257801 0.124569 0.567063
0 0.127834 0.553436 0.0325704 0.191076 0.556488
0 0.0737653 0.694349 0.0399519 0.237107 0.54284
3 0.837222 0.611821 0.127302 0.15013 0.51174
0 0.45394 0.395528 0.0324686 0.176975 0.451262
0 0.163397 0.193005 0.0261797 0.148064 0.405146
0 0.0737733 0.577824 0.0414936 0.129779 0.401498
0 0.790261 0.0982946 0.0274338 0.0679567 0.318697
1 0.703592 0.199533 0.0956701 0.0961069 0.312556
1 0.689547 0.201593 0.0802965 0.104262 0.295671
