2 0.691463 0.411152 0.139042 0.235378 0.853288
0 0.915967 0.521473 0.0378193 0.193495 0.850801
0 0.213368 0.916476 0.0568928 0.167047 0.784249
0 0.242669 0.531167 0.0374165 0.206563 0.774608
0 0.286819 0.533271 0.0362808 0.191256 0.762927
0 0.533387 0.152421 0.0318155 0.163367 0.756158
0 0.503598 0.919512 0.0377232 0.160977 0.740247
0 0.19738 0.652686 0.0573524 0.22338 0.701997
0 0.561276 0.147829 0.0284845 0.141449 0.666734
0 0.500298 0.118785 0.0302896 0.157432 0.659819
0 0.136705 0.427704 0.0302214 0.166359 0.658419
0 0.815377 0.670176 0.0440022 0.220635 0.652595
0 0.904485 0.117457 0.028117 0.146686 0.635559
0 0.483036 0.497617 0.0340625 0.179756 0.579902
0 0.454387 0.494351 0.0360661 0.184494 0.554447
0 0.427873 0.192012 0.0338222 0.211093 0.512965
0 0.228686 0.417023 0.0459146 0.121984 0.443656
0 0.768378 0.0635348 0.0309454 0.125624 0.443626
0 0.223831 0.821693 0.0435571 0.132509 0.438291
0 0.254142 0.196602 0.0355217 0.169849 0.374854
1 0.86438 0.628501 0.0697189 0.112071 0.359559
0 0.158598 0.196807 0.0315678 0.158718 0.336478
0 0.833065 0.0498907 0.0202036 0.0936035 0.335067
0 0.486882 0.42009 0.0284134 0.141374 0.331747
3 0.701369 0.196294 0.0994831 0.104391 0.313034
0 0.231767 0.119985 0.0297894 0.152237 0.304683
1 0.664961 0.200976 0.0323767 0.0965321 0.281213
