0 0.183708 0.635159 0.0452157 0.224842 0.831296
0 0.240523 0.657812 0.0358167 0.219469 0.781329
0 0.533308 0.921899 0.0433601 0.153031 0.77526
0 0.465083 0.585043 0.0369488 0.205314 0.768578
2 0.691248 0.412051 0.13844 0.240427 0.765896
0 0.25481 0.3415 0.0371775 0.188346 0.763951
0 0.915865 0.519708 0.038625 0.192906 0.753312
0 0.621893 0.529397 0.0360497 0.182544 0.726723
0 0.503335 0.58938 0.0384012 0.193002 0.719566
0 0.936643 0.177773 0.031283 0.156613 0.684496
0 0.539515 0.110736 0.0292465 0.149962 0.684421
0 0.510489 0.103304 0.0296968 0.149914 0.620725
0 0.869271 0.116629 0.0290848 0.149608 0.588775
0 0.428182 0.217722 0.032007 0.158864 0.546167
0 0.261564 0.150789 0.0388349 0.170515 0.503197
0 0.23438 0.164064 0.0248547 0.15438 0.479591
3 0.701216 0.194172 0.100002 0.10207 0.441182
0 0.857317 0.692215 0.0312204 0.224995 0.43853
3 0.839829 0.601629 0.125235 0.1597 0.39351
0 0.159752 0.191825 0.0312835 0.149843 0.381153
0 0.385085 0.0631142 0.0252527 0.126045 0.363505
0 0.695275 0.0853791 0.0415443 0.165281 0.353429
58 0.80955 0.286216 0.0528774 0.0895309 0.285641
0 0.130042 0.202199 0.0267665 0.141994 0.283956
3 0.825213 0.614331 0.102669 0.13793 0.27286
0 0.198778 0.181823 0.0281215 0.15683 0.262963
