2 0.691376 0.408056 0.138485 0.236589 0.888596
0 0.230598 0.428438 0.0433901 0.21441 0.847663
0 0.916301 0.519647 0.0378056 0.193606 0.836295
0 0.229595 0.936148 0.0535857 0.127704 0.805749
0 0.0724614 0.622002 0.0409014 0.225824 0.790951
0 0.0210124 0.814338 0.0402983 0.208874 0.764908
0 0.275096 0.255832 0.0397229 0.173771 0.701474
0 0.646111 0.951223 0.0442947 0.0969828 0.695195
0 0.782116 0.282956 0.0315842 0.172412 0.685998
0 0.539108 0.246812 0.035625 0.167455 0.673767
0 0.733426 0.641738 0.0553036 0.228702 0.656162
0 0.427159 0.217381 0.0316978 0.163235 0.641793
0 0.722421 0.266023 0.0354177 0.135271 0.581408
0 0.460909 0.246685 0.0494122 0.194121 0.534538
0 0.199362 0.171609 0.0342857 0.171383 0.502276
3 0.836283 0.608652 0.129424 0.155243 0.475979
0 0.483254 0.242303 0.028068 0.158021 0.457726
0 0.162425 0.186099 0.027748 0.16664 0.454443
0 0.986862 0.352316 0.0253834 0.180564 0.414701
0 0.788215 0.0987643 0.0285484 0.0676202 0.399969
0 0.727575 0.633523 0.0415642 0.209925 0.359156
58 0.811575 0.309606 0.0506338 0.139276 0.259033
