2 0.691481 0.411208 0.138853 0.23497 0.868878
0 0.915687 0.521987 0.0381775 0.194575 0.843035
0 0.505635 0.922836 0.0329525 0.153174 0.770399
0 0.186448 0.892828 0.0500581 0.214344 0.726965
0 0.539877 0.164942 0.0312956 0.168843 0.718562
0 0.294939 0.510297 0.0336984 0.18765 0.699792
0 0.154758 0.654746 0.0479588 0.231203 0.694314
0 0.502639 0.135663 0.0306095 0.163742 0.678811
0 0.255098 0.497386 0.0346045 0.207969 0.674712
0 0.574336 0.155547 0.0295315 0.150519 0.668498
0 0.890982 0.106918 0.0289604 0.142829 0.645578
0 0.790237 0.655456 0.0533529 0.225082 0.634725
0 0.482867 0.476746 0.0345575 0.17939 0.616727
0 0.219322 0.493099 0.0382728 0.200327 0.59716
0 0.138242 0.452942 0.0295719 0.174496 0.581809
0 0.449019 0.46446 0.0392045 0.183122 0.533564
0 0.771708 0.0819373 0.0268274 0.127818 0.52591
3 0.701944 0.197926 0.0985975 0.0987398 0.332058
0 0.427465 0.219516 0.0291517 0.153308 0.327636
0 0.16128 0.198014 0.0298772 0.154063 0.300226
1 0.665719 0.205637 0.0330001 0.0906061 0.29943
0 0.195172 0.186043 0.0305322 0.155831 0.295748
0 0.255902 0.210881 0.0330423 0.177283 0.264428
0 0.199424 0.781686 0.0417631 0.133969 0.251161
