0 0.567206 0.718989 0.0387442 0.228113 0.847823
0 0.171127 0.55395 0.0386888 0.207471 0.832355
0 0.91628 0.518731 0.0377903 0.193436 0.831729
2 0.691438 0.408575 0.139259 0.236917 0.825742
0 0.478322 0.943554 0.0468087 0.112892 0.784324
0 0.604448 0.704211 0.0469929 0.239446 0.739175
0 0.847196 0.656592 0.0497906 0.215411 0.720614
0 0.309177 0.64215 0.0349623 0.224433 0.710771
0 0.249131 0.270171 0.0326127 0.185689 0.532593
0 0.221459 0.2805 0.0267341 0.159282 0.449053
0 0.183599 0.256923 0.0296351 0.159997 0.395489
0 0.15863 0.257358 0.0271756 0.161011 0.384358
58 0.346123 0.304749 0.0489804 0.104804 0.367368
0 0.299457 0.192887 0.0302975 0.149897 0.34281
3 0.701136 0.190573 0.100686 0.107685 0.297859
0 0.423251 0.199622 0.031759 0.161442 0.288156
1 0.696296 0.192733 0.0883541 0.111855 0.283398
0 0.788875 0.0702651 0.0303499 0.122966 0.268117
