2 0.691309 0.409244 0.1394 0.234176 0.840834
0 0.446737 0.662267 0.0511108 0.234889 0.839807
0 0.144299 0.759691 0.0479647 0.248331 0.825505
0 0.536878 0.0708198 0.02943 0.137095 0.815861
0 0.19094 0.77721 0.0387717 0.22667 0.790531
0 0.252663 0.259393 0.0352795 0.178007 0.784873
0 0.915653 0.519569 0.0379232 0.19223 0.764556
0 0.495007 0.686017 0.0403926 0.208373 0.761518
0 0.555303 0.927485 0.0422001 0.14503 0.709013
0 0.534789 0.702352 0.0451073 0.2036 0.695562
0 0.956993 0.430625 0.0464005 0.191839 0.644073
0 0.501511 0.0653036 0.0277911 0.130607 0.631872
0 0.871481 0.406738 0.0326607 0.171579 0.560671
0 0.430571 0.21284 0.0274533 0.166168 0.538507
0 0.911859 0.230052 0.0308613 0.150095 0.457172
0 0.245652 0.110967 0.0352863 0.160007 0.420159
0 0.200394 0.180791 0.0385057 0.156249 0.41983
0 0.880564 0.122729 0.0288288 0.163441 0.419162
3 0.701703 0.196296 0.0995556 0.0978914 0.393504
0 0.337389 0.781863 0.0316838 0.140307 0.379207
0 0.824738 0.66401 0.0263559 0.212243 0.354809
0 0.934824 0.218189 0.0273129 0.159991 0.351134
58 0.809757 0.287684 0.0536987 0.0933057 0.336011
0 0.494811 0.653684 0.0405103 0.146153 0.335963
1 0.867621 0.632806 0.0636967 0.103231 0.284189
58 0.810776 0.306373 0.0535006 0.131605 0.260737
