2 0.691382 0.409883 0.138585 0.233734 0.892608
0 0.231 0.846547 0.0528018 0.251366 0.857442
0 0.242024 0.360573 0.042922 0.204088 0.847154
0 0.916283 0.519696 0.0380348 0.19458 0.836339
0 0.594472 0.929898 0.0430736 0.140205 0.739366
0 0.596607 0.212449 0.0386311 0.164722 0.711831
0 0.733862 0.646868 0.0538565 0.226378 0.708111
0 0.290191 0.318126 0.0347391 0.17726 0.693382
0 0.494585 0.281398 0.0289769 0.174008 0.67886
0 0.264139 0.232702 0.0294424 0.156594 0.609587
3 0.83689 0.609289 0.128357 0.154141 0.555736
0 0.071426 0.623574 0.0386943 0.232916 0.539337
0 0.199021 0.173598 0.0346146 0.166719 0.527031
0 0.164679 0.190034 0.0291744 0.159316 0.482534
0 0.424769 0.285295 0.0296238 0.16184 0.427777
0 0.0700136 0.70704 0.0392086 0.202061 0.427242
0 0.340862 0.770576 0.0256735 0.14337 0.42449
0 0.788086 0.0985862 0.0285955 0.0679171 0.377409
0 0.650951 0.232865 0.0285919 0.119692 0.333483
0 0.452715 0.296795 0.0290282 0.14843 0.327948
0 0.0709995 0.587406 0.0386327 0.155845 0.315164
58 0.809483 0.292129 0.0539324 0.10126 0.298293
0 0.121769 0.179414 0.0276974 0.155361 0.296583
0 0.721216 0.246022 0.0516848 0.161033 0.252339
