0 0.603621 0.623537 0.0422688 0.224984 0.852038
2 0.691492 0.410099 0.138746 0.234111 0.842642
0 0.914837 0.520807 0.0399815 0.193775 0.83512
0 0.460903 0.308785 0.033225 0.172651 0.761483
0 0.503179 0.303447 0.0314711 0.176078 0.75501
0 0.911808 0.273321 0.0298038 0.142566 0.75312
0 0.984327 0.327614 0.0295015 0.180098 0.720921
0 0.214731 0.590607 0.04014 0.22065 0.707381
0 0.475263 0.933966 0.0290664 0.132068 0.701652
0 0.237541 0.951881 0.0534884 0.0962377 0.700675
0 0.847812 0.655235 0.0482586 0.216017 0.688669
0 0.167615 0.596857 0.0457328 0.198964 0.669375
0 0.167196 0.400482 0.0356174 0.183167 0.596502
0 0.266926 0.390637 0.0333245 0.175895 0.582831
0 0.320955 0.612018 0.0338655 0.228231 0.563771
0 0.20161 0.393926 0.0427476 0.177559 0.550927
0 0.698137 0.241403 0.0319424 0.117579 0.469605
0 0.886042 0.707161 0.0397552 0.236909 0.367869
0 0.885162 0.675891 0.034292 0.166253 0.266686
3 0.803252 0.606925 0.0566698 0.129615 0.252286
