2 0.69127 0.410836 0.139021 0.233086 0.882035
0 0.915805 0.520756 0.037763 0.195963 0.844149
0 0.240741 0.289284 0.0386986 0.188431 0.762831
0 0.13441 0.598703 0.0329767 0.194938 0.747685
0 0.286886 0.389778 0.0396178 0.198825 0.744334
0 0.522741 0.924483 0.0344088 0.146645 0.725784
0 0.328476 0.374507 0.0308814 0.164362 0.700371
0 0.0587148 0.713448 0.0504073 0.225522 0.69542
0 0.231507 0.677673 0.0467604 0.229471 0.658781
0 0.734244 0.643259 0.0546446 0.230539 0.646517
0 0.61899 0.214433 0.0337946 0.166589 0.60082
0 0.40951 0.364274 0.0318616 0.182898 0.586853
3 0.837219 0.611559 0.127237 0.152832 0.54116
0 0.478667 0.22764 0.0340382 0.169552 0.517291
0 0.647952 0.213372 0.0309782 0.146421 0.500922
0 0.429035 0.222221 0.0340113 0.167136 0.471739
0 0.0674744 0.580844 0.0339226 0.142171 0.446268
0 0.164321 0.195911 0.0269458 0.150727 0.416444
0 0.286813 0.201946 0.0315372 0.14972 0.379262
0 0.729237 0.634302 0.0402592 0.21337 0.374967
0 0.78962 0.101555 0.0292727 0.0690216 0.358259
0 0.197823 0.177518 0.0320406 0.160135 0.339011
3 0.709319 0.196984 0.0840504 0.0928505 0.305774
0 0.556402 0.179751 0.0245911 0.102235 0.301821
0 0.436503 0.370251 0.0286093 0.166306 0.2854
0 0.789039 0.132086 0.0302308 0.130868 0.258806
