2 0.691189 0.410923 0.139009 0.236535 0.828167
0 0.285423 0.608366 0.0540161 0.216311 0.813616
0 0.915298 0.518868 0.0408878 0.197866 0.812239
0 0.862051 0.262306 0.0349655 0.169501 0.804124
0 0.193068 0.382269 0.0359781 0.192956 0.750947
0 0.78691 0.0673592 0.0285121 0.130672 0.714798
0 0.503409 0.929434 0.0344137 0.141132 0.67753
0 0.609538 0.938059 0.0579746 0.123882 0.676641
0 0.192978 0.971815 0.0451979 0.0563699 0.645168
0 0.435832 0.213696 0.0284779 0.163184 0.63839
0 0.802865 0.941988 0.0477013 0.116025 0.628985
0 0.252624 0.167334 0.0269737 0.152541 0.535941
0 0.12318 0.313117 0.0307172 0.164503 0.523075
0 0.161487 0.197731 0.0334087 0.16684 0.517842
0 0.201281 0.173377 0.0355419 0.175059 0.517795
0 0.761389 0.954308 0.0417353 0.0913835 0.516622
0 0.844118 0.659637 0.055982 0.210551 0.502209
0 0.232761 0.177192 0.0199089 0.133687 0.378824
0 0.644877 0.94455 0.0403164 0.110637 0.368365
3 0.701083 0.195043 0.100646 0.101513 0.366772
0 0.30699 0.186979 0.0301962 0.145346 0.360458
0 0.376151 0.261924 0.039192 0.127314 0.345167
58 0.810135 0.311431 0.0540058 0.141862 0.341274
0 0.854733 0.660255 0.0352997 0.207311 0.333235
58 0.345712 0.307525 0.0485591 0.107992 0.304653
0 0.694568 0.0854253 0.0435184 0.166572 0.295048
1 0.702789 0.197752 0.0976179 0.0967376 0.274535
3 0.841237 0.598689 0.125188 0.148243 0.262751
26 0.148669 0.281435 0.0298019 0.0957305 0.260258
26 0.149281 0.294951 0.028601 0.0675919 0.25501
