2 0.691257 0.412028 0.139154 0.238548 0.807757
0 0.915298 0.519762 0.0426691 0.199032 0.804254
0 0.861422 0.260834 0.0326372 0.168904 0.777983
0 0.273266 0.608725 0.034549 0.217643 0.777933
0 0.192882 0.384413 0.0368658 0.1934 0.768198
0 0.609418 0.943309 0.0487221 0.113382 0.736792
0 0.78781 0.0677846 0.0301498 0.132515 0.702832
0 0.497988 0.928747 0.0339643 0.142506 0.68394
0 0.436313 0.214056 0.0276094 0.163584 0.654052
0 0.797413 0.93758 0.0496492 0.124841 0.637164
0 0.753824 0.950173 0.0431215 0.0996543 0.589473
0 0.201626 0.172863 0.0318955 0.175077 0.539311
0 0.255154 0.178031 0.02708 0.150298 0.52811
0 0.124823 0.307521 0.0300244 0.161656 0.479006
3 0.701245 0.19615 0.100437 0.100052 0.458138
0 0.233102 0.18128 0.0202032 0.133125 0.456763
0 0.845628 0.659961 0.0524811 0.20916 0.453569
0 0.162179 0.192398 0.0317799 0.152325 0.44077
0 0.306717 0.187369 0.0293066 0.145989 0.392267
0 0.645926 0.949802 0.0350291 0.100395 0.375904
0 0.376585 0.256846 0.0405131 0.131696 0.331424
3 0.839915 0.599099 0.127135 0.150873 0.330205
0 0.153669 0.307686 0.0309289 0.157001 0.328503
58 0.80985 0.31163 0.0537754 0.140363 0.309435
0 0.855273 0.66079 0.0331192 0.206106 0.301904
26 0.122555 0.270743 0.0236945 0.072569 0.301606
58 0.346084 0.308053 0.0489408 0.108015 0.288904
2 0.0580592 0.33397 0.0592697 0.13899 0.277734
