0 0.536832 0.104606 0.0291922 0.145741 0.815198
2 0.691144 0.413235 0.138008 0.241018 0.804123
0 0.173613 0.658127 0.0470451 0.225943 0.801003
0 0.255737 0.323746 0.0401708 0.185888 0.780059
0 0.915689 0.517239 0.0368721 0.199375 0.755275
0 0.469927 0.612681 0.0380548 0.221788 0.753669
0 0.881203 0.135146 0.0373856 0.160436 0.744901
0 0.230109 0.682107 0.0379907 0.215876 0.741316
0 0.530258 0.928424 0.0460375 0.143152 0.734706
0 0.65185 0.550239 0.0363302 0.188306 0.726093
0 0.505345 0.608246 0.0368902 0.193959 0.705136
0 0.508606 0.0956355 0.0284231 0.149449 0.667045
0 0.93739 0.178883 0.0318718 0.175943 0.612629
0 0.428025 0.217104 0.0328575 0.159444 0.608543
0 0.259692 0.152259 0.0388875 0.179704 0.593371
0 0.850119 0.685188 0.0509378 0.213896 0.559066
0 0.388913 0.628846 0.0441438 0.226571 0.48541
0 0.16067 0.193298 0.0324509 0.147333 0.455584
3 0.839297 0.598924 0.127803 0.163788 0.442098
3 0.701043 0.1942 0.100739 0.100742 0.413817
0 0.446435 0.0609588 0.0258429 0.121918 0.401927
0 0.233415 0.168305 0.0246801 0.152193 0.366173
1 0.702415 0.196661 0.0987432 0.100248 0.342371
0 0.694853 0.0860263 0.0418201 0.167915 0.341406
58 0.809427 0.288631 0.053096 0.0946283 0.317937
26 0.889989 0.109855 0.0209805 0.061769 0.301199
0 0.199353 0.183005 0.0291047 0.155113 0.28573
28 0.44612 0.65401 0.0283188 0.0462314 0.28111
0 0.130245 0.201591 0.0299338 0.143827 0.26926
