2 0.691359 0.408691 0.138918 0.237247 0.892477
0 0.229989 0.853879 0.0545752 0.253527 0.853001
0 0.916324 0.520142 0.0376734 0.194044 0.831158
0 0.241246 0.36667 0.0453164 0.210965 0.819964
0 0.600738 0.215202 0.0439318 0.163944 0.792294
0 0.500677 0.279589 0.0297009 0.171179 0.765232
0 0.603668 0.9326 0.0399403 0.134801 0.764954
0 0.288728 0.315355 0.0384212 0.184593 0.708497
0 0.734049 0.646494 0.0547087 0.226729 0.698943
0 0.0698303 0.633403 0.0418795 0.253756 0.593098
0 0.199357 0.17378 0.0339103 0.166637 0.56918
0 0.264152 0.228605 0.0297378 0.160873 0.546238
3 0.836887 0.609201 0.12787 0.154693 0.512715
0 0.0557122 0.71428 0.0352559 0.198497 0.475393
0 0.164808 0.188922 0.0296306 0.157149 0.423955
0 0.788236 0.0987542 0.0277554 0.0674841 0.41326
0 0.450127 0.293173 0.0341974 0.160182 0.382916
0 0.340492 0.77157 0.025253 0.140283 0.374494
0 0.060233 0.6602 0.0427384 0.303153 0.345846
0 0.119624 0.18046 0.0291643 0.146887 0.318032
0 0.427446 0.280471 0.0317471 0.166408 0.282912
