0 0.219476 0.603442 0.0584738 0.223881 0.837626
2 0.691308 0.410953 0.139211 0.239476 0.830184
0 0.916246 0.519229 0.0445265 0.195376 0.807219
0 0.692978 0.900705 0.0475864 0.192493 0.802827
0 0.862606 0.223434 0.035989 0.159545 0.751089
0 0.456083 0.928476 0.0331263 0.140873 0.741348
0 0.180323 0.426643 0.0358991 0.195327 0.733054
0 0.739747 0.896175 0.0526777 0.206619 0.721488
0 0.264933 0.200416 0.0294132 0.166973 0.662047
0 0.434817 0.212791 0.0276821 0.158125 0.604671
0 0.787786 0.0667825 0.0337298 0.130308 0.59924
0 0.137205 0.289202 0.029539 0.162921 0.494522
3 0.701267 0.191116 0.101111 0.113121 0.491415
0 0.845486 0.659079 0.0541841 0.212747 0.472905
0 0.581828 0.0478702 0.040932 0.0921762 0.451515
0 0.695057 0.0874376 0.041921 0.169018 0.411606
0 0.234408 0.201745 0.0233239 0.144928 0.385399
0 0.586204 0.983894 0.021657 0.0322122 0.367784
3 0.840453 0.600808 0.12664 0.152921 0.346332
58 0.347991 0.308302 0.0528071 0.108572 0.321993
0 0.376058 0.261299 0.0397815 0.118489 0.275375
0 0.162842 0.292925 0.0321108 0.171277 0.272501
