0 0.722678 0.924827 0.0536933 0.150346 0.834085
2 0.69124 0.408816 0.138777 0.234127 0.809976
0 0.915823 0.519117 0.0381851 0.191179 0.80869
0 0.477752 0.523187 0.0324251 0.2056 0.784585
0 0.523916 0.513951 0.0431108 0.211777 0.774381
0 0.175893 0.729779 0.04142 0.22605 0.76659
0 0.933604 0.739875 0.0439972 0.222939 0.701932
0 0.495254 0.933883 0.0389692 0.132233 0.699042
0 0.235527 0.394398 0.0348486 0.178924 0.686725
0 0.590835 0.0835723 0.0310886 0.14918 0.673266
0 0.848193 0.658884 0.050172 0.213446 0.662558
0 0.194509 0.399226 0.0305588 0.159541 0.584981
0 0.901191 0.146682 0.0259171 0.150554 0.51817
0 0.262095 0.244284 0.0371075 0.180826 0.508568
0 0.434431 0.208587 0.0322805 0.16058 0.47106
0 0.753061 0.0696656 0.0296654 0.139331 0.443501
0 0.18318 0.240782 0.0377934 0.180078 0.418799
0 0.695379 0.08294 0.0426498 0.162916 0.3602
0 0.220846 0.247002 0.0232131 0.149049 0.357298
2 0.0574736 0.331695 0.0626888 0.134855 0.305222
3 0.810015 0.608345 0.0725817 0.130545 0.265002
58 0.809501 0.282184 0.0529802 0.0832783 0.259718
0 0.842749 0.0907944 0.0236282 0.0937163 0.251487
3 0.701397 0.193954 0.10011 0.101174 0.251347
