0 0.91544 0.520142 0.0390125 0.193113 0.825278
0 0.170564 0.690004 0.0493556 0.233165 0.805417
0 0.537503 0.929935 0.0466169 0.140129 0.794326
2 0.691198 0.41651 0.138639 0.246768 0.789649
0 0.475797 0.628172 0.0416404 0.210115 0.781732
0 0.251813 0.30306 0.0383115 0.18324 0.759577
0 0.414122 0.635295 0.0446894 0.226103 0.752669
0 0.215687 0.713779 0.0390437 0.223699 0.746727
0 0.539059 0.0935597 0.0285179 0.144291 0.734622
0 0.518678 0.634175 0.0384541 0.190414 0.733479
0 0.844106 0.688384 0.0444107 0.20583 0.65532
0 0.506446 0.0817887 0.030242 0.153268 0.629712
0 0.929722 0.194897 0.0248888 0.168517 0.596734
0 0.890619 0.156649 0.0313593 0.158515 0.59429
0 0.428488 0.215475 0.0310176 0.160207 0.556231
0 0.452763 0.0631547 0.0241271 0.126309 0.520105
0 0.69265 0.569368 0.0395784 0.192075 0.486767
3 0.836424 0.609252 0.12797 0.151216 0.43256
0 0.1602 0.187634 0.0325591 0.160963 0.3996
3 0.70155 0.194702 0.0998023 0.0971222 0.394626
0 0.98445 0.46372 0.0304287 0.168343 0.386773
0 0.951367 0.145509 0.0371283 0.154149 0.385946
0 0.130271 0.227884 0.033378 0.251822 0.354518
58 0.809817 0.292126 0.0532933 0.102164 0.325079
0 0.196317 0.1822 0.0329773 0.153213 0.31896
0 0.0671286 0.421945 0.0322123 0.141586 0.313225
0 0.254873 0.137677 0.0335881 0.166551 0.310185
0 0.695557 0.0834851 0.0412994 0.162583 0.299648
0 0.0628544 0.417841 0.045513 0.150632 0.268553
