0 0.196887 0.88499 0.0504467 0.23002 0.857355
0 0.645405 0.745805 0.0458736 0.236715 0.856185
2 0.691082 0.408399 0.139263 0.233007 0.824588
0 0.91473 0.518474 0.0379492 0.193018 0.803825
0 0.454802 0.389155 0.0337652 0.185046 0.800565
0 0.274934 0.316053 0.0354222 0.1673 0.793142
0 0.496385 0.381351 0.0326038 0.18668 0.784891
0 0.849063 0.656356 0.051289 0.214845 0.781231
0 0.630205 0.18212 0.0304892 0.146977 0.772549
0 0.929359 0.735197 0.0496235 0.230496 0.7608
0 0.220958 0.499412 0.0397555 0.202752 0.745839
0 0.879971 0.201724 0.0306873 0.145892 0.720758
0 0.944752 0.248324 0.0307213 0.164164 0.715258
0 0.495473 0.933675 0.0354357 0.132649 0.704745
0 0.179492 0.506479 0.0367864 0.194446 0.700588
0 0.228655 0.328292 0.0409292 0.170689 0.530097
0 0.183076 0.325506 0.0292331 0.163827 0.490323
0 0.780578 0.228218 0.0292096 0.136099 0.471424
0 0.434863 0.207795 0.0282328 0.16065 0.379094
