2 0.691548 0.40911 0.13882 0.23935 0.899771
0 0.214548 0.487972 0.0417215 0.224396 0.843344
0 0.0729404 0.622279 0.0405958 0.226204 0.736766
0 0.920466 0.521277 0.0397905 0.197546 0.73059
0 0.581719 0.274719 0.0356154 0.166212 0.706374
0 0.427827 0.216384 0.0328787 0.162406 0.677874
0 0.560567 0.205061 0.0338579 0.164295 0.67426
0 0.595946 0.952784 0.0379322 0.0944318 0.667088
0 0.865453 0.326723 0.0343494 0.172953 0.649908
0 0.950511 0.272748 0.029093 0.173171 0.635792
0 0.739492 0.643344 0.0667265 0.230941 0.596241
0 0.298936 0.218894 0.0312166 0.169792 0.587474
3 0.836206 0.606742 0.129076 0.15907 0.557473
0 0.473632 0.196595 0.0285304 0.156094 0.528415
0 0.0110697 0.903178 0.0220233 0.191477 0.500429
0 0.138252 0.465431 0.0430859 0.177781 0.474793
0 0.72772 0.635011 0.0431841 0.213708 0.473035
0 0.199203 0.175785 0.0321171 0.161915 0.465251
0 0.273876 0.200425 0.0293155 0.158304 0.458496
0 0.151558 0.431911 0.0317885 0.186607 0.456618
0 0.762916 0.309572 0.0446291 0.157971 0.394561
0 0.491065 0.198094 0.0216398 0.146107 0.380939
0 0.22831 0.159076 0.025811 0.153035 0.338585
0 0.788073 0.0993597 0.0277624 0.0680104 0.323294
58 0.347284 0.310538 0.0509089 0.115354 0.311505
0 0.163143 0.185266 0.0275854 0.161713 0.271857
