0 0.148758 0.946308 0.0451522 0.107383 0.855834
0 0.182826 0.915159 0.0468987 0.169682 0.838294
2 0.691373 0.410225 0.138939 0.235671 0.8214
0 0.209207 0.326958 0.0340746 0.175651 0.76941
0 0.916114 0.519453 0.036068 0.192512 0.752867
0 0.88095 0.312606 0.039558 0.179632 0.732347
0 0.576333 0.894019 0.0412076 0.208859 0.681367
0 0.537281 0.931617 0.0333477 0.136766 0.672928
0 0.787203 0.0674059 0.0300039 0.131694 0.665313
0 0.624398 0.899252 0.0463827 0.198877 0.647476
0 0.163281 0.188293 0.0295514 0.163974 0.570035
0 0.201395 0.16869 0.0318741 0.16519 0.542355
0 0.845126 0.659948 0.0567589 0.211428 0.525134
0 0.983968 0.325538 0.0313061 0.178453 0.487696
3 0.700854 0.194214 0.101973 0.103845 0.457006
0 0.436624 0.216066 0.0279255 0.15467 0.454298
0 0.102382 0.333855 0.0292057 0.176952 0.420251
0 0.235 0.140573 0.024442 0.146631 0.387957
0 0.695424 0.0855163 0.0418362 0.167749 0.361722
58 0.345178 0.306215 0.0479421 0.108457 0.353197
0 0.26174 0.151066 0.0313579 0.19377 0.321458
0 0.867356 0.058177 0.0257175 0.103481 0.313646
58 0.809617 0.31134 0.0534966 0.141111 0.274488
3 0.840675 0.59822 0.125911 0.151125 0.269683
0 0.307963 0.183855 0.0313709 0.152434 0.257952
