2 0.691408 0.410651 0.139113 0.23422 0.860479
0 0.915555 0.520621 0.0379549 0.194067 0.851374
0 0.19349 0.902087 0.0530413 0.195826 0.817499
0 0.503243 0.920474 0.0364975 0.159051 0.764841
0 0.537876 0.156946 0.0309487 0.161651 0.72932
0 0.501994 0.127683 0.0304945 0.162844 0.721516
0 0.293269 0.512976 0.0352808 0.183547 0.717333
0 0.798228 0.662025 0.0506762 0.224114 0.715533
0 0.176594 0.651051 0.0368413 0.22698 0.709317
0 0.136987 0.442357 0.0310487 0.169553 0.688278
0 0.251594 0.507052 0.0336511 0.201733 0.664124
0 0.895446 0.111786 0.0300556 0.140812 0.660269
0 0.481612 0.481809 0.0334635 0.175986 0.645179
0 0.222462 0.483597 0.0363211 0.205431 0.644522
0 0.215534 0.799279 0.0518066 0.144223 0.625565
0 0.451223 0.479612 0.0376777 0.198794 0.603942
0 0.568923 0.153623 0.0267725 0.148594 0.581043
0 0.433553 0.197251 0.0394162 0.203203 0.487696
0 0.768403 0.0763925 0.0305552 0.128291 0.412622
1 0.860347 0.627182 0.0806126 0.11309 0.383111
0 0.257303 0.208772 0.0309726 0.177792 0.300745
3 0.701802 0.197547 0.0986233 0.100906 0.288611
0 0.703751 0.283946 0.0189322 0.0393917 0.264425
1 0.665185 0.20281 0.0323191 0.0938874 0.260367
