0 0.255682 0.607399 0.0456027 0.220255 0.829814
2 0.691405 0.411889 0.139196 0.240434 0.805122
0 0.916592 0.519733 0.0416142 0.197863 0.803818
0 0.858807 0.244524 0.0354408 0.164394 0.777014
0 0.190625 0.398051 0.0364502 0.192654 0.740144
0 0.485725 0.930514 0.0357612 0.138969 0.70655
0 0.735243 0.936945 0.046493 0.125042 0.685437
0 0.43609 0.213685 0.0283237 0.163459 0.644182
0 0.787682 0.0664692 0.0317897 0.132938 0.622654
0 0.606185 0.953637 0.0374905 0.0927256 0.599803
0 0.640699 0.958606 0.0387484 0.0827889 0.591602
0 0.779595 0.92628 0.0473209 0.147439 0.550893
0 0.202984 0.171994 0.0345906 0.176537 0.526592
0 0.843927 0.660096 0.0560564 0.211303 0.519885
0 0.257605 0.174379 0.0279724 0.157594 0.439504
1 0.702555 0.19783 0.0981192 0.0981332 0.409542
0 0.161782 0.195576 0.032597 0.156729 0.39482
3 0.701078 0.194454 0.100718 0.105074 0.377517
0 0.375978 0.26268 0.0392632 0.128183 0.2998
0 0.403545 0.121359 0.0261264 0.159492 0.291166
0 0.855173 0.657185 0.0339642 0.215276 0.288717
3 0.841276 0.599253 0.126489 0.148896 0.278818
58 0.811015 0.311773 0.0529114 0.139767 0.273752
58 0.346761 0.307704 0.0507895 0.107656 0.272185
0 0.307534 0.181941 0.031761 0.158778 0.254714
0 0.234243 0.178506 0.0228705 0.142833 0.251493
