2 0.691441 0.40977 0.138881 0.235554 0.859617
0 0.15849 0.713235 0.0496924 0.236836 0.837222
0 0.915594 0.519378 0.0384144 0.193756 0.780834
0 0.251025 0.28563 0.0382451 0.180215 0.778906
0 0.206502 0.732227 0.0413814 0.214154 0.759111
0 0.482098 0.655742 0.0405115 0.21918 0.737944
0 0.538279 0.0835661 0.028953 0.143909 0.716881
0 0.551595 0.9271 0.0432503 0.145341 0.710856
0 0.522416 0.659712 0.0405266 0.203519 0.702053
0 0.424118 0.643335 0.0367519 0.228802 0.683592
0 0.503098 0.072744 0.0300245 0.145488 0.620361
0 0.926863 0.220229 0.0312336 0.157474 0.588318
0 0.427109 0.215642 0.030827 0.159047 0.559017
0 0.899556 0.174669 0.0324852 0.157737 0.510964
3 0.835256 0.602074 0.126497 0.157895 0.452829
0 0.727616 0.575816 0.0447198 0.1696 0.45147
0 0.888245 0.42113 0.033511 0.163634 0.440322
0 0.834334 0.683062 0.0305452 0.213719 0.424267
0 0.161464 0.193488 0.0309632 0.150004 0.411102
0 0.983398 0.457912 0.0326406 0.186724 0.3874
0 0.461987 0.0648094 0.0218658 0.128565 0.369728
0 0.196951 0.182776 0.0355705 0.151099 0.366329
0 0.250601 0.12741 0.032216 0.160214 0.353959
3 0.701296 0.194384 0.100111 0.0984685 0.34908
1 0.871435 0.627112 0.055788 0.109875 0.332508
0 0.234531 0.179839 0.02003 0.14132 0.320627
0 0.695543 0.0852095 0.0405231 0.16551 0.265684
58 0.809778 0.282593 0.053315 0.0824675 0.259703
58 0.346019 0.306322 0.048461 0.111534 0.254456
