2 0.691067 0.418177 0.138146 0.248951 0.862767
0 0.916047 0.518044 0.0371883 0.197367 0.813889
0 0.172271 0.664944 0.0461536 0.226087 0.792951
0 0.53794 0.101167 0.0289835 0.145793 0.783729
0 0.224062 0.686444 0.040355 0.216112 0.777717
0 0.530309 0.930838 0.0517023 0.138324 0.764304
0 0.883325 0.140211 0.035944 0.158232 0.757701
0 0.25444 0.319562 0.0446209 0.186563 0.753376
0 0.509589 0.620439 0.0381047 0.196369 0.7323
0 0.470207 0.60947 0.0392192 0.208609 0.696058
0 0.508558 0.0888244 0.0294936 0.159111 0.694689
0 0.933958 0.171359 0.0310669 0.194643 0.639697
0 0.848017 0.681865 0.0454102 0.218453 0.605872
3 0.837293 0.600304 0.126935 0.17354 0.566575
0 0.39642 0.631755 0.0291897 0.227892 0.521193
0 0.4284 0.215577 0.0320421 0.158592 0.515457
0 0.664558 0.55523 0.0470336 0.193751 0.511079
3 0.700859 0.193471 0.101477 0.103915 0.492269
0 0.160415 0.193322 0.0314992 0.14739 0.478685
0 0.966211 0.149124 0.0325495 0.165808 0.477368
0 0.257331 0.150565 0.0400311 0.177581 0.435398
0 0.447804 0.0609638 0.0240594 0.121928 0.427693
0 0.234114 0.173779 0.026019 0.145264 0.410538
0 0.0679849 0.421367 0.0311472 0.144641 0.391046
0 0.129182 0.233939 0.0362837 0.219864 0.385557
0 0.695305 0.0854992 0.0400867 0.166524 0.375307
58 0.809833 0.287154 0.0533049 0.0923469 0.334875
0 0.990734 0.457355 0.0178621 0.111182 0.314022
0 0.198236 0.18484 0.0306101 0.15225 0.306432
3 0.805737 0.610832 0.0633448 0.142236 0.257373
