2 0.691155 0.410215 0.138981 0.235571 0.850283
0 0.916026 0.520642 0.0375626 0.195783 0.836384
0 0.283655 0.413738 0.0376051 0.201441 0.832839
0 0.223244 0.619391 0.0495966 0.223512 0.794909
0 0.106572 0.763905 0.0570621 0.241092 0.772318
0 0.590223 0.199169 0.0334036 0.163393 0.738492
0 0.503647 0.916372 0.0372882 0.167257 0.729262
0 0.24515 0.266833 0.0358562 0.188715 0.696628
0 0.423923 0.394888 0.0360776 0.189944 0.68128
0 0.323 0.408371 0.0334625 0.169686 0.675229
0 0.628754 0.189443 0.0293619 0.146871 0.631809
0 0.493409 0.201959 0.0335552 0.16068 0.626245
0 0.733708 0.648281 0.0545701 0.228395 0.609966
0 0.836679 0.0627287 0.0253101 0.125457 0.56505
0 0.431047 0.198901 0.0350992 0.200496 0.558711
0 0.126818 0.552587 0.0335807 0.191585 0.543046
0 0.0751662 0.691971 0.0372894 0.201604 0.532295
3 0.836991 0.611881 0.127244 0.15163 0.528124
0 0.0737546 0.574089 0.041816 0.1212 0.472401
0 0.454429 0.395895 0.0323712 0.173912 0.464259
0 0.163559 0.194032 0.0265755 0.14959 0.450092
0 0.790357 0.0979311 0.0272644 0.0676116 0.356856
0 0.738918 0.642132 0.0392684 0.23833 0.323726
1 0.703679 0.200028 0.0950075 0.095666 0.316925
58 0.810574 0.283351 0.053236 0.0815188 0.258427
