2 0.691375 0.409957 0.138998 0.233966 0.822395
0 0.179221 0.905565 0.0514266 0.18671 0.820116
0 0.610651 0.888573 0.0489358 0.213622 0.796664
0 0.570534 0.885571 0.0429214 0.226966 0.790606
0 0.878791 0.31662 0.0397415 0.175902 0.785991
0 0.149948 0.935836 0.0431517 0.125656 0.777627
0 0.213163 0.32016 0.0328351 0.176773 0.714037
0 0.914246 0.522242 0.0370483 0.195935 0.683869
0 0.543465 0.928641 0.0374971 0.142717 0.674275
0 0.978813 0.319487 0.032003 0.162136 0.659115
0 0.787096 0.0673502 0.0302493 0.130697 0.630575
0 0.385364 0.647439 0.0390308 0.233802 0.585959
0 0.438487 0.17414 0.0340731 0.237534 0.567337
3 0.700823 0.195515 0.101919 0.102407 0.509345
0 0.202214 0.168964 0.032196 0.165592 0.497337
0 0.163472 0.181633 0.0300903 0.181356 0.486121
0 0.844501 0.659124 0.0588955 0.213548 0.466705
0 0.870556 0.0596024 0.0252855 0.118865 0.401271
0 0.0981072 0.336721 0.0314249 0.185321 0.385763
0 0.695337 0.0852433 0.0425329 0.16709 0.375293
0 0.252539 0.156043 0.0245541 0.185461 0.359388
0 0.261273 0.154097 0.0265768 0.179082 0.326443
0 0.232592 0.13076 0.0235618 0.148939 0.315056
0 0.376392 0.257473 0.0387734 0.126191 0.309281
58 0.810462 0.311468 0.0522453 0.142315 0.27465
0 0.853991 0.658317 0.0415398 0.211856 0.265218
0 0.303964 0.153934 0.0313843 0.21382 0.261324
