0 0.265601 0.637186 0.0541407 0.226958 0.838901
0 0.917034 0.519163 0.0430672 0.19504 0.828096
2 0.690586 0.408548 0.138585 0.234147 0.82308
0 0.59911 0.779911 0.0393372 0.238649 0.820322
0 0.463663 0.940399 0.044472 0.119202 0.806026
0 0.175143 0.515695 0.0384888 0.202635 0.736984
0 0.846581 0.658185 0.0505241 0.213269 0.723997
0 0.636883 0.752595 0.0409302 0.224123 0.705427
0 0.225602 0.26563 0.026763 0.145006 0.633024
0 0.256136 0.255531 0.0352453 0.180277 0.582728
0 0.643766 0.755535 0.0357145 0.220583 0.546903
0 0.188331 0.261221 0.0293874 0.159065 0.48684
0 0.846658 0.167483 0.0286068 0.158202 0.447458
0 0.421805 0.205795 0.0274893 0.155488 0.439459
3 0.701252 0.190679 0.100367 0.10659 0.358037
0 0.337096 0.781201 0.0323162 0.139132 0.357555
0 0.647942 0.755041 0.02647 0.208073 0.327942
0 0.471515 0.036176 0.0288992 0.0670951 0.311135
0 0.150054 0.269216 0.0262377 0.152698 0.304702
0 0.79179 0.0629564 0.0307452 0.106528 0.298712
0 0.244943 0.110107 0.0331792 0.136086 0.293599
58 0.345255 0.306237 0.0482379 0.110098 0.283891
0 0.400582 0.108037 0.0248119 0.134781 0.251965
