0 0.914836 0.518915 0.0392975 0.194659 0.843201
2 0.691182 0.409618 0.138893 0.236894 0.832896
0 0.157818 0.654723 0.0426297 0.218123 0.817221
0 0.505149 0.604579 0.0349403 0.213779 0.78636
0 0.472264 0.937039 0.0432627 0.125922 0.768466
0 0.551216 0.583934 0.0399486 0.212087 0.752882
0 0.845719 0.658589 0.0524719 0.213794 0.694703
0 0.434481 0.208347 0.0378937 0.165086 0.668235
0 0.204127 0.346383 0.031985 0.167591 0.658767
0 0.242706 0.344854 0.0296597 0.1755 0.650662
0 0.747264 0.0973556 0.0328263 0.139985 0.577694
0 0.571641 0.0498244 0.0283718 0.0996487 0.5444
0 0.874637 0.0870692 0.0264236 0.143314 0.522947
0 0.779967 0.120795 0.0313616 0.138829 0.396287
0 0.695416 0.0837679 0.0427347 0.163846 0.393295
0 0.261769 0.199189 0.0309749 0.180105 0.32594
3 0.702037 0.193198 0.0998227 0.109852 0.32546
0 0.175102 0.245874 0.0283325 0.167494 0.321623
58 0.344883 0.307472 0.0468941 0.110263 0.313199
58 0.809261 0.283989 0.0537241 0.0882004 0.283745
0 0.194108 0.242095 0.0244178 0.157487 0.283401
0 0.230398 0.202448 0.0264018 0.148797 0.280613
1 0.723129 0.197881 0.0573557 0.090603 0.275081
58 0.810488 0.307414 0.0537987 0.136001 0.26732
0 0.376277 0.253163 0.0385841 0.123098 0.265419
3 0.80974 0.608488 0.0703934 0.135391 0.259959
0 0.827707 0.0641895 0.023938 0.122662 0.257996
1 0.703689 0.19758 0.0959294 0.100083 0.251264
