0 0.6167 0.661718 0.0477153 0.235281 0.847876
2 0.69139 0.410435 0.138984 0.234558 0.826351
0 0.91618 0.516423 0.0429417 0.186555 0.818623
0 0.214881 0.929564 0.0509068 0.13963 0.793142
0 0.849005 0.658197 0.0512232 0.212657 0.788115
0 0.502224 0.331031 0.0316525 0.188285 0.777032
0 0.901954 0.253414 0.0341835 0.155485 0.757287
0 0.456752 0.332457 0.0315073 0.177406 0.746327
0 0.171904 0.562909 0.037976 0.180851 0.722411
0 0.274971 0.368448 0.0328091 0.17197 0.719117
0 0.974575 0.299172 0.0346083 0.173988 0.689256
0 0.487302 0.938433 0.0319649 0.123134 0.655937
0 0.217345 0.563499 0.0412783 0.211714 0.575407
0 0.212388 0.375148 0.0371342 0.186971 0.5729
0 0.912433 0.741842 0.0446903 0.211771 0.569331
0 0.320978 0.616222 0.0406818 0.223312 0.555015
0 0.168283 0.373495 0.031445 0.172767 0.535531
0 0.781343 0.258558 0.0339985 0.138592 0.50357
0 0.66604 0.213871 0.0333588 0.166769 0.449714
0 0.135371 0.204451 0.0289003 0.146731 0.36091
0 0.161998 0.191678 0.0273674 0.150836 0.340941
