0 0.228725 0.603649 0.044517 0.224285 0.830229
2 0.69125 0.409951 0.138807 0.234477 0.828655
0 0.917418 0.518514 0.0431236 0.19671 0.78286
0 0.181036 0.422493 0.0359723 0.195246 0.766781
0 0.865149 0.225148 0.035845 0.162753 0.752044
0 0.459909 0.929819 0.0344538 0.140362 0.690624
0 0.704418 0.91214 0.0423956 0.17572 0.685904
0 0.435574 0.21341 0.0289347 0.16345 0.650433
0 0.592889 0.0475976 0.0229753 0.0916934 0.64493
0 0.787823 0.0659713 0.033549 0.128488 0.622062
0 0.134573 0.29251 0.0301759 0.156228 0.582236
0 0.264196 0.192681 0.0284326 0.162139 0.572006
0 0.755779 0.898569 0.055464 0.199566 0.522562
0 0.846823 0.658659 0.0524212 0.212099 0.503861
0 0.588182 0.978746 0.0228643 0.0425088 0.484921
3 0.70109 0.192201 0.101593 0.107964 0.470226
0 0.695233 0.0864844 0.0414969 0.167117 0.448847
0 0.235485 0.197398 0.0229998 0.139617 0.394626
58 0.346877 0.308007 0.0513758 0.111009 0.37282
0 0.376205 0.259045 0.0392326 0.12049 0.367604
0 0.200798 0.18317 0.0326745 0.153349 0.367183
0 0.634913 0.981285 0.0221802 0.0374301 0.339911
0 0.337042 0.784699 0.0314957 0.137796 0.277922
3 0.841278 0.599684 0.127016 0.153005 0.266544
58 0.810725 0.311719 0.0524353 0.140823 0.257275
0 0.163017 0.193124 0.0291019 0.149007 0.25475
