2 0.691642 0.408423 0.139198 0.23802 0.893054
0 0.217908 0.476596 0.0417065 0.216737 0.79523
0 0.917492 0.519712 0.0376102 0.192165 0.789293
0 0.295807 0.228187 0.0280691 0.16795 0.781194
0 0.0733967 0.622452 0.0407971 0.224924 0.755612
0 0.95426 0.283947 0.0336611 0.170807 0.699683
0 0.427739 0.217049 0.0332369 0.162232 0.673584
0 0.606382 0.951465 0.0363562 0.0970708 0.653121
0 0.570069 0.276087 0.0553493 0.160549 0.634239
0 0.736975 0.643474 0.0618838 0.229891 0.603715
0 0.86179 0.321237 0.0329773 0.16922 0.579917
0 0.481302 0.202464 0.0455402 0.166259 0.567012
0 0.272996 0.213948 0.0304646 0.160538 0.546793
3 0.836425 0.607279 0.129149 0.159318 0.531269
0 0.727397 0.635391 0.0435484 0.212043 0.51962
0 0.557956 0.201198 0.0344212 0.14444 0.412091
0 0.148915 0.438758 0.0232608 0.176635 0.402709
0 0.196797 0.174782 0.0315562 0.164305 0.358653
58 0.811397 0.31169 0.0525639 0.150129 0.314322
0 0.787758 0.0996051 0.0278964 0.0685765 0.30958
0 0.131042 0.450377 0.0409098 0.180296 0.300652
0 0.761522 0.297809 0.0281089 0.153173 0.268119
