0 0.914765 0.518631 0.0399021 0.194472 0.848928
2 0.691174 0.409021 0.138785 0.235874 0.842762
0 0.158478 0.663763 0.0433903 0.220035 0.797493
0 0.502506 0.593918 0.0336624 0.209418 0.7914
0 0.472592 0.937178 0.0450219 0.125644 0.784677
0 0.546424 0.573875 0.0368339 0.207281 0.764849
0 0.84735 0.658427 0.0500328 0.213264 0.752764
0 0.242776 0.346083 0.0313402 0.179484 0.706634
0 0.202352 0.356772 0.0320302 0.157327 0.655183
0 0.43512 0.208275 0.0379656 0.163705 0.65009
0 0.572195 0.0525672 0.0295788 0.105134 0.57894
0 0.747252 0.0971254 0.0320372 0.141807 0.575153
0 0.876683 0.0936253 0.0261166 0.147237 0.514357
0 0.695248 0.0851518 0.0436243 0.166364 0.471513
0 0.261491 0.204998 0.0326569 0.172392 0.368108
3 0.701616 0.193495 0.100187 0.110457 0.363855
0 0.827258 0.0653369 0.0259607 0.124982 0.346079
0 0.779652 0.122661 0.0306107 0.137969 0.3334
0 0.135215 0.196277 0.029448 0.154735 0.321545
0 0.175622 0.245054 0.0300873 0.168825 0.284092
0 0.231175 0.204817 0.0292407 0.150695 0.282944
3 0.806125 0.609802 0.0643272 0.124535 0.267466
58 0.809272 0.283761 0.0534933 0.0870355 0.265111
1 0.722566 0.19686 0.0581358 0.0929443 0.259727
0 0.376223 0.25501 0.0387124 0.125461 0.250978
