0 0.150767 0.929939 0.0426252 0.140122 0.839752
2 0.691265 0.41 0.13916 0.234751 0.811236
0 0.880269 0.324717 0.0353176 0.174862 0.783346
0 0.179782 0.899282 0.0545462 0.197434 0.777757
0 0.566562 0.876481 0.0435003 0.23433 0.762963
0 0.393678 0.657132 0.0454952 0.228685 0.71108
0 0.97423 0.318118 0.0360859 0.164782 0.687902
0 0.913954 0.522579 0.0394123 0.197049 0.686193
0 0.214275 0.308719 0.0325121 0.175554 0.684956
0 0.541305 0.929154 0.036956 0.140469 0.627937
0 0.787194 0.0670775 0.0300766 0.130347 0.627211
0 0.436847 0.177937 0.0373634 0.236411 0.602558
0 0.607713 0.882192 0.0411459 0.222728 0.598663
3 0.700967 0.194034 0.102256 0.106705 0.582501
0 0.846844 0.65708 0.0556259 0.213781 0.48191
0 0.163146 0.18012 0.030787 0.184061 0.459666
0 0.202698 0.166592 0.0306447 0.155441 0.448754
0 0.872615 0.0606502 0.0262096 0.1213 0.44653
0 0.260852 0.152376 0.0267179 0.162989 0.425869
0 0.69488 0.0865919 0.0429188 0.170204 0.406834
58 0.809938 0.310738 0.0536032 0.140988 0.333561
0 0.246378 0.183807 0.0225461 0.152736 0.331604
3 0.840164 0.599684 0.127914 0.155465 0.324087
0 0.37609 0.261842 0.0388784 0.127276 0.311444
0 0.093067 0.335982 0.03247 0.185176 0.266725
0 0.23241 0.131444 0.0223959 0.144036 0.263357
0 0.609299 0.862013 0.0327282 0.174877 0.25624
