2 0.691488 0.408118 0.138419 0.236736 0.891877
0 0.230495 0.428596 0.0434121 0.213296 0.84991
0 0.916214 0.519736 0.0377296 0.193982 0.830017
0 0.229694 0.936799 0.0540648 0.126403 0.825737
0 0.0723634 0.622302 0.0409979 0.225235 0.796574
0 0.0211898 0.814508 0.0388699 0.20803 0.755509
0 0.782345 0.284657 0.0343012 0.179885 0.703189
0 0.646292 0.950846 0.0435507 0.0978288 0.674562
0 0.275327 0.255514 0.0411239 0.175411 0.669284
0 0.541037 0.244818 0.0325431 0.167279 0.664586
0 0.734762 0.642122 0.0582756 0.22938 0.631469
0 0.427473 0.21775 0.0317302 0.16436 0.629463
0 0.723728 0.267218 0.0349932 0.135718 0.563697
0 0.199379 0.172173 0.0344223 0.170169 0.508345
0 0.727425 0.634639 0.0433446 0.211427 0.498192
0 0.483806 0.243774 0.0275707 0.166208 0.466428
3 0.836549 0.607896 0.128856 0.156435 0.448625
0 0.162352 0.184759 0.0281195 0.167207 0.437091
0 0.459687 0.244826 0.0483414 0.199321 0.426727
0 0.986366 0.33828 0.0265118 0.201028 0.411592
0 0.788285 0.0985427 0.0285894 0.0668467 0.398876
0 0.461508 0.217068 0.0287119 0.142166 0.287905
0 0.81125 0.309966 0.0490929 0.139129 0.276873
58 0.344952 0.309473 0.0472656 0.116183 0.257099
58 0.81224 0.309954 0.0496605 0.139866 0.252473
0 0.47348 0.252055 0.0383997 0.179772 0.2524
