0 0.135066 0.806438 0.048211 0.245827 0.837427
2 0.691391 0.412074 0.139127 0.238338 0.820657
0 0.174848 0.834278 0.0428341 0.238777 0.786909
0 0.444816 0.673493 0.0414784 0.225131 0.785255
0 0.502217 0.736163 0.0449789 0.229987 0.769438
0 0.553415 0.934519 0.0417881 0.130962 0.74767
0 0.920157 0.253953 0.0363991 0.1588 0.731263
0 0.918191 0.519154 0.038242 0.193152 0.692281
0 0.827072 0.670244 0.045079 0.200772 0.657408
0 0.877126 0.650865 0.0494064 0.207616 0.652563
0 0.259691 0.231418 0.0309156 0.169246 0.644396
0 0.534881 0.0611906 0.0266374 0.120318 0.637293
0 0.86072 0.385011 0.0301331 0.169195 0.628593
0 0.549103 0.739528 0.0401497 0.205446 0.587151
0 0.202862 0.175819 0.0331618 0.173527 0.505964
0 0.93399 0.408423 0.0307529 0.183167 0.501082
0 0.228629 0.236389 0.0288582 0.16976 0.465054
0 0.500614 0.0611186 0.0264662 0.121407 0.462777
3 0.700949 0.196358 0.101742 0.101695 0.440824
0 0.861629 0.105819 0.0294811 0.159896 0.427561
0 0.794251 0.058683 0.0284309 0.117366 0.372181
0 0.434374 0.209743 0.0264935 0.165417 0.368572
0 0.894218 0.106731 0.0320198 0.154175 0.367292
1 0.702839 0.198793 0.0975924 0.0974467 0.358418
0 0.968646 0.247412 0.0430233 0.169994 0.357822
0 0.696134 0.0865135 0.0430483 0.167693 0.351111
0 0.469951 0.0606113 0.0264141 0.109067 0.336255
0 0.173963 0.216791 0.0307051 0.212063 0.325762
0 0.168347 0.214196 0.034939 0.211924 0.276295
0 0.249818 0.0898578 0.0340252 0.14974 0.2561
58 0.809489 0.28317 0.0533518 0.0829346 0.255876
0 0.132148 0.184244 0.0285905 0.169683 0.255425
0 0.0882109 0.398151 0.0313376 0.168045 0.252026
