2 0.691276 0.410853 0.138843 0.235683 0.855214
0 0.915874 0.520861 0.0382599 0.194607 0.843512
0 0.282271 0.421862 0.0393655 0.201735 0.798119
0 0.110347 0.762303 0.0478815 0.241074 0.784945
0 0.221026 0.617339 0.0508532 0.223992 0.750106
0 0.504071 0.916359 0.0357255 0.167282 0.74703
0 0.587462 0.197807 0.0331141 0.164328 0.668402
0 0.837363 0.0629475 0.0265457 0.125895 0.661936
0 0.626114 0.189652 0.0314302 0.148866 0.648932
0 0.322286 0.412744 0.0324764 0.16178 0.648141
0 0.247024 0.265865 0.0358102 0.19115 0.628324
0 0.129304 0.546641 0.0313436 0.188311 0.558567
0 0.424741 0.396693 0.0362122 0.187738 0.557124
0 0.496277 0.200204 0.0320976 0.169564 0.551441
0 0.736112 0.64897 0.0529882 0.223027 0.519883
3 0.837008 0.612224 0.126949 0.150146 0.491894
0 0.454678 0.398144 0.0319828 0.170788 0.433001
0 0.739249 0.64324 0.0379625 0.234312 0.429614
0 0.0771746 0.666321 0.0341421 0.137565 0.41875
0 0.428736 0.204002 0.035727 0.189717 0.401092
0 0.0764111 0.70011 0.0367125 0.219754 0.365074
0 0.733584 0.637276 0.0403601 0.215425 0.363094
0 0.789718 0.0983139 0.0282122 0.0685503 0.36026
0 0.163544 0.195212 0.0262635 0.146618 0.358627
3 0.701876 0.197861 0.0994867 0.0994877 0.311039
0 0.0756081 0.589736 0.0393379 0.147836 0.303616
1 0.703602 0.199847 0.0953358 0.0949636 0.300893
58 0.810631 0.283183 0.0530008 0.081121 0.283055
