2 0.690958 0.410307 0.138814 0.2344 0.845647
0 0.915785 0.520449 0.0381519 0.194404 0.83289
0 0.317128 0.44717 0.0324225 0.182341 0.787559
0 0.505746 0.919334 0.0374842 0.155193 0.748308
0 0.137087 0.797425 0.0465619 0.231178 0.736974
0 0.611846 0.177908 0.0315792 0.152328 0.733412
0 0.745691 0.642966 0.0437759 0.237668 0.732587
0 0.272481 0.448355 0.0357346 0.206662 0.724602
3 0.837335 0.615601 0.126695 0.148768 0.713846
0 0.12996 0.516397 0.0332707 0.189202 0.712658
0 0.572283 0.189622 0.0290487 0.164951 0.701373
0 0.855627 0.0745956 0.0272877 0.137273 0.663876
0 0.505227 0.183329 0.0354109 0.168592 0.650099
0 0.0935728 0.636991 0.0458371 0.222961 0.642371
0 0.225317 0.580169 0.0438554 0.219268 0.641105
0 0.253551 0.249338 0.0381616 0.190352 0.578281
0 0.465934 0.418602 0.0334928 0.179347 0.530531
0 0.433075 0.416968 0.0364542 0.182723 0.516277
0 0.429863 0.217144 0.0313807 0.159241 0.414074
3 0.700863 0.196175 0.101867 0.100432 0.397064
0 0.782185 0.109758 0.0260626 0.108108 0.374269
0 0.120578 0.698519 0.0454463 0.14311 0.306685
0 0.695158 0.0874837 0.0425996 0.170109 0.300697
0 0.16291 0.19453 0.0271907 0.150088 0.284441
0 0.122719 0.7246 0.0496562 0.199336 0.274694
