2 0.691427 0.410084 0.139222 0.237162 0.841988
0 0.207045 0.33659 0.0334645 0.183263 0.807022
0 0.18781 0.922142 0.051539 0.155716 0.796874
0 0.914922 0.519014 0.0400366 0.194764 0.795915
0 0.881011 0.300476 0.0370216 0.171979 0.78323
0 0.151847 0.954134 0.044402 0.0917318 0.781298
0 0.62898 0.905116 0.0490519 0.189768 0.71043
0 0.787695 0.0673485 0.0307605 0.129838 0.682829
0 0.580436 0.897559 0.0420137 0.200742 0.682309
0 0.536575 0.934894 0.0321388 0.130212 0.655123
0 0.162557 0.190121 0.0305508 0.162562 0.564899
0 0.844605 0.658857 0.0580835 0.213076 0.556659
0 0.987943 0.333387 0.0233627 0.170438 0.547843
0 0.201288 0.174163 0.0298526 0.166763 0.539197
0 0.864687 0.0534966 0.0297049 0.102443 0.473128
3 0.701329 0.194489 0.100343 0.10156 0.472237
0 0.265898 0.141379 0.0292228 0.185612 0.455368
0 0.236551 0.140365 0.0261319 0.149462 0.427994
0 0.10211 0.331523 0.0283912 0.178052 0.389144
3 0.841404 0.598939 0.125439 0.154923 0.345619
0 0.695457 0.0856702 0.0417633 0.167449 0.345169
58 0.346018 0.307749 0.0495004 0.111164 0.334205
0 0.435942 0.168335 0.0318213 0.232581 0.315636
0 0.307617 0.182361 0.0297711 0.154369 0.298772
58 0.810379 0.310697 0.052214 0.13902 0.291591
0 0.853732 0.656763 0.0416304 0.203949 0.261405
0 0.436141 0.215465 0.0251045 0.155937 0.251096
