2 0.691298 0.411015 0.139004 0.235611 0.848748
0 0.916181 0.521573 0.0376076 0.19549 0.837039
0 0.280014 0.427217 0.0379852 0.199537 0.809762
0 0.116791 0.767881 0.0455411 0.231075 0.80531
0 0.220068 0.605963 0.0472169 0.225385 0.785947
0 0.499497 0.19606 0.0345045 0.17213 0.743262
0 0.503842 0.916174 0.0334055 0.16687 0.721527
0 0.623249 0.188877 0.0325 0.146519 0.706254
0 0.584134 0.198293 0.0320998 0.167438 0.688864
0 0.249733 0.257995 0.0367201 0.18504 0.666041
0 0.424855 0.40283 0.0323515 0.188638 0.647388
0 0.322469 0.418862 0.0316206 0.161269 0.623016
0 0.0788888 0.633632 0.0433167 0.226596 0.622672
0 0.738085 0.649325 0.0604708 0.225746 0.615355
0 0.12869 0.533975 0.0330475 0.182716 0.584938
3 0.837785 0.613328 0.127258 0.150834 0.563572
0 0.840759 0.0623373 0.0279816 0.124675 0.55448
0 0.427386 0.216673 0.0348654 0.166195 0.43164
0 0.163248 0.193056 0.0262287 0.14954 0.417008
0 0.457832 0.403025 0.0350616 0.171851 0.411517
0 0.742068 0.641032 0.0438984 0.235867 0.387179
3 0.7022 0.197525 0.0991427 0.10084 0.322348
0 0.735908 0.634215 0.0396318 0.213759 0.315963
0 0.0877535 0.676873 0.0316975 0.137991 0.296598
1 0.691388 0.203032 0.0810268 0.100322 0.277583
0 0.788509 0.0999209 0.0298412 0.08679 0.272969
0 0.194676 0.17888 0.0321426 0.157734 0.254504
