0 0.658558 0.796105 0.0467856 0.239949 0.844019
2 0.691267 0.408721 0.138999 0.233472 0.841772
0 0.191106 0.854331 0.0450921 0.244619 0.82494
0 0.500647 0.412067 0.0373198 0.200633 0.818624
0 0.459711 0.41593 0.0333397 0.187071 0.815796
0 0.914685 0.518159 0.0381174 0.192417 0.811247
0 0.871676 0.179916 0.0300121 0.153716 0.78384
0 0.184201 0.479494 0.0336885 0.18526 0.769407
0 0.84817 0.656715 0.0518444 0.212927 0.737107
0 0.61591 0.156693 0.0300711 0.157403 0.73342
0 0.928852 0.734754 0.0482639 0.228287 0.728464
0 0.501387 0.930692 0.0385183 0.138616 0.709683
0 0.236241 0.315443 0.0333084 0.18361 0.653874
0 0.223158 0.47938 0.037914 0.193861 0.642714
0 0.270467 0.297142 0.0320656 0.162575 0.612869
0 0.934191 0.216029 0.0298782 0.149606 0.563641
0 0.432839 0.207396 0.0326818 0.161849 0.476694
0 0.188552 0.314443 0.0280592 0.157737 0.386663
1 0.70201 0.198533 0.0978815 0.0988254 0.342685
0 0.163086 0.195067 0.0300578 0.155026 0.327678
0 0.337261 0.782306 0.0315567 0.139874 0.279307
