0 0.217435 0.603415 0.0592364 0.223898 0.850037
2 0.691269 0.411446 0.139235 0.240172 0.835452
0 0.690154 0.901556 0.0482559 0.196888 0.825749
0 0.916266 0.518871 0.0440161 0.194971 0.807604
0 0.861983 0.223065 0.0362545 0.15984 0.75266
0 0.180389 0.426755 0.0356016 0.192626 0.749848
0 0.455696 0.927573 0.0330024 0.143412 0.74283
0 0.737764 0.895134 0.0507662 0.207844 0.733387
0 0.264993 0.200428 0.0298576 0.167508 0.677336
0 0.435416 0.212133 0.0263039 0.157066 0.601054
0 0.787334 0.0675138 0.0324379 0.130492 0.594271
0 0.580802 0.0485678 0.0410551 0.0894736 0.56078
0 0.137365 0.287439 0.0293504 0.164815 0.482954
0 0.845132 0.658935 0.0554049 0.212576 0.459379
3 0.701227 0.190761 0.101229 0.111005 0.440148
0 0.695046 0.087685 0.0423346 0.169045 0.403862
0 0.234219 0.204185 0.0232728 0.139442 0.369836
3 0.840554 0.600847 0.126073 0.153368 0.349181
58 0.34802 0.307996 0.052792 0.108027 0.332853
0 0.585599 0.984386 0.0213856 0.0312275 0.289441
0 0.163138 0.292261 0.0322172 0.170715 0.268099
