2 0.691503 0.408486 0.138517 0.237386 0.904744
0 0.230222 0.429207 0.0439238 0.210871 0.847773
0 0.228742 0.938432 0.0548735 0.123137 0.841724
0 0.916121 0.519645 0.0378521 0.194878 0.832706
0 0.0724365 0.622515 0.0413503 0.22464 0.80876
0 0.0212369 0.821312 0.0366949 0.206566 0.785842
0 0.277949 0.255848 0.0365902 0.173909 0.705796
0 0.783869 0.287682 0.0333569 0.178332 0.700443
0 0.646495 0.952564 0.0434649 0.0948716 0.699922
0 0.427816 0.217592 0.0325316 0.164344 0.648856
0 0.541813 0.244123 0.0323963 0.165487 0.643027
0 0.734563 0.642579 0.0578751 0.230383 0.637285
0 0.986285 0.339522 0.026561 0.198028 0.531417
0 0.199618 0.172697 0.0352465 0.168293 0.485929
0 0.727784 0.635712 0.0437733 0.212996 0.472495
0 0.464327 0.254512 0.0504959 0.179275 0.471272
0 0.271109 0.25046 0.0345497 0.165044 0.443857
3 0.836642 0.607489 0.129615 0.157647 0.437536
0 0.162049 0.186053 0.0270536 0.163178 0.417606
0 0.48506 0.252392 0.0244251 0.169568 0.403582
0 0.788362 0.0984528 0.0286076 0.0666607 0.397328
0 0.725699 0.272514 0.0336695 0.126594 0.333339
0 0.458511 0.242151 0.0411913 0.204714 0.30024
