2 0.691587 0.411821 0.139167 0.240013 0.857677
0 0.486621 0.667278 0.0384104 0.218394 0.824906
0 0.194423 0.754943 0.0397504 0.226947 0.820066
0 0.151674 0.740057 0.0494082 0.245519 0.807525
0 0.437233 0.650374 0.0390924 0.217342 0.781778
0 0.914835 0.519936 0.0393875 0.191694 0.758401
0 0.249474 0.275447 0.0333408 0.173676 0.75732
0 0.556236 0.925363 0.042476 0.149274 0.733876
0 0.538532 0.0765499 0.028305 0.137383 0.709987
0 0.529659 0.680928 0.0429239 0.205468 0.702067
0 0.502191 0.07055 0.0282014 0.1411 0.668096
0 0.879112 0.415728 0.0321932 0.174305 0.603116
0 0.976955 0.450671 0.0377525 0.185055 0.494442
0 0.919771 0.219712 0.0304825 0.167877 0.4794
0 0.248168 0.123102 0.0330109 0.157615 0.474712
0 0.428348 0.211851 0.0278381 0.162515 0.461814
0 0.826852 0.676123 0.0346558 0.22789 0.438505
0 0.202605 0.184695 0.0326754 0.156172 0.418236
0 0.467715 0.0640639 0.0289352 0.126585 0.390465
0 0.767646 0.586615 0.0367989 0.165798 0.379806
3 0.701564 0.196852 0.0998175 0.0985902 0.374453
1 0.868717 0.631092 0.0613949 0.107314 0.370116
0 0.900453 0.157484 0.0322733 0.194342 0.352778
0 0.158376 0.204105 0.0352326 0.183089 0.347095
58 0.809618 0.282156 0.0538591 0.0828637 0.337341
0 0.161714 0.193033 0.0311087 0.148632 0.317401
1 0.703295 0.198895 0.0965505 0.0966112 0.29405
58 0.34606 0.307718 0.0485395 0.113615 0.259943
0 0.695782 0.0835146 0.0401842 0.162279 0.253862
