2 0.69142 0.410392 0.139204 0.235878 0.8792
0 0.916267 0.521099 0.037719 0.195912 0.841172
0 0.234103 0.71947 0.0447471 0.227598 0.78837
0 0.236308 0.311971 0.0397779 0.197359 0.781751
0 0.0704813 0.622573 0.0373794 0.229951 0.736704
0 0.538929 0.922141 0.0308691 0.152684 0.73606
0 0.468806 0.25268 0.0346963 0.167495 0.723847
0 0.734422 0.648808 0.0532159 0.222958 0.712655
0 0.137906 0.626821 0.0346061 0.188792 0.674551
0 0.285715 0.3421 0.0390532 0.229184 0.588431
0 0.506821 0.194322 0.0418554 0.157016 0.586374
3 0.837086 0.609919 0.128249 0.15559 0.573978
0 0.197987 0.176589 0.0326225 0.161463 0.538142
0 0.0260387 0.678517 0.0519167 0.208237 0.482763
0 0.43232 0.349733 0.032585 0.170148 0.480727
0 0.589994 0.208974 0.0298906 0.140513 0.459774
0 0.64585 0.22349 0.0283932 0.159875 0.451705
0 0.164537 0.193653 0.0273325 0.154831 0.444098
0 0.40696 0.337961 0.0297856 0.178945 0.440316
0 0.42804 0.210755 0.031142 0.144868 0.436338
3 0.713595 0.193353 0.0772654 0.0952201 0.330159
0 0.590032 0.186227 0.0293064 0.0941873 0.305397
0 0.330373 0.345365 0.0263957 0.152535 0.26891
0 0.655133 0.221959 0.0445896 0.158151 0.263436
0 0.340682 0.772362 0.0252928 0.144909 0.261638
