0 0.173857 0.658286 0.0462427 0.225476 0.810316
0 0.256503 0.326105 0.0394962 0.181238 0.795075
2 0.691116 0.413642 0.138154 0.241563 0.785731
0 0.536712 0.104603 0.0285169 0.145504 0.778665
0 0.230596 0.680688 0.0379268 0.215944 0.748103
0 0.469529 0.606773 0.0379673 0.2101 0.730554
0 0.880697 0.133988 0.0372726 0.159246 0.72997
0 0.650614 0.548595 0.0348577 0.186445 0.727814
0 0.530551 0.928098 0.0448972 0.143803 0.725374
0 0.915588 0.517054 0.0368458 0.200398 0.724773
0 0.505321 0.607964 0.036573 0.195669 0.699881
0 0.938545 0.181325 0.0332802 0.173975 0.642651
0 0.427928 0.217447 0.0327801 0.158025 0.607104
0 0.508746 0.0958097 0.028845 0.148751 0.591873
0 0.259561 0.15254 0.0391132 0.180055 0.586581
0 0.850393 0.685242 0.0513819 0.214314 0.533383
3 0.839107 0.598797 0.128369 0.16261 0.480195
3 0.701149 0.193842 0.100513 0.103018 0.457346
0 0.387765 0.628161 0.0430022 0.222981 0.443577
0 0.16057 0.193607 0.0327013 0.147452 0.410847
28 0.445812 0.651325 0.0285595 0.0462546 0.356301
1 0.702469 0.196361 0.0985533 0.10095 0.313899
0 0.694809 0.086543 0.0413644 0.168748 0.312428
0 0.23259 0.167773 0.0227945 0.152079 0.304318
58 0.809492 0.288995 0.0527864 0.0949805 0.281783
0 0.130451 0.201869 0.0291245 0.144756 0.281327
0 0.199678 0.184359 0.028321 0.153118 0.267964
26 0.888488 0.104986 0.0225962 0.0717273 0.258756
