2 0.691409 0.409316 0.138979 0.236196 0.847922
0 0.534776 0.658109 0.0365942 0.219617 0.83601
0 0.163603 0.600724 0.040843 0.210449 0.829742
0 0.915889 0.518731 0.037291 0.193043 0.82724
0 0.574317 0.642265 0.0416529 0.220292 0.765342
0 0.473999 0.933218 0.0327365 0.133565 0.72194
0 0.846606 0.658804 0.0505928 0.211753 0.713055
0 0.243904 0.308679 0.0344646 0.173241 0.656212
0 0.161043 0.249004 0.0282143 0.162269 0.596251
0 0.192927 0.248066 0.0257854 0.154188 0.570026
0 0.783266 0.0985006 0.029998 0.134976 0.550455
3 0.701225 0.192184 0.101512 0.109438 0.455379
0 0.217277 0.314567 0.0288972 0.160839 0.453944
0 0.757145 0.11922 0.0302517 0.143225 0.442494
0 0.421945 0.204024 0.0256329 0.15612 0.4087
0 0.694966 0.0863372 0.0425541 0.167902 0.404978
58 0.344807 0.308304 0.0469202 0.112508 0.400173
0 0.856669 0.0652062 0.0230766 0.129609 0.392286
0 0.566244 0.0298983 0.021408 0.054845 0.359025
0 0.304597 0.187151 0.0303021 0.161786 0.353755
1 0.698992 0.195518 0.0932732 0.106704 0.315464
0 0.263249 0.172558 0.0365883 0.180362 0.27692
3 0.809542 0.608263 0.0705685 0.1331 0.26601
