2 0.691463 0.40857 0.138849 0.23788 0.907331
0 0.916933 0.520052 0.0382137 0.194429 0.826024
0 0.221742 0.456995 0.0458946 0.219231 0.817666
0 0.0157842 0.872636 0.0315685 0.230236 0.77768
0 0.0725159 0.62322 0.0426861 0.226162 0.761729
0 0.428059 0.216985 0.0324522 0.165329 0.672709
0 0.624746 0.952439 0.0341398 0.0951218 0.661117
0 0.845375 0.30363 0.0324978 0.163392 0.654457
0 0.286478 0.23818 0.0287522 0.176417 0.64175
0 0.970228 0.314134 0.035944 0.170367 0.639332
0 0.736221 0.642017 0.0610582 0.228653 0.606699
0 0.491493 0.217884 0.0288622 0.155845 0.55948
0 0.468965 0.213768 0.0269378 0.166828 0.544885
0 0.549901 0.226757 0.0320142 0.171358 0.533117
0 0.72696 0.635153 0.0425727 0.212299 0.531624
0 0.198858 0.177073 0.0315458 0.160238 0.51569
3 0.836656 0.608034 0.129196 0.157576 0.477172
0 0.119834 0.434423 0.0358206 0.172014 0.380707
0 0.527737 0.267889 0.0308516 0.161038 0.375427
58 0.346231 0.310098 0.049542 0.114944 0.336143
0 0.162042 0.191003 0.0264525 0.150796 0.334507
0 0.742703 0.294848 0.0381018 0.170466 0.325086
0 0.787721 0.0994559 0.0274335 0.0673088 0.320316
0 0.224772 0.143278 0.0268917 0.148301 0.25041
