0 0.644259 0.741922 0.04632 0.235286 0.862776
0 0.19659 0.886408 0.0498439 0.227184 0.855829
2 0.691079 0.408275 0.139331 0.23348 0.830744
0 0.495909 0.378754 0.0328817 0.188431 0.828616
0 0.914678 0.518469 0.0383743 0.193344 0.814625
0 0.274876 0.316709 0.0349297 0.167335 0.806281
0 0.454538 0.388691 0.0348079 0.185662 0.799875
0 0.84913 0.65592 0.0511993 0.215284 0.77037
0 0.221176 0.500198 0.0389428 0.2016 0.758175
0 0.929311 0.735411 0.0501997 0.231991 0.756594
0 0.880624 0.202843 0.0307713 0.146055 0.71876
0 0.495717 0.934289 0.0349241 0.131422 0.708211
0 0.178457 0.510386 0.0372112 0.190321 0.703994
0 0.945002 0.25129 0.0295177 0.161253 0.693875
0 0.63114 0.184642 0.0298193 0.148125 0.692451
0 0.781348 0.228226 0.0307703 0.137601 0.487172
0 0.182216 0.326974 0.0287914 0.165366 0.474948
0 0.22944 0.329779 0.0400647 0.172948 0.451606
0 0.435192 0.207931 0.027488 0.160317 0.384025
1 0.70366 0.197967 0.0943775 0.0975423 0.253198
