0 0.185836 0.635812 0.0480603 0.227169 0.84271
0 0.241328 0.654719 0.0365134 0.218563 0.80314
2 0.69139 0.412531 0.138568 0.238838 0.798639
0 0.533029 0.920295 0.044266 0.156961 0.792987
0 0.25449 0.343757 0.0375562 0.184908 0.772658
0 0.463571 0.581768 0.0372504 0.202392 0.771259
0 0.618957 0.52755 0.03881 0.183824 0.743671
0 0.915747 0.519835 0.0385864 0.19356 0.739511
0 0.936586 0.178426 0.0316692 0.153489 0.700692
0 0.503223 0.586981 0.0383171 0.190767 0.700447
0 0.511495 0.104038 0.0278772 0.154273 0.678283
0 0.539629 0.112738 0.0300764 0.148611 0.670796
0 0.868831 0.114538 0.0304634 0.14499 0.657285
0 0.428306 0.21784 0.0319643 0.159551 0.569995
0 0.234542 0.163035 0.0244131 0.156715 0.437268
3 0.839192 0.60172 0.126857 0.162281 0.433979
0 0.857016 0.69747 0.0274673 0.225138 0.399314
0 0.261952 0.150991 0.0402397 0.168043 0.395556
0 0.159297 0.191345 0.0319409 0.151087 0.391966
0 0.695351 0.0855888 0.0416296 0.165951 0.34374
3 0.825564 0.612072 0.104208 0.144468 0.338772
3 0.701579 0.194894 0.0993904 0.0992512 0.319235
0 0.118295 0.341341 0.0314194 0.160054 0.302527
58 0.809754 0.284984 0.052844 0.0872536 0.290834
0 0.38388 0.0580027 0.0238963 0.114671 0.290102
1 0.703453 0.198055 0.0965088 0.0966199 0.283163
0 0.130092 0.201226 0.0270858 0.139503 0.279922
3 0.81375 0.617779 0.0782412 0.126016 0.266468
