2 0.691319 0.410286 0.1394 0.237651 0.826849
0 0.864345 0.268404 0.0341301 0.172895 0.80948
0 0.91558 0.518105 0.0400114 0.197533 0.808568
0 0.2905 0.610095 0.0618766 0.218697 0.780463
0 0.788256 0.0668432 0.0316856 0.129772 0.774857
0 0.195155 0.370012 0.0361794 0.184961 0.741653
0 0.194264 0.96208 0.0512793 0.0758397 0.691737
0 0.510842 0.930389 0.0312614 0.139223 0.687997
0 0.606056 0.92858 0.0519159 0.14284 0.68421
0 0.813815 0.954453 0.048241 0.0900998 0.672486
0 0.436224 0.212032 0.0272796 0.160056 0.555782
0 0.769664 0.958946 0.0424011 0.0821091 0.541127
0 0.648758 0.936397 0.0450382 0.121959 0.527136
0 0.844366 0.658812 0.0562759 0.211261 0.504099
0 0.202991 0.175543 0.036644 0.172855 0.474046
58 0.809852 0.312 0.0535891 0.143404 0.412321
0 0.162185 0.198149 0.0319588 0.156314 0.398727
0 0.116912 0.316503 0.030519 0.169399 0.398398
0 0.249165 0.161747 0.0266409 0.151375 0.364354
3 0.840786 0.598299 0.127437 0.149325 0.363495
3 0.701269 0.194195 0.100799 0.101321 0.333272
0 0.638471 0.93682 0.0360117 0.124775 0.2764
0 0.855577 0.65652 0.0370426 0.21261 0.275537
0 0.146388 0.319758 0.0336864 0.157378 0.251902
