2 0.691751 0.41237 0.139368 0.241292 0.863712
0 0.152401 0.734017 0.0489413 0.244927 0.830605
0 0.486152 0.664943 0.0407429 0.219547 0.813982
0 0.195777 0.749603 0.0432614 0.22607 0.788426
0 0.435227 0.647736 0.0386306 0.22075 0.780768
0 0.249748 0.280586 0.0357892 0.176299 0.779179
0 0.914452 0.519583 0.0403435 0.192146 0.773072
0 0.555922 0.925445 0.0420978 0.14911 0.735538
0 0.538204 0.0794599 0.0284074 0.141684 0.733506
0 0.502157 0.0717113 0.0283321 0.143423 0.716155
0 0.529469 0.676692 0.0413747 0.199189 0.691214
0 0.880657 0.416804 0.0319872 0.170541 0.66652
0 0.763851 0.574514 0.0345161 0.141646 0.506861
0 0.827567 0.676387 0.0342857 0.225555 0.499512
0 0.249077 0.122697 0.0332107 0.159127 0.481889
0 0.20167 0.185552 0.0337835 0.155779 0.479635
0 0.979499 0.453745 0.0404598 0.189157 0.474677
0 0.427831 0.212435 0.028198 0.162399 0.47242
3 0.701329 0.196597 0.0997375 0.0982223 0.398058
1 0.868831 0.631136 0.0617016 0.106937 0.358313
0 0.467305 0.0641709 0.0275524 0.12637 0.35487
0 0.160999 0.19113 0.0302821 0.149913 0.34424
0 0.695697 0.0841275 0.0409267 0.164044 0.283634
58 0.809529 0.282778 0.0537613 0.0845862 0.267697
1 0.666627 0.200796 0.0348768 0.0927899 0.258633
1 0.703277 0.198581 0.0963154 0.0975676 0.251008
