2 0.691413 0.411049 0.138645 0.235064 0.869762
0 0.915768 0.522168 0.0378136 0.194109 0.826201
0 0.505934 0.923328 0.0325533 0.15292 0.773514
0 0.295427 0.508246 0.0330591 0.189436 0.711002
0 0.185123 0.890812 0.0498287 0.218375 0.707606
0 0.890068 0.106657 0.0280045 0.14184 0.700716
0 0.574493 0.156091 0.0294537 0.150659 0.700208
0 0.540205 0.165184 0.0307196 0.168215 0.680821
0 0.502405 0.136164 0.0306451 0.163998 0.674648
0 0.152953 0.655189 0.0482698 0.231603 0.674248
0 0.790321 0.656084 0.0552237 0.222791 0.660978
0 0.255452 0.495995 0.0348233 0.20594 0.65917
0 0.218817 0.495315 0.0394567 0.194928 0.637144
0 0.482635 0.478777 0.0366595 0.183616 0.603946
0 0.138071 0.452889 0.0304767 0.172822 0.603283
0 0.771917 0.0821645 0.0273429 0.126137 0.507954
0 0.427574 0.219303 0.0282375 0.15351 0.361519
0 0.446289 0.456866 0.0393034 0.167109 0.324047
0 0.2557 0.212048 0.0339332 0.174786 0.319021
1 0.858279 0.628129 0.084087 0.113731 0.314586
3 0.701725 0.195589 0.099741 0.102968 0.307582
0 0.161246 0.196367 0.0295072 0.157049 0.296331
0 0.195332 0.186337 0.0299581 0.154582 0.288549
1 0.665048 0.205844 0.0317555 0.0896875 0.288119
