2 0.691158 0.409658 0.138644 0.236138 0.897622
0 0.230461 0.834148 0.0515687 0.249724 0.8693
0 0.916072 0.519718 0.038283 0.194474 0.84749
0 0.240351 0.355833 0.0412902 0.199628 0.831001
0 0.588504 0.929271 0.0431152 0.141458 0.758385
0 0.0714948 0.622894 0.0390186 0.232329 0.744962
0 0.734204 0.646826 0.0534056 0.225584 0.709148
0 0.291004 0.322387 0.0332328 0.179944 0.694422
0 0.490657 0.283659 0.0300774 0.170981 0.654967
0 0.588872 0.207807 0.0283066 0.159971 0.646602
0 0.264307 0.233062 0.0307176 0.156945 0.602854
0 0.199074 0.173879 0.033117 0.164397 0.530009
0 0.163917 0.192003 0.0291927 0.152266 0.528606
3 0.836915 0.609153 0.127179 0.154379 0.519485
0 0.422955 0.29165 0.0326979 0.172415 0.480864
0 0.340724 0.770313 0.0260417 0.145436 0.464657
0 0.645428 0.232137 0.0347683 0.133168 0.460244
0 0.449069 0.299593 0.0317698 0.156093 0.442364
0 0.308508 0.306454 0.0257607 0.176495 0.390796
0 0.788082 0.0985251 0.0287867 0.0687705 0.344374
0 0.123697 0.184682 0.0270077 0.143592 0.280266
58 0.809229 0.286678 0.0538132 0.0908535 0.262059
