0 0.916084 0.522133 0.0378151 0.196346 0.841021
2 0.691471 0.411459 0.139153 0.237363 0.832459
0 0.507013 0.92348 0.0316804 0.151966 0.771619
0 0.283682 0.552903 0.0354509 0.19793 0.770003
0 0.499457 0.105835 0.0320433 0.157762 0.721367
0 0.238498 0.538504 0.0457351 0.202661 0.706685
0 0.90862 0.132317 0.0277763 0.138605 0.690508
0 0.137282 0.414352 0.0296442 0.168829 0.68698
0 0.819622 0.674682 0.0394794 0.210578 0.661428
0 0.528429 0.144794 0.0304163 0.16158 0.659288
0 0.21855 0.920242 0.0477616 0.125687 0.645901
0 0.45898 0.502791 0.036445 0.189572 0.643689
0 0.251898 0.191604 0.0356169 0.17141 0.614003
0 0.555845 0.142846 0.0274825 0.1497 0.598679
0 0.484988 0.504606 0.0300598 0.185177 0.548923
0 0.766175 0.0598955 0.028739 0.119791 0.539347
0 0.236518 0.888889 0.0434034 0.215388 0.518323
0 0.429841 0.221259 0.0275349 0.152016 0.491261
0 0.235576 0.853135 0.0407867 0.14585 0.488989
0 0.230108 0.407352 0.0430973 0.123145 0.487602
0 0.503921 0.4496 0.030456 0.177586 0.466483
0 0.159523 0.198425 0.0308126 0.155538 0.388603
0 0.223882 0.651798 0.0418069 0.229103 0.360672
1 0.861324 0.630287 0.0621265 0.108772 0.342988
0 0.203949 0.180996 0.0322026 0.153447 0.325214
0 0.694751 0.0881872 0.0424555 0.171931 0.314171
3 0.700937 0.196888 0.100714 0.103734 0.272063
