2 0.691182 0.410726 0.138946 0.236137 0.856499
0 0.91599 0.520911 0.0379269 0.195006 0.839304
0 0.283232 0.418219 0.0383673 0.197061 0.819343
0 0.108038 0.763046 0.0540765 0.239096 0.775406
0 0.221933 0.619406 0.0514105 0.224839 0.772618
0 0.503971 0.916562 0.036608 0.166876 0.743164
0 0.58894 0.19875 0.0342709 0.163007 0.720221
0 0.245448 0.266472 0.0362726 0.18808 0.702954
0 0.628066 0.190583 0.0304287 0.14635 0.672302
0 0.322574 0.409408 0.0340229 0.168092 0.670833
0 0.423214 0.394635 0.0346979 0.188462 0.655109
0 0.83671 0.0623944 0.025547 0.124789 0.642157
0 0.494691 0.20218 0.0341423 0.16554 0.593071
0 0.73423 0.649094 0.0543243 0.226503 0.585173
3 0.837127 0.612173 0.126985 0.150491 0.538147
0 0.430578 0.198862 0.0345739 0.200706 0.53632
0 0.0760427 0.681616 0.0376207 0.18325 0.535837
0 0.163558 0.194913 0.0265825 0.149394 0.457703
0 0.127435 0.551437 0.0332648 0.189762 0.45638
0 0.454771 0.39501 0.0320106 0.167175 0.454642
0 0.0743117 0.573748 0.0413581 0.118802 0.417505
0 0.790289 0.0983125 0.027816 0.0687274 0.348105
1 0.692617 0.200877 0.0846523 0.103831 0.296142
58 0.810609 0.283554 0.0530376 0.081587 0.255171
