2 0.69173 0.408548 0.139305 0.237394 0.90322
0 0.217716 0.481862 0.0422537 0.222021 0.800537
0 0.296435 0.226358 0.0285239 0.169803 0.778293
0 0.917974 0.520362 0.0388929 0.195 0.756331
0 0.0733602 0.62253 0.0408769 0.225752 0.75309
0 0.604481 0.951894 0.0356171 0.0961676 0.67083
0 0.953218 0.279712 0.0320475 0.179514 0.65716
0 0.427818 0.21641 0.033523 0.16175 0.646826
0 0.573675 0.280755 0.0505664 0.151244 0.633505
0 0.272538 0.208383 0.0308115 0.158572 0.617487
0 0.738324 0.643279 0.0633862 0.230609 0.605916
0 0.86223 0.324801 0.0330898 0.173113 0.601029
0 0.132675 0.455205 0.0404128 0.180454 0.553657
0 0.481293 0.202184 0.0428545 0.160086 0.547981
3 0.836222 0.607098 0.128905 0.159781 0.537009
0 0.558979 0.198171 0.0338524 0.144296 0.528957
0 0.727647 0.635035 0.0424755 0.212906 0.492226
0 0.196964 0.174295 0.0322875 0.165 0.41218
0 0.148945 0.442044 0.0243213 0.200487 0.388373
58 0.811759 0.312573 0.052615 0.15237 0.350301
0 0.787861 0.0991988 0.0285101 0.0682208 0.325634
0 0.138498 0.432286 0.0483961 0.211986 0.288352
58 0.347731 0.311215 0.0519309 0.11952 0.286453
0 0.762198 0.298697 0.0287114 0.147811 0.269156
