0 0.619436 0.664323 0.0455301 0.234313 0.847545
0 0.213109 0.926862 0.0518009 0.144605 0.827711
0 0.915974 0.51432 0.0412901 0.183931 0.827157
2 0.691261 0.409849 0.139115 0.234263 0.82046
0 0.500691 0.332439 0.0330173 0.187106 0.791057
0 0.848763 0.658111 0.05116 0.213197 0.762929
0 0.901023 0.241747 0.0299637 0.151536 0.7519
0 0.454971 0.339544 0.0342472 0.181945 0.742006
0 0.274139 0.364864 0.0338478 0.171113 0.718202
0 0.48671 0.93815 0.0337616 0.123699 0.663209
0 0.169274 0.559669 0.0460424 0.187212 0.639715
0 0.973836 0.290736 0.0363842 0.169105 0.620056
0 0.916357 0.738865 0.0461334 0.219907 0.604078
0 0.218711 0.556312 0.0421152 0.214129 0.555497
0 0.16915 0.365844 0.032036 0.171528 0.513919
0 0.323211 0.618884 0.0434464 0.224883 0.494169
0 0.213855 0.364527 0.0368968 0.177519 0.490685
0 0.663654 0.210869 0.0315939 0.165854 0.450724
0 0.779752 0.248773 0.0319077 0.140222 0.305868
26 0.225174 0.540376 0.0319523 0.0452169 0.297558
0 0.178075 0.560508 0.0294959 0.179222 0.287415
0 0.135706 0.203051 0.0287732 0.145603 0.284558
0 0.161678 0.190046 0.0277151 0.151369 0.275845
