2 0.691401 0.408303 0.13921 0.236204 0.850612
0 0.915154 0.518867 0.0395823 0.194405 0.841896
0 0.174685 0.540788 0.0395149 0.212406 0.805646
0 0.296408 0.642968 0.0476496 0.224151 0.789523
0 0.621289 0.724249 0.0453131 0.2334 0.781685
0 0.580117 0.743552 0.0413139 0.232592 0.77733
0 0.475433 0.942868 0.0450953 0.114264 0.771313
0 0.848246 0.658083 0.0495335 0.217832 0.704967
0 0.223143 0.27191 0.0269015 0.149654 0.635372
0 0.253384 0.263469 0.0335151 0.184735 0.602059
3 0.699538 0.188792 0.0990679 0.117617 0.389843
0 0.184244 0.258089 0.0281083 0.158471 0.386968
0 0.694455 0.088254 0.0428818 0.170725 0.35253
26 0.626402 0.729014 0.030162 0.0487668 0.350724
0 0.179867 0.544066 0.0285766 0.174062 0.334363
0 0.15679 0.259711 0.0270309 0.163329 0.31369
58 0.345076 0.304954 0.046938 0.105999 0.309457
0 0.793911 0.068681 0.0349709 0.127494 0.29106
3 0.809194 0.60886 0.0685883 0.133347 0.277738
0 0.425347 0.204255 0.0291722 0.157498 0.277439
0 0.255174 0.121939 0.0367118 0.145665 0.25204
