0 0.178543 0.654547 0.0447587 0.229625 0.860723
0 0.256649 0.335951 0.0391633 0.18618 0.833346
0 0.235692 0.666722 0.035956 0.212302 0.789133
2 0.690223 0.412556 0.139175 0.239316 0.754309
0 0.875306 0.120473 0.0354425 0.157182 0.745105
0 0.469035 0.601306 0.0408079 0.222738 0.744743
0 0.531511 0.926119 0.0426735 0.145878 0.733254
0 0.537545 0.104767 0.0299259 0.144653 0.730028
0 0.639233 0.542891 0.0371126 0.194331 0.719625
0 0.915862 0.518581 0.0378586 0.196457 0.715182
0 0.505448 0.605067 0.0358791 0.199324 0.703614
0 0.509418 0.0963088 0.0291744 0.150759 0.619223
0 0.260274 0.15136 0.0388141 0.170687 0.607348
0 0.428116 0.217116 0.0316599 0.16 0.590756
0 0.85484 0.687201 0.0435831 0.217837 0.538023
0 0.938989 0.161484 0.0336651 0.214686 0.486638
3 0.700464 0.193606 0.102441 0.104733 0.484241
3 0.8387 0.597407 0.128464 0.166166 0.477966
0 0.380966 0.629566 0.0320643 0.217405 0.45347
0 0.232391 0.166494 0.0236718 0.156187 0.404433
0 0.161676 0.193461 0.0313307 0.146304 0.391269
0 0.694685 0.0870564 0.0427988 0.169487 0.388382
0 0.129672 0.202077 0.030847 0.147963 0.311818
0 0.198906 0.178862 0.0288134 0.162448 0.263247
0 0.386404 0.0665692 0.0248118 0.133138 0.261881
