2 0.691263 0.409106 0.138984 0.23434 0.862151
0 0.538864 0.661569 0.0374887 0.218333 0.850251
0 0.915705 0.518762 0.0378477 0.193942 0.829947
0 0.164362 0.596674 0.0391897 0.211985 0.812427
0 0.579357 0.645155 0.0377956 0.2224 0.795294
0 0.24511 0.306623 0.0319226 0.180285 0.737531
0 0.845604 0.658211 0.0523043 0.213068 0.733883
0 0.474967 0.934472 0.029238 0.131056 0.688689
0 0.854445 0.0636544 0.0236277 0.12563 0.579725
0 0.216299 0.30775 0.0302313 0.162948 0.567014
0 0.785213 0.0980354 0.0315867 0.138957 0.541778
0 0.160694 0.25174 0.0279435 0.16329 0.52876
3 0.700958 0.192713 0.0999943 0.107709 0.494211
0 0.192074 0.249389 0.0248165 0.150789 0.47684
0 0.758049 0.121675 0.0317766 0.144193 0.379663
0 0.419822 0.203583 0.0273886 0.159112 0.372578
0 0.695024 0.0841799 0.0426918 0.16344 0.35456
0 0.234782 0.168329 0.0270775 0.147645 0.347665
58 0.345248 0.30894 0.0471993 0.116725 0.340632
0 0.302672 0.191603 0.0293919 0.151132 0.278929
0 0.262093 0.16635 0.0337495 0.179148 0.268935
