0 0.180452 0.904294 0.0558491 0.191412 0.82716
2 0.691561 0.409721 0.13887 0.236007 0.823502
0 0.151114 0.934786 0.0435812 0.128349 0.805228
0 0.568912 0.883526 0.0429668 0.232067 0.798429
0 0.879211 0.318567 0.0392929 0.174633 0.780624
0 0.611497 0.884879 0.0458588 0.215493 0.732207
0 0.213875 0.317506 0.0329111 0.177098 0.719035
0 0.977974 0.316756 0.0331959 0.161675 0.663932
0 0.915279 0.52181 0.0376053 0.195115 0.661391
0 0.543054 0.928591 0.0361095 0.141349 0.646314
0 0.387868 0.651856 0.0435155 0.234684 0.637646
0 0.786989 0.0671345 0.0299068 0.130433 0.63205
0 0.438591 0.175306 0.0348417 0.235732 0.543637
3 0.700832 0.195408 0.101971 0.103667 0.537143
0 0.844713 0.6592 0.0583637 0.213972 0.523293
0 0.201641 0.165373 0.0301187 0.15135 0.468819
0 0.163412 0.187376 0.0290997 0.169035 0.40373
0 0.871106 0.0596215 0.0257343 0.118922 0.392336
0 0.09423 0.337461 0.0318974 0.178015 0.391274
0 0.695425 0.0858962 0.0423683 0.168276 0.357767
58 0.810409 0.311761 0.0527653 0.141031 0.332354
0 0.260572 0.153532 0.0274664 0.17156 0.322589
3 0.841276 0.598914 0.126232 0.15201 0.291929
1 0.701904 0.197617 0.099435 0.100037 0.287589
58 0.345091 0.306393 0.0474123 0.109948 0.256592
0 0.37616 0.261078 0.0387611 0.121992 0.256296
