2 0.691238 0.409728 0.13923 0.236 0.817942
0 0.914768 0.518108 0.0409252 0.195851 0.801511
0 0.191768 0.949535 0.0520546 0.100931 0.799475
0 0.865354 0.277628 0.0412453 0.172179 0.75369
0 0.599458 0.924286 0.0415898 0.151428 0.744284
0 0.199799 0.364313 0.0332967 0.184162 0.743464
0 0.78832 0.0666442 0.0322027 0.129903 0.713217
0 0.524771 0.936968 0.0334665 0.126065 0.708406
0 0.313652 0.608826 0.0358791 0.21778 0.691473
0 0.643088 0.929952 0.0429241 0.140095 0.567976
0 0.843957 0.658973 0.0580612 0.212865 0.524909
0 0.827572 0.966083 0.0402205 0.0678341 0.51131
0 0.435942 0.213521 0.0277182 0.159605 0.49058
3 0.700628 0.194662 0.102131 0.100857 0.457937
0 0.148043 0.979022 0.0246633 0.0419566 0.455005
0 0.203369 0.174667 0.0309052 0.167821 0.443646
0 0.162527 0.195168 0.03228 0.149766 0.417898
58 0.809845 0.302202 0.0535084 0.121736 0.406724
0 0.203986 0.36024 0.0264977 0.170138 0.388953
0 0.143083 0.324605 0.0388368 0.156632 0.354563
0 0.245072 0.152736 0.02377 0.154444 0.343142
3 0.841884 0.597177 0.123922 0.149107 0.329304
0 0.110828 0.322769 0.0329259 0.166405 0.297394
0 0.695269 0.0837845 0.0426727 0.164191 0.28913
0 0.856216 0.656785 0.0357965 0.213934 0.2697
1 0.702613 0.197838 0.0982813 0.0984641 0.258997
