0 0.688796 0.880546 0.0505415 0.236654 0.860839
0 0.182639 0.785099 0.0438206 0.232232 0.83424
2 0.691375 0.409159 0.139108 0.236216 0.826451
0 0.914946 0.518362 0.0388119 0.191995 0.814139
0 0.510816 0.462826 0.0423445 0.205464 0.810236
0 0.465923 0.473823 0.0327568 0.194176 0.808435
0 0.491871 0.941418 0.040217 0.117164 0.80074
0 0.190672 0.438235 0.0338419 0.167698 0.745784
0 0.855397 0.143141 0.0290009 0.145154 0.744967
0 0.227098 0.434553 0.0392014 0.196328 0.727855
0 0.935098 0.734918 0.0413898 0.223861 0.705277
0 0.847138 0.657179 0.0497683 0.209542 0.696289
0 0.914165 0.178323 0.026104 0.159788 0.65667
0 0.600081 0.117463 0.0292374 0.146749 0.653346
0 0.256501 0.271096 0.0353465 0.183569 0.474519
0 0.434546 0.20836 0.0319325 0.159658 0.435678
0 0.182638 0.24113 0.0408709 0.180282 0.418935
0 0.695137 0.0870743 0.0431011 0.170805 0.351173
0 0.782399 0.176712 0.0266635 0.145637 0.301637
0 0.206982 0.275805 0.0270049 0.142649 0.300985
1 0.697409 0.196291 0.0911907 0.108303 0.300792
58 0.80985 0.282392 0.0519258 0.0827075 0.28516
3 0.803086 0.605732 0.0586012 0.129819 0.284926
58 0.810903 0.298377 0.0523962 0.115957 0.276512
3 0.701523 0.194961 0.101413 0.103937 0.265605
3 0.798616 0.618489 0.0461998 0.0994419 0.252142
