2 0.691111 0.410864 0.139323 0.235001 0.860107
0 0.915673 0.520673 0.0381042 0.195942 0.839614
0 0.514281 0.926359 0.0434412 0.144907 0.777833
0 0.222972 0.531588 0.0403228 0.214225 0.754584
0 0.127014 0.651201 0.0413118 0.225009 0.749003
0 0.308242 0.473001 0.0324336 0.187054 0.741168
0 0.262434 0.467359 0.0367516 0.195979 0.735488
0 0.507126 0.159509 0.031378 0.162084 0.712813
0 0.768254 0.647842 0.044583 0.231153 0.699065
0 0.164977 0.855465 0.0444778 0.251239 0.685745
0 0.555291 0.177463 0.0356184 0.167952 0.654187
0 0.258431 0.226169 0.0344823 0.182702 0.545075
0 0.592547 0.16257 0.0325331 0.15486 0.540706
0 0.439843 0.440769 0.0336187 0.186435 0.536906
0 0.477221 0.440797 0.0314064 0.169608 0.518339
0 0.873356 0.0880858 0.0295109 0.146291 0.516903
0 0.133745 0.480264 0.0299449 0.16861 0.512861
0 0.172115 0.732461 0.0477048 0.128297 0.471412
3 0.845223 0.619433 0.110719 0.135247 0.448513
3 0.702906 0.196866 0.0970306 0.100465 0.43689
0 0.777222 0.0975529 0.0282118 0.123853 0.435641
0 0.194527 0.17598 0.0289689 0.166158 0.348567
0 0.217656 0.0865742 0.0267019 0.156311 0.29416
0 0.134624 0.456791 0.0295687 0.124606 0.274567
0 0.1658 0.188083 0.0277143 0.166814 0.268909
