0 0.634707 0.709176 0.0438773 0.233889 0.849508
0 0.915563 0.517927 0.0384602 0.190172 0.826934
0 0.196299 0.901451 0.0478353 0.197099 0.826042
2 0.691241 0.408353 0.139168 0.233183 0.816326
0 0.498345 0.36299 0.0360094 0.191091 0.809683
0 0.849491 0.655511 0.0516365 0.216145 0.761466
0 0.88761 0.222881 0.0327427 0.152347 0.733593
0 0.454541 0.367964 0.0316944 0.185012 0.730458
0 0.929197 0.734777 0.0473919 0.225073 0.72878
0 0.640115 0.205772 0.033706 0.159897 0.712275
0 0.490327 0.938204 0.0332352 0.123593 0.693482
0 0.17738 0.531169 0.0363862 0.184652 0.646669
0 0.954326 0.262457 0.0300671 0.165921 0.560474
0 0.217731 0.521312 0.0368646 0.203444 0.546071
0 0.277062 0.332287 0.0310684 0.167527 0.514144
0 0.225071 0.350885 0.0374884 0.186257 0.484513
0 0.783898 0.235095 0.0320706 0.136434 0.397544
0 0.175238 0.345572 0.0312748 0.168849 0.344888
3 0.707409 0.196417 0.0874432 0.0972037 0.280418
0 0.435939 0.206964 0.0296564 0.160652 0.259867
