2 0.691464 0.410136 0.139086 0.23651 0.87736
0 0.916309 0.521074 0.0379076 0.195539 0.842954
0 0.235251 0.718032 0.0445098 0.227443 0.776276
0 0.236259 0.310553 0.0388831 0.196438 0.770204
0 0.0703487 0.622617 0.0373567 0.230594 0.734795
0 0.53777 0.922661 0.0302984 0.151531 0.731418
0 0.734434 0.648399 0.0531034 0.222679 0.708282
0 0.469168 0.253178 0.0343306 0.169058 0.70646
0 0.138293 0.625078 0.0347025 0.189086 0.668472
0 0.0233457 0.679947 0.0463869 0.204986 0.656879
0 0.287269 0.359016 0.0356467 0.195418 0.64325
0 0.506045 0.194347 0.0407959 0.160641 0.605586
0 0.407402 0.341349 0.0317227 0.179065 0.590988
3 0.837236 0.610153 0.128482 0.15495 0.579203
0 0.432225 0.350296 0.0324842 0.171586 0.553246
0 0.19786 0.176722 0.0324257 0.161471 0.538121
0 0.588309 0.209919 0.0289642 0.142669 0.505716
0 0.164479 0.19387 0.027248 0.154876 0.446509
0 0.427516 0.21212 0.0296988 0.146634 0.442349
0 0.645643 0.22115 0.0285873 0.162929 0.441153
3 0.713527 0.194234 0.0775021 0.0933633 0.365966
0 0.330356 0.350131 0.027476 0.166497 0.316144
0 0.584959 0.23507 0.0310655 0.0884356 0.299621
0 0.340718 0.772617 0.0256853 0.147049 0.269232
0 0.230829 0.109984 0.025635 0.139618 0.250673
