0 0.491294 0.563798 0.0358147 0.202459 0.869418
0 0.914746 0.51906 0.0400974 0.19404 0.857144
0 0.164518 0.689982 0.044086 0.229245 0.842539
2 0.691207 0.409661 0.13917 0.236341 0.835359
0 0.534855 0.553133 0.0439571 0.216783 0.812771
0 0.240644 0.363781 0.0329043 0.171799 0.793805
0 0.48188 0.936563 0.041824 0.126875 0.784275
0 0.847042 0.657863 0.0504494 0.213833 0.728364
0 0.198336 0.372807 0.0344409 0.163273 0.710847
0 0.74339 0.961149 0.0477233 0.0777023 0.707783
0 0.435025 0.209295 0.0370043 0.160976 0.674981
0 0.887691 0.111208 0.026017 0.151822 0.643353
0 0.745413 0.0829147 0.031097 0.140331 0.598639
0 0.834813 0.073689 0.0253468 0.111099 0.515431
0 0.69562 0.0858049 0.0437727 0.168243 0.495947
0 0.580446 0.0624363 0.0300831 0.120789 0.467602
0 0.262127 0.214229 0.0323316 0.161829 0.433257
0 0.231739 0.222059 0.0254746 0.150726 0.393237
0 0.799184 0.0620704 0.0310343 0.117971 0.382387
1 0.703213 0.196055 0.0968576 0.101409 0.305874
3 0.701727 0.192709 0.10026 0.108673 0.271189
0 0.180845 0.244541 0.0358974 0.168839 0.269422
3 0.809812 0.608865 0.0711212 0.132767 0.264743
1 0.723298 0.196993 0.0570747 0.0899744 0.254953
0 0.781326 0.13349 0.0285728 0.137166 0.250678
