0 0.592258 0.761105 0.0391762 0.22483 0.848532
0 0.915205 0.518927 0.0404333 0.194618 0.829779
0 0.630153 0.742401 0.0439953 0.239823 0.828298
2 0.691174 0.407875 0.138954 0.235683 0.821475
0 0.468871 0.940442 0.0437941 0.119116 0.804913
0 0.176698 0.517767 0.0411323 0.197956 0.783574
0 0.846696 0.657923 0.051157 0.212989 0.715894
0 0.276452 0.636111 0.037625 0.226813 0.705423
0 0.254472 0.254706 0.0349159 0.184277 0.523365
0 0.187635 0.259799 0.0291637 0.159088 0.473711
3 0.700691 0.190824 0.100727 0.106771 0.454796
0 0.2244 0.264465 0.0249312 0.144278 0.446885
0 0.793651 0.0648395 0.0315346 0.11161 0.443892
0 0.423904 0.203622 0.0301981 0.156178 0.432784
0 0.248212 0.109752 0.0296718 0.131422 0.328701
0 0.844972 0.125876 0.0271843 0.089197 0.314321
0 0.465038 0.0352606 0.0221783 0.0670945 0.310739
3 0.808025 0.608152 0.0669579 0.130614 0.285538
58 0.344935 0.305845 0.0465466 0.105726 0.281147
0 0.302824 0.191948 0.0321198 0.155036 0.275358
0 0.202338 0.186217 0.0279372 0.15684 0.255034
0 0.15191 0.260904 0.0275135 0.168899 0.250199
