2 0.69107 0.410456 0.138925 0.233893 0.855749
0 0.314272 0.457273 0.0338249 0.184221 0.846792
0 0.915868 0.520305 0.0382013 0.19422 0.837024
0 0.272173 0.454162 0.0368344 0.204792 0.796458
0 0.509573 0.923001 0.0433959 0.147617 0.755234
0 0.22048 0.560468 0.048239 0.220151 0.744415
0 0.104488 0.641035 0.0443779 0.231445 0.742513
0 0.862024 0.081558 0.0281513 0.139804 0.723004
0 0.754527 0.639548 0.0420208 0.232947 0.695601
0 0.148661 0.831331 0.0460948 0.243982 0.672285
0 0.566455 0.185054 0.0289497 0.167744 0.643194
0 0.60444 0.168685 0.03082 0.157937 0.629151
3 0.838204 0.615654 0.124507 0.146344 0.614947
0 0.13283 0.507313 0.0355171 0.186976 0.587622
0 0.505391 0.170965 0.0338858 0.167576 0.584645
0 0.138505 0.695583 0.0409037 0.120691 0.553823
0 0.78174 0.108632 0.026899 0.134516 0.544308
0 0.470868 0.427527 0.0370616 0.172138 0.54385
3 0.700813 0.194753 0.102029 0.104888 0.529032
0 0.435014 0.421934 0.0409817 0.183966 0.526646
0 0.255669 0.240464 0.0367858 0.186884 0.442025
0 0.428881 0.215516 0.031567 0.161033 0.352762
0 0.164056 0.194975 0.0277113 0.147598 0.338206
1 0.693439 0.19771 0.0869095 0.110683 0.287438
58 0.347376 0.304795 0.0514935 0.101605 0.265093
0 0.695563 0.0886156 0.0435419 0.171744 0.26409
