2 0.691594 0.409514 0.139197 0.239651 0.802315
0 0.192183 0.929849 0.0560674 0.139976 0.78945
0 0.913996 0.518707 0.0430452 0.192941 0.77673
0 0.153387 0.960491 0.0441798 0.0790181 0.717131
0 0.876212 0.294064 0.0323967 0.164266 0.690527
0 0.206135 0.347389 0.0339966 0.182992 0.68862
0 0.787555 0.0666254 0.0316549 0.130627 0.656206
0 0.588452 0.907341 0.0497166 0.179979 0.651532
0 0.534657 0.937375 0.0300177 0.125249 0.648319
0 0.635737 0.914188 0.040899 0.171624 0.645129
0 0.989541 0.339756 0.0200907 0.201007 0.59277
3 0.700597 0.193201 0.102435 0.104856 0.49277
0 0.201168 0.176272 0.0301318 0.183597 0.476089
0 0.162524 0.189176 0.0309791 0.163607 0.440505
0 0.103522 0.331171 0.0268743 0.173075 0.433092
0 0.238523 0.146286 0.0255644 0.158774 0.397876
0 0.844649 0.659902 0.058548 0.212383 0.390494
0 0.695301 0.0861458 0.0430632 0.16963 0.359902
0 0.265763 0.138787 0.0304975 0.191483 0.320018
58 0.345668 0.30642 0.0487915 0.108453 0.308992
0 0.857358 0.0500544 0.0264494 0.0941513 0.305445
0 0.858047 0.65768 0.0349228 0.201818 0.296153
0 0.435627 0.214539 0.0276106 0.1588 0.29374
3 0.841873 0.598521 0.122349 0.149389 0.290196
58 0.810505 0.311017 0.0520794 0.136946 0.281285
1 0.701911 0.195047 0.0997091 0.102968 0.276616
