2 0.691463 0.409013 0.139206 0.236907 0.909741
0 0.220142 0.467553 0.0415608 0.221499 0.839394
0 0.917264 0.520164 0.037553 0.193945 0.807869
0 0.0729073 0.622766 0.042198 0.22509 0.779504
0 0.851052 0.308189 0.0344305 0.166586 0.720558
0 0.427906 0.21735 0.032715 0.164375 0.684284
0 0.618893 0.950897 0.0340071 0.0982065 0.658298
0 0.736345 0.643594 0.0597897 0.231362 0.624011
0 0.962638 0.299473 0.0306049 0.173123 0.594667
0 0.289192 0.232241 0.0283306 0.167549 0.58612
0 0.550673 0.21581 0.0321536 0.162571 0.526271
0 0.0137822 0.887672 0.0274054 0.224656 0.521417
3 0.835868 0.607084 0.128723 0.158903 0.520564
0 0.473408 0.210633 0.0298861 0.165325 0.517526
0 0.728182 0.635888 0.0436831 0.213642 0.481422
0 0.541423 0.251432 0.0494148 0.203432 0.473938
0 0.491935 0.209162 0.0235245 0.151925 0.445674
0 0.198779 0.176226 0.0302474 0.159246 0.415541
0 0.121935 0.437253 0.0311253 0.175834 0.411485
0 0.74632 0.299636 0.0386367 0.163598 0.388861
0 0.266584 0.220137 0.0279044 0.14977 0.385401
58 0.345879 0.310809 0.0488279 0.117569 0.331526
0 0.787605 0.0996081 0.0277931 0.0680752 0.325551
