0 0.601328 0.781666 0.0400152 0.234935 0.849678
0 0.264385 0.634735 0.0529014 0.225269 0.835406
2 0.691327 0.40877 0.139443 0.236505 0.834462
0 0.461696 0.939042 0.044364 0.121916 0.821433
0 0.917063 0.519359 0.0434383 0.195305 0.818256
0 0.846951 0.658129 0.0494164 0.214258 0.763335
0 0.174353 0.514642 0.0375572 0.202496 0.749032
0 0.642368 0.762531 0.0429794 0.238199 0.687987
0 0.225903 0.265582 0.0265422 0.14314 0.683829
0 0.847033 0.168759 0.0283007 0.15711 0.580894
0 0.256596 0.255683 0.0352129 0.169569 0.556521
0 0.188308 0.26129 0.0289566 0.158764 0.552264
0 0.791212 0.0618905 0.0300674 0.106075 0.434292
3 0.701612 0.192682 0.0996852 0.104284 0.417372
0 0.422752 0.205684 0.0257553 0.15673 0.392984
0 0.400529 0.108189 0.024351 0.134562 0.342245
0 0.164129 0.19556 0.0278097 0.148351 0.302664
0 0.636271 0.755869 0.0362701 0.228331 0.302619
58 0.345067 0.305842 0.0478172 0.108377 0.289207
0 0.336803 0.782823 0.0320099 0.141311 0.272446
0 0.244614 0.104799 0.0337146 0.133272 0.267711
3 0.808844 0.608822 0.0690441 0.132363 0.264787
0 0.477115 0.0368744 0.0357242 0.0684616 0.261889
