2 0.69125 0.409637 0.139556 0.234396 0.809554
0 0.426259 0.672488 0.049413 0.236078 0.794572
0 0.127333 0.876704 0.0424929 0.240562 0.794317
0 0.912415 0.519812 0.0398895 0.193556 0.781372
0 0.153545 0.899848 0.0428605 0.200303 0.766464
0 0.552841 0.935275 0.0479569 0.129451 0.730695
0 0.944585 0.292853 0.0298862 0.160456 0.725376
0 0.217542 0.284512 0.0277315 0.178744 0.689838
0 0.537433 0.799286 0.0457838 0.195544 0.666152
0 0.576575 0.825952 0.0429399 0.21434 0.663209
0 0.790835 0.0620298 0.0305887 0.12406 0.642199
0 0.889741 0.358405 0.044684 0.180042 0.634691
0 0.255965 0.181794 0.0299127 0.162554 0.633789
0 0.422255 0.188962 0.0381786 0.223279 0.570515
0 0.468469 0.0517176 0.026844 0.0942884 0.492551
0 0.877932 0.0732883 0.0277637 0.14161 0.480268
0 0.109485 0.369778 0.0347272 0.179257 0.470848
0 0.849304 0.614241 0.0289902 0.140266 0.452598
0 0.498382 0.0460152 0.0214375 0.0853526 0.451007
0 0.163048 0.180097 0.0316387 0.179309 0.438125
0 0.530092 0.0477833 0.0306933 0.0915903 0.433453
0 0.992167 0.325538 0.0149765 0.14229 0.398809
0 0.694851 0.0866978 0.0432573 0.170626 0.396247
3 0.700659 0.194916 0.102385 0.103431 0.389445
3 0.83834 0.606737 0.125905 0.1447 0.364956
58 0.345004 0.306917 0.0471613 0.109263 0.352598
1 0.701522 0.19731 0.10087 0.106035 0.343096
0 0.375572 0.255663 0.0382153 0.129746 0.318858
26 0.516717 0.86884 0.025262 0.0600449 0.270084
0 0.288759 0.176201 0.0294041 0.164918 0.263573
