2 0.691296 0.408515 0.138751 0.236193 0.889327
0 0.228675 0.788145 0.0463778 0.234862 0.865516
0 0.237432 0.337238 0.0402175 0.195667 0.848768
0 0.0715324 0.620867 0.038882 0.227653 0.843236
0 0.916352 0.520042 0.0378838 0.194407 0.833534
0 0.568837 0.925665 0.0329797 0.148669 0.748368
0 0.469415 0.276385 0.0315253 0.172611 0.745389
0 0.733671 0.646189 0.0528624 0.224837 0.731935
0 0.291595 0.334472 0.0298934 0.18205 0.722835
0 0.559109 0.204429 0.034914 0.156562 0.707847
0 0.103623 0.674259 0.0401001 0.192711 0.585786
0 0.318958 0.320746 0.0286442 0.165392 0.572358
0 0.412664 0.308528 0.0314331 0.157204 0.549437
3 0.836768 0.607249 0.129494 0.157174 0.520844
0 0.198858 0.175343 0.0321876 0.159813 0.501402
0 0.340065 0.772057 0.026631 0.145338 0.493243
0 0.265868 0.254338 0.0292302 0.157566 0.486431
0 0.438389 0.30898 0.0303761 0.146105 0.470144
0 0.162994 0.1881 0.0265348 0.160001 0.443571
0 0.426933 0.200535 0.0335743 0.128743 0.389106
0 0.62618 0.202937 0.0266253 0.105335 0.365818
0 0.375311 0.283689 0.038335 0.185352 0.343693
0 0.788148 0.0992043 0.0274067 0.0701594 0.339658
0 0.696717 0.22763 0.0472867 0.135101 0.317661
0 0.625172 0.219748 0.0290546 0.143366 0.290636
58 0.809199 0.290216 0.0538496 0.0984107 0.262708
