0 0.171196 0.560746 0.039189 0.209069 0.840508
0 0.915959 0.518416 0.0380413 0.193805 0.835708
2 0.691561 0.408663 0.138968 0.236383 0.820534
0 0.564947 0.716397 0.0378135 0.228519 0.79537
0 0.478294 0.943736 0.0468227 0.112527 0.75395
0 0.313902 0.64086 0.0350498 0.226811 0.736533
0 0.846641 0.655811 0.0503765 0.212964 0.732245
0 0.602761 0.698204 0.0425045 0.234682 0.715105
0 0.248128 0.281872 0.0310959 0.171565 0.592009
0 0.220859 0.283118 0.0280579 0.160298 0.404824
58 0.346057 0.305808 0.0490088 0.106639 0.385277
0 0.183214 0.254983 0.0285966 0.15809 0.366911
0 0.158737 0.256356 0.0264779 0.161697 0.363577
0 0.788659 0.0718344 0.0290448 0.122318 0.325402
0 0.762004 0.14027 0.0268074 0.144055 0.32373
1 0.725295 0.193632 0.0546526 0.087686 0.317311
0 0.299514 0.193904 0.030435 0.146761 0.294136
1 0.696929 0.191952 0.0888336 0.113024 0.284497
0 0.758955 0.159615 0.0301846 0.108559 0.272559
0 0.133875 0.189146 0.0294307 0.1683 0.259627
0 0.260882 0.131651 0.0346601 0.154761 0.25154
