0 0.178458 0.737253 0.0474991 0.230302 0.850591
0 0.717295 0.918201 0.0529177 0.163598 0.848923
0 0.915778 0.519061 0.0378965 0.191181 0.813007
2 0.691187 0.408772 0.138634 0.234247 0.81287
0 0.475118 0.514382 0.0334476 0.197739 0.808289
0 0.522425 0.503959 0.0406145 0.208205 0.77445
0 0.234923 0.395702 0.033737 0.181285 0.715193
0 0.49474 0.934849 0.0385685 0.130302 0.702537
0 0.847891 0.658968 0.0510637 0.21038 0.689251
0 0.192233 0.408711 0.0309699 0.162072 0.679751
0 0.933447 0.735867 0.0421547 0.21929 0.66601
0 0.591821 0.0874021 0.0285044 0.147459 0.663801
0 0.262936 0.246819 0.0379869 0.183479 0.6346
0 0.183038 0.240964 0.0373456 0.178257 0.504372
0 0.844153 0.114341 0.0248978 0.139099 0.491942
0 0.434104 0.208672 0.0326521 0.160716 0.482226
0 0.902267 0.148549 0.022892 0.145464 0.480186
0 0.754857 0.0661241 0.0272455 0.131023 0.479849
0 0.219252 0.252296 0.0232153 0.151706 0.416796
0 0.695353 0.0828314 0.0423315 0.163152 0.390699
3 0.701711 0.19452 0.100074 0.100021 0.320584
3 0.810102 0.60646 0.0724844 0.131448 0.297451
0 0.139746 0.195441 0.0271683 0.158124 0.273971
0 0.376017 0.253359 0.0384295 0.112479 0.25272
