0 0.18073 0.744146 0.0512292 0.233282 0.892469
0 0.472511 0.50053 0.0335354 0.190451 0.865565
0 0.713407 0.908927 0.0511497 0.182146 0.831546
2 0.691252 0.408611 0.138965 0.234401 0.817223
0 0.522499 0.491676 0.0363668 0.204996 0.8079
0 0.916142 0.518937 0.0380489 0.191579 0.79447
0 0.592292 0.0910036 0.0269602 0.151819 0.730962
0 0.493298 0.937568 0.0359329 0.124864 0.718846
0 0.233267 0.406888 0.0370054 0.195429 0.700102
0 0.93405 0.739089 0.0439789 0.222954 0.677115
0 0.848247 0.657893 0.0501461 0.209723 0.659772
0 0.191185 0.407778 0.0368252 0.170661 0.649454
0 0.844277 0.118143 0.0275078 0.141923 0.585239
0 0.183092 0.239834 0.0395144 0.176865 0.458279
0 0.434984 0.208768 0.0309624 0.159901 0.411647
0 0.694869 0.0846117 0.0423946 0.16579 0.400385
0 0.755571 0.0634655 0.0256525 0.125628 0.394645
0 0.215286 0.25564 0.0280887 0.150205 0.390215
3 0.701217 0.193729 0.100283 0.103121 0.352688
0 0.264807 0.242684 0.0385695 0.17266 0.348375
1 0.702419 0.194687 0.0983187 0.103499 0.315664
0 0.139748 0.195927 0.027953 0.157086 0.301583
0 0.902588 0.152987 0.0238642 0.146276 0.253725
58 0.809537 0.281632 0.052839 0.0832756 0.252726
