2 0.6909 0.408451 0.138589 0.236306 0.838344
0 0.233585 0.602665 0.0397171 0.227358 0.803477
0 0.917097 0.517497 0.0432808 0.19701 0.79804
0 0.181793 0.413495 0.0372344 0.19025 0.772185
0 0.864844 0.226986 0.0353739 0.164685 0.763874
0 0.712208 0.916133 0.0427283 0.167735 0.750736
0 0.75791 0.902982 0.052768 0.194036 0.711888
0 0.463697 0.930588 0.034306 0.138823 0.70718
0 0.78803 0.0655076 0.0311692 0.128473 0.651578
0 0.435727 0.212952 0.0284629 0.163109 0.650821
0 0.592464 0.971043 0.0357094 0.0572988 0.608685
0 0.263192 0.184165 0.0291022 0.163404 0.558008
0 0.847305 0.658669 0.0509661 0.211816 0.542754
3 0.701221 0.190508 0.100986 0.110765 0.478259
0 0.134834 0.287617 0.032611 0.157114 0.451
0 0.635924 0.976313 0.0240059 0.0473739 0.40311
0 0.376425 0.258991 0.0393159 0.127562 0.369971
0 0.235882 0.189231 0.0228163 0.141847 0.36227
0 0.200598 0.183441 0.0336175 0.150709 0.36127
1 0.702872 0.193774 0.097134 0.105341 0.323334
58 0.346585 0.307716 0.0505485 0.111734 0.308889
0 0.162659 0.195862 0.0305754 0.159169 0.304663
0 0.599956 0.0492666 0.0287746 0.0964573 0.301887
0 0.336894 0.78499 0.0317622 0.139444 0.297647
58 0.809892 0.310874 0.0530586 0.140929 0.285801
