0 0.265579 0.636977 0.0546542 0.227505 0.839261
0 0.46368 0.939846 0.0451746 0.120307 0.83514
2 0.690573 0.408793 0.13856 0.234744 0.826655
0 0.917085 0.519272 0.0429049 0.194739 0.820769
0 0.599932 0.780603 0.0400253 0.239137 0.79937
0 0.846708 0.658142 0.0500248 0.214114 0.737109
0 0.174867 0.514869 0.0379096 0.202251 0.730758
0 0.225189 0.264914 0.026459 0.144343 0.665349
0 0.640898 0.756096 0.0418832 0.227603 0.62863
0 0.256355 0.254943 0.0351912 0.176322 0.625311
0 0.188252 0.261414 0.0292471 0.160314 0.544339
0 0.846468 0.169467 0.0290886 0.159266 0.45345
0 0.422071 0.205495 0.0266531 0.155324 0.437524
0 0.647454 0.771354 0.0321311 0.198203 0.370668
0 0.633035 0.754773 0.030467 0.228574 0.360202
3 0.701578 0.191854 0.0995695 0.104398 0.358051
0 0.337041 0.781369 0.0325066 0.139481 0.347226
0 0.244509 0.108338 0.0340849 0.137962 0.332953
58 0.345097 0.306281 0.0478052 0.109975 0.30968
0 0.791489 0.0628206 0.0302681 0.104793 0.307329
0 0.400548 0.108239 0.0245933 0.135755 0.289766
0 0.163986 0.195605 0.0283977 0.148497 0.281789
0 0.149781 0.270433 0.0264614 0.148745 0.272763
3 0.80894 0.608264 0.0686695 0.133426 0.254394
