2 0.69138 0.411471 0.139122 0.235619 0.855797
0 0.915766 0.52141 0.0379581 0.192617 0.848117
0 0.249197 0.509381 0.0350793 0.2057 0.780519
0 0.29239 0.521087 0.0348816 0.195004 0.778862
0 0.502073 0.919558 0.0391321 0.160883 0.762564
0 0.198501 0.9062 0.0496667 0.187601 0.757023
0 0.537368 0.155438 0.0314415 0.162949 0.750801
0 0.186882 0.651484 0.0429362 0.23136 0.72005
0 0.501253 0.125517 0.0301146 0.158957 0.714606
0 0.800902 0.662569 0.0527786 0.227484 0.711673
0 0.136599 0.437698 0.0308548 0.170011 0.676298
0 0.89606 0.110657 0.0315758 0.149569 0.639655
0 0.432551 0.195791 0.0379731 0.203381 0.593171
0 0.220026 0.809521 0.055152 0.136925 0.590383
0 0.222439 0.482727 0.0370878 0.209634 0.562171
0 0.566801 0.150662 0.0275019 0.147165 0.534281
1 0.862233 0.630612 0.0746771 0.106222 0.450669
0 0.768273 0.0732377 0.0301517 0.122022 0.403744
0 0.257223 0.204907 0.0315578 0.178346 0.395371
0 0.480809 0.486473 0.0320241 0.170135 0.370394
0 0.452702 0.478825 0.0373276 0.182832 0.358444
0 0.468007 0.375928 0.0312157 0.0728261 0.311041
0 0.695073 0.0861254 0.0420059 0.166896 0.264547
0 0.158768 0.196345 0.0321482 0.156956 0.261515
1 0.665725 0.203031 0.0339209 0.0944022 0.260819
3 0.701653 0.197228 0.0985939 0.100183 0.257517
