0 0.915837 0.518768 0.0376175 0.193955 0.846304
2 0.691362 0.409357 0.139094 0.236236 0.831569
0 0.163348 0.619916 0.0406235 0.216221 0.821443
0 0.525777 0.641762 0.0358336 0.207166 0.803357
0 0.565595 0.620198 0.0376165 0.219788 0.761728
0 0.47225 0.932175 0.0343044 0.135651 0.735456
0 0.846633 0.658882 0.0507591 0.213494 0.664882
0 0.243179 0.323366 0.0336602 0.175096 0.632227
0 0.756528 0.109909 0.0301863 0.147093 0.615172
0 0.782779 0.102051 0.0285639 0.134541 0.610784
0 0.164203 0.249393 0.0330718 0.163459 0.559809
0 0.427522 0.20594 0.0355589 0.166429 0.513916
0 0.2143 0.325673 0.0260879 0.151254 0.511874
0 0.567999 0.0377013 0.023834 0.0697884 0.35595
0 0.261503 0.175806 0.0316968 0.174718 0.351573
3 0.701738 0.195056 0.098996 0.104254 0.340685
0 0.305411 0.189657 0.0302421 0.150388 0.325702
0 0.694828 0.0845243 0.0427894 0.164064 0.319883
1 0.703253 0.198035 0.095476 0.0989696 0.307916
0 0.861707 0.0718377 0.024897 0.133816 0.306524
58 0.345041 0.305927 0.0469481 0.10846 0.295007
0 0.37595 0.257662 0.037991 0.12395 0.289061
