0 0.634599 0.704697 0.0433981 0.233781 0.85862
0 0.915719 0.517703 0.0386759 0.189886 0.822597
0 0.1974 0.904295 0.0472156 0.19141 0.817571
2 0.691273 0.409423 0.138814 0.234005 0.806091
0 0.499573 0.356428 0.0335533 0.18332 0.801857
0 0.849032 0.656072 0.052132 0.214233 0.7693
0 0.928704 0.73604 0.0463015 0.228682 0.737295
0 0.64117 0.210522 0.0336437 0.159923 0.721203
0 0.888294 0.224728 0.0315125 0.149997 0.699729
0 0.454894 0.366672 0.0312437 0.187306 0.699006
0 0.489787 0.938053 0.0328991 0.123894 0.697658
0 0.177756 0.53143 0.0349772 0.1819 0.611446
0 0.277826 0.336622 0.0310729 0.165526 0.586136
0 0.219028 0.521629 0.0391071 0.202057 0.549748
0 0.956044 0.270888 0.0308908 0.169371 0.527913
0 0.207447 0.909475 0.0293192 0.18105 0.312505
0 0.174635 0.344017 0.031845 0.166476 0.304835
0 0.134514 0.194412 0.0279428 0.156051 0.300592
0 0.224673 0.349646 0.0371532 0.183579 0.293834
0 0.783889 0.233708 0.0319286 0.133503 0.278859
0 0.435164 0.205973 0.0306765 0.159793 0.27284
0 0.960614 0.739158 0.0460388 0.301598 0.271471
