0 0.642314 0.731604 0.046792 0.231406 0.827069
2 0.691181 0.408008 0.139265 0.234206 0.825978
0 0.195734 0.890087 0.0498145 0.219826 0.820038
0 0.914691 0.518824 0.0385153 0.19227 0.795624
0 0.453859 0.385262 0.0349311 0.187972 0.785935
0 0.84902 0.655897 0.0523918 0.217294 0.782225
0 0.496147 0.37464 0.0357454 0.196325 0.776913
0 0.885056 0.207542 0.0288807 0.146855 0.757625
0 0.929133 0.734707 0.0496841 0.229485 0.751925
0 0.49331 0.936285 0.0322626 0.127431 0.717469
0 0.22086 0.508262 0.0378597 0.20124 0.714375
0 0.275299 0.32335 0.034602 0.172743 0.663151
0 0.634088 0.187799 0.028813 0.14922 0.660566
0 0.175167 0.513609 0.0403924 0.182962 0.606378
0 0.946959 0.256684 0.0275358 0.146914 0.602848
0 0.22692 0.332177 0.0387466 0.174113 0.49124
0 0.177412 0.338039 0.0284371 0.157694 0.308181
