2 0.691486 0.410147 0.138804 0.237545 0.859286
0 0.91594 0.520568 0.0379583 0.196853 0.847446
0 0.276995 0.432342 0.0401059 0.199473 0.78091
0 0.12657 0.779369 0.0545087 0.233532 0.773577
0 0.222632 0.592384 0.0421022 0.21642 0.750986
0 0.0802895 0.633132 0.0456439 0.223601 0.736641
0 0.844141 0.0671221 0.0241577 0.127401 0.731733
0 0.3212 0.42474 0.0295208 0.163812 0.72244
0 0.579859 0.194214 0.030921 0.16555 0.718494
0 0.500755 0.191707 0.0330854 0.168852 0.693345
0 0.503385 0.91507 0.0314787 0.165973 0.679388
0 0.129463 0.531077 0.0327917 0.183241 0.651606
0 0.741758 0.644385 0.0609729 0.232462 0.644079
0 0.250638 0.255234 0.0368608 0.188779 0.643213
0 0.618313 0.184914 0.0323097 0.146736 0.58611
3 0.837248 0.612029 0.12667 0.1526 0.563772
0 0.426594 0.404004 0.0351721 0.184011 0.545467
0 0.428218 0.21623 0.0334684 0.161623 0.427472
0 0.460211 0.404692 0.0346303 0.168972 0.393571
0 0.784751 0.118691 0.0286386 0.121159 0.366598
0 0.0969111 0.674935 0.0386502 0.14324 0.361511
0 0.162703 0.193848 0.0252677 0.147434 0.341117
1 0.687755 0.202232 0.0755258 0.102025 0.28482
0 0.694445 0.0881226 0.0440148 0.171067 0.280374
3 0.700827 0.196922 0.101893 0.10276 0.271388
58 0.346112 0.310248 0.0461327 0.111888 0.265955
1 0.702523 0.200086 0.0971226 0.0961508 0.264978
58 0.80922 0.287966 0.0527901 0.0914052 0.25018
