2 0.691377 0.41108 0.138978 0.237201 0.845946
0 0.916114 0.52123 0.038019 0.193922 0.837804
0 0.243229 0.948116 0.0517062 0.103768 0.794181
0 0.225675 0.561729 0.0434436 0.206559 0.783483
0 0.53444 0.467883 0.0308773 0.17911 0.757695
0 0.514461 0.92897 0.0374796 0.140348 0.743521
0 0.828707 0.683617 0.048254 0.220158 0.699953
0 0.52208 0.132669 0.0300398 0.158922 0.6962
0 0.918458 0.141792 0.0294464 0.140975 0.685324
0 0.489158 0.525208 0.0337049 0.183935 0.671574
0 0.458872 0.525463 0.0350327 0.206708 0.660544
0 0.26401 0.647024 0.0383727 0.222754 0.650162
0 0.264356 0.899584 0.0536583 0.157368 0.648766
0 0.552347 0.135648 0.0279563 0.151033 0.644763
0 0.497623 0.0878278 0.0323664 0.151985 0.644356
0 0.249281 0.18056 0.0376306 0.174809 0.618697
0 0.242902 0.413897 0.0367201 0.18557 0.570952
0 0.13049 0.391787 0.0315515 0.157148 0.551622
0 0.851413 0.0634737 0.0269287 0.121034 0.420132
0 0.428837 0.218464 0.0311729 0.157782 0.402338
3 0.700966 0.194991 0.100935 0.103337 0.399479
0 0.20651 0.177889 0.0316607 0.162419 0.376816
3 0.838397 0.595703 0.127591 0.159329 0.347167
0 0.163518 0.173831 0.0291161 0.203023 0.342171
0 0.972716 0.539678 0.0534676 0.194963 0.327076
0 0.272747 0.56165 0.0377984 0.179358 0.324494
1 0.702964 0.198736 0.097478 0.0964474 0.279715
0 0.988564 0.12799 0.0223209 0.1455 0.271244
3 0.87247 0.623177 0.0575638 0.118455 0.253402
