2 0.69087 0.411271 0.139238 0.235481 0.867581
0 0.915794 0.520391 0.0380592 0.194996 0.83369
0 0.513697 0.924463 0.0425386 0.144315 0.78951
0 0.268322 0.458159 0.0409505 0.205956 0.779689
0 0.114705 0.64469 0.0397894 0.232288 0.770873
0 0.311672 0.468192 0.0344892 0.191009 0.764793
0 0.218486 0.555329 0.048168 0.222399 0.763005
0 0.154103 0.829263 0.04755 0.254028 0.761243
0 0.758997 0.638694 0.0403826 0.226051 0.719536
0 0.562082 0.179707 0.0286472 0.165082 0.686653
0 0.864901 0.0846167 0.0280348 0.144341 0.664783
0 0.59928 0.167868 0.0297768 0.152807 0.650924
0 0.507406 0.167743 0.0340744 0.168368 0.60871
0 0.434683 0.436002 0.0377487 0.190091 0.560962
0 0.134201 0.494562 0.031251 0.173389 0.53506
0 0.471698 0.436935 0.0343664 0.180299 0.486534
0 0.256666 0.239202 0.0355105 0.184877 0.477322
3 0.838183 0.616751 0.122663 0.145629 0.476824
3 0.701169 0.195834 0.10164 0.101934 0.465127
0 0.149344 0.702663 0.0338612 0.101315 0.425372
0 0.780164 0.105054 0.0260587 0.128352 0.370803
0 0.383538 0.390174 0.0304395 0.171821 0.287232
0 0.429746 0.218871 0.0318851 0.156346 0.276296
0 0.167375 0.192629 0.0331337 0.15525 0.267158
0 0.281297 0.191376 0.0284351 0.150992 0.26008
