2 0.691411 0.411684 0.138934 0.234842 0.874325
0 0.915674 0.522123 0.0380684 0.193284 0.833628
0 0.151509 0.656036 0.0470425 0.229478 0.763456
0 0.505795 0.92347 0.0332077 0.151933 0.746004
0 0.889326 0.105936 0.0289955 0.141801 0.737355
0 0.182427 0.890239 0.0470038 0.219522 0.719369
0 0.295952 0.505723 0.0329802 0.186643 0.708826
0 0.575436 0.156608 0.0299882 0.153335 0.681277
0 0.256639 0.492096 0.0349673 0.205578 0.671712
0 0.502243 0.137013 0.0305308 0.163378 0.668611
0 0.788563 0.654569 0.0546593 0.226088 0.645927
0 0.218443 0.498348 0.042293 0.196075 0.626195
0 0.482903 0.472614 0.0375971 0.188108 0.620338
0 0.540734 0.167135 0.0306968 0.166527 0.608721
0 0.138168 0.453266 0.0316816 0.167964 0.601045
0 0.771764 0.0832533 0.0287291 0.126545 0.559192
0 0.446334 0.46499 0.0380159 0.193001 0.428481
0 0.426824 0.219836 0.0292267 0.153092 0.370546
0 0.161177 0.196205 0.029545 0.157561 0.328859
0 0.196739 0.841274 0.0404698 0.255871 0.319662
0 0.195456 0.184989 0.0293127 0.155588 0.286899
1 0.665407 0.206446 0.0324025 0.0902848 0.285123
0 0.255509 0.21368 0.0334457 0.17439 0.274388
3 0.701487 0.195792 0.100208 0.104418 0.274017
1 0.683622 0.201313 0.06671 0.104386 0.259331
1 0.857892 0.628012 0.0844959 0.113635 0.259178
