0 0.208264 0.915138 0.0532085 0.169724 0.844596
2 0.691344 0.409222 0.13893 0.233238 0.844162
0 0.915702 0.518988 0.041922 0.193991 0.831095
0 0.623115 0.687771 0.0451635 0.239848 0.815686
0 0.455687 0.347932 0.0336687 0.18285 0.759868
0 0.499566 0.343304 0.0320735 0.179471 0.745126
0 0.848722 0.656624 0.0520317 0.213359 0.741505
0 0.488662 0.939082 0.0327885 0.121837 0.714163
0 0.174413 0.547303 0.0421473 0.192632 0.705475
0 0.895872 0.234283 0.029204 0.146386 0.669208
0 0.966883 0.28227 0.0305916 0.173427 0.617556
0 0.219329 0.542122 0.0424318 0.20994 0.615104
0 0.927542 0.738585 0.0502834 0.237158 0.605496
0 0.328674 0.62213 0.0452265 0.220084 0.556676
0 0.275164 0.351827 0.0328833 0.168129 0.548375
0 0.219032 0.354462 0.0375207 0.177092 0.542681
0 0.779726 0.243706 0.0317293 0.14128 0.515452
0 0.171957 0.363072 0.0367214 0.177894 0.497497
0 0.656688 0.220143 0.0318598 0.149968 0.486652
3 0.714086 0.195879 0.0744666 0.0911646 0.277055
