2 0.691641 0.408791 0.139069 0.237952 0.906569
0 0.215992 0.48544 0.0427642 0.222195 0.844865
0 0.576988 0.279125 0.0444513 0.156241 0.786898
0 0.919917 0.524563 0.0412369 0.205702 0.770959
0 0.0725031 0.621969 0.0384929 0.227505 0.734273
0 0.298335 0.221783 0.0318106 0.169939 0.718052
0 0.599674 0.951753 0.0373981 0.0964928 0.710402
0 0.428274 0.215144 0.0337975 0.16375 0.672645
0 0.951534 0.273347 0.0307491 0.173077 0.645679
0 0.864014 0.326059 0.0340292 0.173228 0.633051
0 0.738617 0.643098 0.0652916 0.230727 0.604127
0 0.561761 0.201396 0.0305374 0.153433 0.590101
0 0.134881 0.461472 0.0434719 0.182116 0.568833
3 0.836595 0.606635 0.129228 0.160721 0.551179
0 0.011397 0.901605 0.0226935 0.194396 0.512129
0 0.272851 0.200797 0.0311485 0.156506 0.496213
0 0.474308 0.198868 0.027483 0.156746 0.488149
0 0.727577 0.63449 0.0434 0.21253 0.477171
0 0.152113 0.437677 0.0237367 0.178357 0.43889
0 0.197767 0.173551 0.0329226 0.166398 0.42329
0 0.760442 0.306803 0.0436344 0.158058 0.381085
0 0.787934 0.0995443 0.0279982 0.0684858 0.332965
0 0.228974 0.160352 0.0261822 0.156602 0.329892
0 0.491617 0.198318 0.0219328 0.144498 0.319587
58 0.347149 0.30977 0.0511341 0.115101 0.256363
