2 0.691265 0.408743 0.139019 0.233507 0.861533
0 0.915583 0.519006 0.0376129 0.193976 0.832687
0 0.163857 0.596505 0.0403467 0.209706 0.829895
0 0.536918 0.657482 0.0362316 0.216164 0.807971
0 0.57562 0.642487 0.0418888 0.22109 0.761845
0 0.244615 0.308095 0.0343802 0.178344 0.729311
0 0.474621 0.93431 0.0295765 0.13138 0.689808
0 0.846365 0.658462 0.0513483 0.212219 0.674509
0 0.160733 0.25071 0.0281201 0.162373 0.582286
0 0.783752 0.0999857 0.029941 0.139571 0.541276
0 0.216274 0.309157 0.0300014 0.163089 0.5272
0 0.192216 0.248504 0.0264246 0.152535 0.51303
3 0.701054 0.192213 0.10014 0.109204 0.494382
0 0.75758 0.121913 0.0309935 0.143955 0.489972
0 0.855801 0.0653092 0.0229286 0.129192 0.482481
58 0.345096 0.308404 0.0470521 0.114378 0.393298
0 0.421032 0.202519 0.0263298 0.158603 0.354483
0 0.695061 0.0854226 0.0420195 0.16573 0.352919
0 0.565712 0.030832 0.0227697 0.0565987 0.32115
0 0.234817 0.173276 0.0277077 0.149521 0.308905
1 0.692811 0.193436 0.084919 0.11534 0.28994
0 0.200078 0.168175 0.0249529 0.131696 0.250508
