2 0.691387 0.410428 0.139419 0.234868 0.870643
0 0.915899 0.521237 0.038365 0.195072 0.845504
0 0.233792 0.748644 0.0488814 0.232392 0.823572
0 0.238261 0.321699 0.0379365 0.192518 0.819788
0 0.0709637 0.6222 0.0382839 0.227364 0.792869
0 0.128759 0.647924 0.0328051 0.192897 0.73375
0 0.552467 0.919417 0.034086 0.159356 0.724764
0 0.734165 0.64886 0.0531639 0.221534 0.698887
0 0.461525 0.265793 0.0364607 0.174608 0.694378
0 0.530454 0.199408 0.0358931 0.162903 0.6471
0 0.290549 0.353882 0.0316024 0.191269 0.602874
0 0.410136 0.324834 0.0326064 0.177529 0.562765
3 0.836656 0.61059 0.127956 0.155386 0.554121
0 0.197802 0.174519 0.0323854 0.162994 0.544524
0 0.326055 0.332576 0.030686 0.166319 0.538527
0 0.163876 0.192392 0.0263281 0.149973 0.502876
0 0.673004 0.216048 0.0432177 0.16306 0.459662
0 0.607554 0.216571 0.0283134 0.136802 0.447701
0 0.340168 0.770403 0.0269237 0.147191 0.436128
0 0.427096 0.206687 0.0287853 0.134811 0.37248
0 0.433024 0.340011 0.0266586 0.154928 0.367871
26 0.216984 0.728286 0.0166043 0.0688399 0.323729
0 0.243156 0.104827 0.0330245 0.156393 0.271665
1 0.723054 0.1967 0.0571836 0.0812821 0.263565
26 0.217354 0.738862 0.0169917 0.0455183 0.257152
