2 0.69138 0.410348 0.139518 0.237708 0.824081
0 0.864461 0.275026 0.0355116 0.179461 0.795616
0 0.915503 0.518192 0.0395243 0.197186 0.793057
0 0.788178 0.0661915 0.0314825 0.128964 0.783627
0 0.602982 0.927817 0.046748 0.144366 0.747464
0 0.193819 0.960551 0.0495857 0.0788988 0.731981
0 0.292739 0.610492 0.0580731 0.220035 0.72679
0 0.195848 0.365956 0.0347892 0.180394 0.725521
0 0.513454 0.933158 0.0303186 0.133684 0.69618
0 0.815481 0.95793 0.0485477 0.0836605 0.616971
0 0.435446 0.212673 0.0283302 0.160367 0.5313
0 0.771868 0.965897 0.039145 0.0682058 0.520032
0 0.844178 0.658832 0.0571655 0.211565 0.514103
0 0.647363 0.934938 0.0447515 0.127947 0.48864
3 0.701232 0.194421 0.101116 0.101091 0.42165
0 0.16236 0.196511 0.03245 0.154042 0.413248
0 0.11676 0.317882 0.030439 0.172291 0.407425
0 0.202579 0.172909 0.0335415 0.172838 0.396496
3 0.841256 0.598339 0.126373 0.148707 0.384905
58 0.809801 0.311422 0.0533207 0.142743 0.345535
0 0.14563 0.317589 0.0351278 0.159618 0.322754
0 0.639398 0.934921 0.0332884 0.129364 0.321689
0 0.408938 0.120316 0.0302641 0.152584 0.299304
