2 0.691632 0.408614 0.139363 0.238237 0.9013
0 0.917329 0.520174 0.0379993 0.192207 0.799736
0 0.217961 0.475403 0.0419668 0.215085 0.792399
0 0.29584 0.22854 0.02833 0.165679 0.772715
0 0.0738466 0.622169 0.0418527 0.227395 0.75573
0 0.954223 0.285832 0.0341999 0.167192 0.727394
0 0.5698 0.278602 0.0484612 0.155049 0.695616
0 0.427568 0.217795 0.0331284 0.162617 0.676947
0 0.607982 0.951357 0.0358568 0.0972851 0.667821
0 0.73752 0.643528 0.062945 0.23057 0.609285
0 0.481688 0.20296 0.0450104 0.16582 0.569995
0 0.860972 0.31705 0.033287 0.163824 0.569513
0 0.27288 0.215095 0.0300327 0.160671 0.532757
3 0.836469 0.606817 0.129412 0.16068 0.526346
0 0.727634 0.635704 0.0437645 0.213392 0.49869
0 0.556694 0.205009 0.0367988 0.152625 0.435312
0 0.147875 0.43506 0.0239248 0.169114 0.4347
0 0.1969 0.175168 0.0314829 0.163332 0.377726
0 0.127825 0.444465 0.035711 0.1858 0.36503
0 0.760729 0.295691 0.0286812 0.149776 0.314235
0 0.787932 0.0993542 0.0275602 0.0678242 0.30498
58 0.811386 0.311088 0.0524096 0.14974 0.287385
0 0.0111841 0.896095 0.0222574 0.205202 0.273207
0 0.754814 0.300909 0.0397943 0.162614 0.251099
58 0.347133 0.310242 0.0512247 0.117179 0.250494
