0 0.22254 0.602812 0.0545843 0.224324 0.839918
2 0.691316 0.411086 0.139165 0.239711 0.8197
0 0.915901 0.518695 0.0445404 0.194975 0.819239
0 0.696783 0.905335 0.0448671 0.188075 0.746441
0 0.457033 0.929646 0.0317988 0.14048 0.737538
0 0.86271 0.223953 0.0379459 0.159787 0.733731
0 0.180342 0.42568 0.0358904 0.195483 0.730205
0 0.264539 0.198844 0.029843 0.167219 0.706707
0 0.743307 0.89755 0.0532825 0.204498 0.677433
0 0.435952 0.212588 0.0273661 0.160515 0.637599
0 0.787846 0.0665575 0.0337268 0.129926 0.615846
0 0.234449 0.200329 0.0224656 0.148027 0.49694
0 0.135628 0.292462 0.0297349 0.158702 0.49193
0 0.587088 0.983035 0.0213036 0.0339296 0.472728
0 0.845161 0.659213 0.0551617 0.213266 0.454544
3 0.701188 0.191351 0.101081 0.110084 0.436369
0 0.69497 0.0869849 0.0413174 0.167683 0.420844
3 0.840198 0.599293 0.126524 0.154688 0.393205
0 0.583931 0.0477375 0.0375742 0.0924937 0.360828
58 0.347692 0.30918 0.052365 0.110352 0.335111
0 0.635371 0.984002 0.025881 0.0319966 0.330561
0 0.200844 0.17832 0.0330467 0.164566 0.317721
0 0.853341 0.657456 0.0402489 0.212763 0.2694
0 0.375747 0.261054 0.0390423 0.11836 0.253888
