2 0.691452 0.410102 0.138957 0.233719 0.845502
0 0.157412 0.88774 0.0429849 0.22145 0.828406
0 0.122437 0.862029 0.0468869 0.251537 0.815241
0 0.913227 0.520292 0.0396845 0.192328 0.771794
0 0.440233 0.674495 0.0375696 0.23529 0.765791
0 0.93864 0.283185 0.0353111 0.15707 0.765593
0 0.526776 0.801676 0.0460985 0.236817 0.743203
0 0.788621 0.0609988 0.0300777 0.121998 0.653987
0 0.57348 0.797535 0.0370293 0.193655 0.603034
0 0.556634 0.932603 0.0433733 0.134794 0.594304
0 0.258306 0.191409 0.031444 0.174446 0.583078
0 0.901971 0.36685 0.0341038 0.169378 0.580862
3 0.700837 0.194467 0.101983 0.106212 0.575189
0 0.42008 0.212461 0.029394 0.161925 0.563298
0 0.162887 0.189932 0.0310405 0.156438 0.530362
0 0.882592 0.0800145 0.0322117 0.151035 0.502723
0 0.216337 0.269143 0.033817 0.181754 0.486836
0 0.107579 0.381252 0.0296464 0.172054 0.476309
0 0.694932 0.0863002 0.0425383 0.169377 0.370242
0 0.839923 0.659446 0.040114 0.223166 0.367998
0 0.251317 0.0619171 0.031331 0.123834 0.365511
0 0.498744 0.0486168 0.0258766 0.0947645 0.359658
3 0.839307 0.605011 0.123123 0.143357 0.354497
0 0.986329 0.311295 0.02682 0.183421 0.352743
0 0.375735 0.251895 0.0381893 0.13319 0.321704
0 0.101258 0.378192 0.0414624 0.17562 0.317478
1 0.872784 0.622846 0.0547478 0.122571 0.276977
