2 0.691002 0.409833 0.138933 0.235351 0.901164
0 0.229019 0.817284 0.0497797 0.243801 0.856194
0 0.916076 0.519859 0.0383398 0.193135 0.848208
0 0.240353 0.350729 0.0407225 0.197659 0.824329
0 0.0718664 0.621855 0.0399816 0.22928 0.787735
0 0.581834 0.928769 0.0429323 0.142461 0.76681
0 0.579304 0.206187 0.0321321 0.159323 0.766509
0 0.734156 0.647372 0.053907 0.225054 0.713795
0 0.292276 0.330204 0.0324659 0.188624 0.70189
0 0.483866 0.279969 0.0345781 0.170025 0.650325
0 0.446003 0.304737 0.0357553 0.160637 0.633681
0 0.314105 0.310204 0.0272365 0.171257 0.62936
3 0.837415 0.607973 0.128574 0.155878 0.603663
0 0.19884 0.17445 0.0335644 0.162558 0.557785
0 0.641838 0.228189 0.0290028 0.141697 0.517799
0 0.16403 0.191761 0.0280642 0.151656 0.497169
0 0.420298 0.297441 0.0299942 0.171595 0.484014
0 0.340315 0.770736 0.0263412 0.144218 0.419105
0 0.788323 0.0992157 0.0275974 0.06677 0.362653
0 0.125253 0.186508 0.0273698 0.139178 0.327332
58 0.809253 0.287789 0.0535679 0.093388 0.284741
0 0.426841 0.195954 0.0295181 0.115508 0.27864
0 0.373703 0.283115 0.0350026 0.186963 0.258723
