2 0.691099 0.410803 0.139205 0.234044 0.872115
0 0.9156 0.521792 0.038225 0.195719 0.82145
0 0.302278 0.489964 0.0338024 0.190853 0.763619
0 0.511661 0.926294 0.0472437 0.143969 0.760674
0 0.223638 0.525806 0.0406221 0.218413 0.732331
0 0.77407 0.651849 0.0440224 0.226379 0.7158
0 0.170823 0.869129 0.0442851 0.250916 0.696599
0 0.878189 0.0939915 0.0304379 0.143474 0.67947
0 0.548589 0.172659 0.0327208 0.164138 0.665481
0 0.505396 0.153473 0.0319885 0.167683 0.649977
0 0.585709 0.160784 0.0305908 0.150648 0.624377
0 0.259053 0.479379 0.0314943 0.205554 0.620872
0 0.444258 0.451497 0.035512 0.191795 0.589163
0 0.135085 0.467785 0.0311971 0.169278 0.534762
0 0.25718 0.222796 0.0354037 0.186048 0.499651
0 0.188186 0.749933 0.0555625 0.12871 0.497801
0 0.77502 0.0978189 0.0310431 0.135137 0.447239
0 0.413741 0.400434 0.0292899 0.155213 0.399068
0 0.136012 0.651817 0.0336142 0.229707 0.383035
0 0.194779 0.178777 0.0287634 0.167525 0.376489
0 0.481154 0.456333 0.0365147 0.177753 0.363225
3 0.846188 0.62062 0.1084 0.136741 0.357425
3 0.702014 0.198526 0.0984474 0.100114 0.342733
0 0.164947 0.187739 0.0273652 0.170264 0.28674
1 0.722827 0.20062 0.0568542 0.0829746 0.256594
0 0.428907 0.21964 0.0295309 0.153896 0.251363
