0 0.183829 0.918518 0.0478645 0.162965 0.853526
2 0.691575 0.409674 0.139276 0.236964 0.83135
0 0.881399 0.304862 0.0385323 0.173251 0.821502
0 0.207793 0.331414 0.0330416 0.174559 0.799139
0 0.150817 0.950255 0.0457423 0.0994893 0.795715
0 0.916333 0.519852 0.0377041 0.194045 0.781948
0 0.577388 0.894998 0.0415428 0.204121 0.687479
0 0.788059 0.0667165 0.0313185 0.130396 0.684259
0 0.628027 0.900474 0.0481132 0.194216 0.67663
0 0.536776 0.933327 0.0329767 0.133346 0.667745
0 0.9867 0.331688 0.0257526 0.163234 0.570635
0 0.201493 0.171744 0.0306718 0.167075 0.548898
0 0.163127 0.188224 0.0295662 0.163123 0.544292
0 0.844736 0.659484 0.0582577 0.211792 0.526201
0 0.102154 0.329602 0.0289311 0.184472 0.42135
0 0.235543 0.140563 0.0248188 0.147467 0.387937
3 0.701861 0.195063 0.0991303 0.0992804 0.385498
0 0.865907 0.0546149 0.027375 0.103242 0.377348
58 0.345265 0.306313 0.0482744 0.108269 0.366791
0 0.259766 0.166216 0.0282986 0.148234 0.358789
0 0.262893 0.145798 0.0292411 0.186221 0.327239
0 0.435869 0.218952 0.0290531 0.150484 0.310456
0 0.436874 0.164152 0.0317802 0.22565 0.298471
58 0.809689 0.308845 0.0526966 0.14062 0.279843
0 0.856603 0.656677 0.0364267 0.202088 0.277712
3 0.841355 0.598557 0.125201 0.152989 0.271976
0 0.133975 0.340409 0.0359674 0.1663 0.262518
0 0.308782 0.182868 0.0318113 0.153014 0.253299
