0 0.256208 0.607937 0.0447189 0.220282 0.838483
2 0.691386 0.411636 0.13896 0.240001 0.819392
0 0.916666 0.519607 0.0421061 0.197833 0.800732
0 0.858735 0.242926 0.0361084 0.16623 0.774934
0 0.190158 0.399186 0.036215 0.192616 0.744958
0 0.485269 0.931547 0.035014 0.136217 0.725058
0 0.734178 0.93617 0.0454351 0.125751 0.67183
0 0.78761 0.0665565 0.032345 0.133113 0.644015
0 0.435838 0.213716 0.0288721 0.16365 0.624683
0 0.60444 0.953455 0.0374825 0.0895597 0.62209
0 0.640997 0.9594 0.0378656 0.0807018 0.576552
0 0.778589 0.922953 0.0487637 0.154094 0.557037
0 0.844655 0.660156 0.0547176 0.21196 0.531483
0 0.203099 0.173185 0.0343126 0.173395 0.503338
0 0.2584 0.176046 0.0283133 0.156223 0.461384
3 0.700895 0.19325 0.101237 0.107405 0.362354
1 0.702639 0.196855 0.098233 0.0990113 0.354549
0 0.162088 0.194959 0.0321866 0.153978 0.354211
0 0.855319 0.656631 0.0347153 0.216674 0.306415
3 0.841176 0.600713 0.127275 0.151015 0.303035
0 0.376019 0.262698 0.039233 0.126905 0.281292
0 0.403184 0.122698 0.0263476 0.160945 0.278677
0 0.234233 0.178137 0.0226393 0.14536 0.274272
58 0.346546 0.307355 0.0504743 0.10687 0.258681
0 0.128512 0.305712 0.0286816 0.156528 0.253747
