0 0.91572 0.520341 0.0381136 0.195111 0.838734
2 0.690943 0.410323 0.13871 0.23416 0.832885
0 0.317977 0.447537 0.0333642 0.183455 0.783717
0 0.273076 0.44622 0.0353661 0.20545 0.767561
0 0.745322 0.643381 0.044105 0.235646 0.736156
0 0.505848 0.919191 0.0341057 0.155547 0.732039
0 0.573314 0.189986 0.0295631 0.165532 0.722211
0 0.136012 0.794952 0.0472712 0.228177 0.715278
0 0.612239 0.179599 0.0312151 0.154356 0.710231
0 0.129932 0.517315 0.0333004 0.18412 0.703757
3 0.837094 0.614694 0.126721 0.14971 0.681319
0 0.0908542 0.637458 0.0439778 0.226234 0.671229
0 0.225221 0.581901 0.0457801 0.218593 0.646436
0 0.854381 0.0752022 0.0282927 0.136413 0.637371
0 0.505367 0.182778 0.0350569 0.168914 0.634888
0 0.25394 0.248806 0.0383923 0.189589 0.610282
0 0.43192 0.416642 0.0359354 0.182246 0.51765
0 0.464593 0.419031 0.0329722 0.177731 0.478093
3 0.701023 0.196782 0.101679 0.100249 0.412787
0 0.782109 0.108074 0.026157 0.101991 0.384468
0 0.429451 0.217005 0.0323402 0.158889 0.371346
0 0.120106 0.723253 0.0441722 0.198381 0.339191
0 0.121213 0.686836 0.0434466 0.125018 0.279647
0 0.695337 0.0871484 0.0426275 0.169516 0.265836
0 0.16304 0.190395 0.0271664 0.158686 0.260261
