0 0.161457 0.650827 0.0411535 0.229545 0.848844
2 0.691271 0.408714 0.138695 0.234416 0.845867
0 0.5118 0.611771 0.0351105 0.210505 0.837358
0 0.91531 0.518568 0.038459 0.194378 0.834962
0 0.556922 0.593571 0.0401619 0.214672 0.826803
0 0.47011 0.93701 0.0406664 0.12598 0.745265
0 0.846663 0.657457 0.0509893 0.212435 0.686095
0 0.430778 0.208423 0.0340868 0.165253 0.667232
0 0.243024 0.339557 0.0338304 0.17951 0.665995
0 0.209568 0.338978 0.0264821 0.156312 0.656183
0 0.870542 0.0823632 0.0316313 0.154607 0.626206
0 0.783734 0.113937 0.0290037 0.141602 0.576684
0 0.749031 0.102531 0.0311489 0.149677 0.548325
0 0.2018 0.337158 0.0422297 0.165503 0.525454
0 0.174119 0.248369 0.0294841 0.164074 0.514473
0 0.571318 0.0453072 0.0276487 0.0873872 0.481359
0 0.695119 0.0851163 0.0425699 0.166001 0.42507
3 0.702047 0.193322 0.0995726 0.107465 0.382208
0 0.304585 0.188163 0.0290671 0.153739 0.322468
0 0.192255 0.240421 0.0230453 0.144098 0.294128
58 0.345116 0.30735 0.0466079 0.110125 0.29282
58 0.809431 0.288602 0.0534039 0.0966458 0.285323
58 0.810567 0.310196 0.0533588 0.141105 0.271188
0 0.824409 0.0652154 0.0200409 0.124215 0.258184
