0 0.655355 0.782273 0.0466539 0.238531 0.860458
2 0.691311 0.408288 0.138883 0.233582 0.837101
0 0.45865 0.407558 0.0317148 0.18476 0.83517
0 0.19346 0.866289 0.0436794 0.249517 0.829828
0 0.914602 0.517923 0.0380699 0.192412 0.821843
0 0.872624 0.185946 0.0322144 0.150186 0.804972
0 0.499773 0.399562 0.0364315 0.189587 0.790403
0 0.929773 0.737508 0.0487446 0.235254 0.767671
0 0.848134 0.656891 0.0521225 0.213112 0.734768
0 0.616976 0.163899 0.0335665 0.15128 0.733983
0 0.182583 0.487816 0.036538 0.180302 0.721558
0 0.272701 0.297104 0.0312857 0.163128 0.714761
0 0.50141 0.930834 0.0387835 0.138332 0.709912
0 0.221411 0.47819 0.038726 0.192269 0.698169
0 0.935757 0.217713 0.0311279 0.152418 0.573935
0 0.187281 0.3091 0.0297326 0.165692 0.43939
0 0.234737 0.315457 0.0349902 0.176313 0.436709
0 0.435136 0.208357 0.0273636 0.161324 0.418784
1 0.701907 0.198163 0.0983753 0.100331 0.352388
0 0.783346 0.213373 0.0305698 0.13416 0.315761
0 0.163843 0.194539 0.030336 0.152555 0.305188
3 0.701187 0.196252 0.100117 0.0998858 0.272828
