2 0.69116 0.410852 0.139453 0.235033 0.867688
0 0.915704 0.520701 0.038043 0.195922 0.838839
0 0.514461 0.926347 0.0433777 0.143985 0.778465
0 0.222962 0.531098 0.0409294 0.213591 0.745395
0 0.307789 0.475974 0.0330022 0.185617 0.723369
0 0.769347 0.647783 0.0455456 0.23256 0.711521
0 0.262193 0.467653 0.0362942 0.196125 0.700516
0 0.127126 0.650843 0.0388229 0.226561 0.7005
0 0.507245 0.158712 0.0316342 0.162949 0.700453
0 0.554034 0.177195 0.0337162 0.168857 0.673657
0 0.165137 0.857163 0.0428663 0.249301 0.632284
0 0.134215 0.477382 0.0307728 0.169749 0.596847
0 0.873638 0.0897867 0.02995 0.144066 0.553806
0 0.590201 0.165629 0.0305653 0.154564 0.523263
0 0.441562 0.44201 0.0329571 0.188168 0.522692
0 0.258053 0.225658 0.0352792 0.184738 0.500234
0 0.477623 0.442287 0.0323875 0.169886 0.488073
3 0.84628 0.619165 0.109295 0.13687 0.455332
0 0.174109 0.734265 0.050266 0.129907 0.45242
0 0.777235 0.0985284 0.0288637 0.127296 0.428255
3 0.702555 0.197286 0.0974995 0.10007 0.406387
0 0.194782 0.176066 0.0286698 0.166236 0.304228
1 0.691444 0.197543 0.0828337 0.112274 0.259915
0 0.401579 0.393374 0.027837 0.163384 0.258354
