2 0.691109 0.40886 0.138397 0.236928 0.890716
0 0.228106 0.797534 0.0464615 0.244929 0.864959
0 0.237324 0.339644 0.0401904 0.193398 0.852199
0 0.916351 0.52005 0.0379826 0.194607 0.843926
0 0.0710445 0.620641 0.0381206 0.227641 0.835545
0 0.571243 0.926031 0.0370716 0.14468 0.7581
0 0.564143 0.205945 0.0413259 0.159604 0.755293
0 0.291614 0.332832 0.0296104 0.187806 0.741499
0 0.470836 0.276818 0.0299793 0.171739 0.731844
0 0.734069 0.646745 0.0541483 0.224349 0.723282
0 0.317924 0.318311 0.0276793 0.162771 0.661888
0 0.264911 0.251584 0.0287352 0.1577 0.580143
3 0.836678 0.607752 0.128244 0.156522 0.555314
0 0.103711 0.675979 0.0428914 0.190166 0.552351
0 0.198532 0.175193 0.0326654 0.162406 0.53275
0 0.340185 0.771512 0.0265512 0.145279 0.487773
0 0.413628 0.307234 0.0281816 0.15902 0.484517
0 0.162719 0.192138 0.0271839 0.151655 0.440474
0 0.440262 0.312801 0.0289463 0.160942 0.41977
0 0.788314 0.0986457 0.0275533 0.0695551 0.401852
0 0.628421 0.218423 0.0278093 0.137108 0.38947
0 0.108163 0.678939 0.0310511 0.17552 0.356936
0 0.426734 0.199993 0.0332611 0.127724 0.308612
0 0.701936 0.22721 0.0459251 0.137227 0.295141
0 0.373493 0.285614 0.0347259 0.188236 0.259671
58 0.809303 0.288924 0.0537663 0.0954261 0.257663
3 0.698863 0.21419 0.103027 0.134453 0.254824
