2 0.691412 0.411136 0.138119 0.235673 0.83515
0 0.218838 0.578698 0.0418456 0.211568 0.831742
0 0.916168 0.519891 0.0381971 0.194099 0.82894
0 0.839378 0.693645 0.0496628 0.232601 0.751056
0 0.926784 0.150629 0.028635 0.147264 0.743931
0 0.518116 0.928198 0.0417532 0.141661 0.742741
0 0.284365 0.645807 0.0513844 0.22029 0.722687
0 0.550194 0.132633 0.0299696 0.152827 0.706271
0 0.243554 0.404813 0.0410917 0.200752 0.703676
0 0.553083 0.484604 0.042636 0.183748 0.682254
0 0.26432 0.590501 0.0359329 0.205421 0.668464
0 0.256912 0.968634 0.0485127 0.0627318 0.655391
0 0.277333 0.926798 0.0456778 0.143545 0.653789
0 0.460505 0.538564 0.0374494 0.20755 0.588182
0 0.492309 0.543457 0.0356279 0.189012 0.585569
0 0.516466 0.127664 0.0271248 0.163152 0.558346
0 0.855653 0.0752143 0.0263729 0.14072 0.550383
0 0.249901 0.171524 0.0348466 0.173352 0.51193
0 0.428617 0.219917 0.0307903 0.157427 0.43611
0 0.126391 0.378114 0.0302972 0.164373 0.434591
0 0.49735 0.0787366 0.0315884 0.151203 0.422608
0 0.977843 0.133624 0.0349258 0.143213 0.342976
1 0.702869 0.198418 0.0976894 0.0977227 0.339927
0 0.832377 0.69196 0.0372402 0.217892 0.328276
0 0.961667 0.539507 0.0400846 0.211182 0.327028
0 0.695118 0.088018 0.0423761 0.170101 0.320064
3 0.838617 0.593273 0.127244 0.171314 0.308258
58 0.80959 0.289698 0.0531086 0.0957083 0.296694
3 0.700956 0.195742 0.100593 0.101564 0.294153
