2 0.691158 0.411307 0.139044 0.234988 0.863133
0 0.915793 0.520664 0.0382412 0.195018 0.83513
0 0.263949 0.466228 0.0388414 0.198632 0.765886
0 0.122738 0.645662 0.0451718 0.219721 0.761462
0 0.514254 0.925777 0.0416721 0.14489 0.756547
0 0.50742 0.166714 0.0333676 0.166308 0.730382
0 0.764849 0.646409 0.0431196 0.230802 0.727077
0 0.222381 0.536115 0.0397829 0.211101 0.718433
0 0.310256 0.47067 0.0331733 0.190786 0.717106
0 0.159823 0.845639 0.0464824 0.243531 0.716545
0 0.556974 0.177879 0.0363377 0.166703 0.684489
0 0.596668 0.167007 0.0324917 0.158219 0.590229
0 0.13471 0.490053 0.0301335 0.175095 0.525762
0 0.86899 0.0844962 0.0254221 0.141167 0.520049
3 0.839386 0.616845 0.123166 0.141802 0.490189
0 0.439656 0.441362 0.0326254 0.189432 0.489816
0 0.476019 0.441177 0.0312998 0.173053 0.482494
0 0.258809 0.233423 0.036397 0.183847 0.458838
3 0.701541 0.195127 0.100432 0.102909 0.412814
0 0.778158 0.102621 0.0270163 0.129536 0.399128
0 0.16145 0.717793 0.0389013 0.120255 0.36347
0 0.194653 0.175329 0.0289639 0.166988 0.318904
0 0.215698 0.0799231 0.0273013 0.1537 0.270757
0 0.166583 0.188944 0.0300749 0.164531 0.263929
