2 0.691297 0.411088 0.139059 0.234809 0.858878
0 0.915587 0.52162 0.038442 0.193578 0.840063
0 0.192049 0.898199 0.051569 0.203602 0.795989
0 0.503926 0.92059 0.0346731 0.158254 0.760815
0 0.795761 0.662155 0.0495843 0.221279 0.737078
0 0.501977 0.131862 0.0303391 0.167607 0.713275
0 0.538198 0.15794 0.0298706 0.160483 0.703752
0 0.253163 0.505893 0.0328969 0.207064 0.685956
0 0.294021 0.512824 0.034754 0.191771 0.666593
0 0.221937 0.483156 0.0358462 0.20173 0.658455
0 0.480813 0.47893 0.0352497 0.175038 0.656719
0 0.17005 0.647244 0.0318051 0.221897 0.636876
0 0.137828 0.448974 0.0303304 0.179606 0.636667
0 0.570592 0.1518 0.0283155 0.144003 0.628203
0 0.894293 0.109595 0.0286072 0.13787 0.607892
0 0.451676 0.479626 0.0411043 0.196509 0.606329
0 0.769035 0.0766136 0.029221 0.127218 0.478328
0 0.211528 0.793967 0.0474416 0.14612 0.472311
1 0.859456 0.626847 0.0826492 0.115165 0.417741
0 0.433838 0.197263 0.0389031 0.203387 0.374673
3 0.701651 0.197776 0.0991814 0.101078 0.350353
0 0.256169 0.209962 0.0329793 0.175804 0.347693
1 0.665207 0.202812 0.032185 0.0954759 0.277958
0 0.695056 0.0869978 0.0439354 0.170592 0.263451
0 0.229859 0.107362 0.0301871 0.141639 0.255605
