2 0.691512 0.408726 0.13904 0.236892 0.911505
0 0.219784 0.468381 0.0424477 0.222151 0.852876
0 0.917306 0.520236 0.0386709 0.192943 0.820996
0 0.0730692 0.62279 0.0421294 0.224973 0.777401
0 0.427835 0.218184 0.0324861 0.160553 0.691126
0 0.960749 0.297633 0.033094 0.175531 0.6819
0 0.0133473 0.887919 0.0266946 0.224163 0.673361
0 0.853342 0.307975 0.0349213 0.166784 0.671131
0 0.290846 0.234955 0.0295776 0.17001 0.65136
0 0.735529 0.642947 0.0584705 0.229355 0.613842
0 0.617197 0.951199 0.0300753 0.0976028 0.611733
0 0.551646 0.237783 0.0318689 0.216276 0.589869
0 0.474657 0.208205 0.0302774 0.160798 0.523932
3 0.836653 0.606503 0.130064 0.158711 0.508743
0 0.727754 0.635394 0.042952 0.212214 0.505774
0 0.198288 0.175223 0.0305763 0.161831 0.485305
0 0.749444 0.299028 0.0346062 0.165375 0.395675
0 0.266779 0.220404 0.0296731 0.148419 0.383333
0 0.122436 0.442237 0.0304323 0.174647 0.374571
0 0.787691 0.0991981 0.0275998 0.0674876 0.325246
0 0.491093 0.207035 0.0257864 0.155425 0.29912
0 0.481696 0.207156 0.0446423 0.16047 0.290309
58 0.345495 0.310089 0.0478801 0.115731 0.289684
0 0.227866 0.14445 0.0255879 0.150838 0.276635
0 0.162193 0.192697 0.0273701 0.14577 0.274393
0 0.138269 0.430074 0.030422 0.192127 0.256287
