0 0.59164 0.756933 0.0400516 0.222005 0.842024
2 0.69132 0.407802 0.139134 0.237111 0.831996
0 0.914659 0.518945 0.0407909 0.194774 0.825288
0 0.629296 0.742121 0.0447645 0.239987 0.817475
0 0.469972 0.940237 0.0432905 0.119527 0.801059
0 0.176829 0.520543 0.0415013 0.201773 0.777699
0 0.278444 0.63667 0.0348241 0.22431 0.714669
0 0.846881 0.658152 0.0510834 0.212455 0.713522
0 0.254034 0.253917 0.0348455 0.183985 0.566472
0 0.187259 0.259668 0.0286385 0.157958 0.467671
0 0.793723 0.0652478 0.0315283 0.115595 0.452236
0 0.423884 0.203555 0.0306065 0.155942 0.449277
0 0.224877 0.267076 0.0248603 0.142943 0.447956
3 0.700758 0.192056 0.100357 0.104956 0.421715
0 0.248602 0.110385 0.0298867 0.132981 0.337838
0 0.464732 0.0349691 0.0228558 0.0667956 0.320943
58 0.344746 0.305131 0.0461305 0.105033 0.304478
0 0.152302 0.25943 0.0272146 0.171922 0.303745
3 0.808899 0.609273 0.0686544 0.131397 0.292951
36 0.277 0.726653 0.0342354 0.0472324 0.28835
0 0.844401 0.124938 0.0264523 0.0876792 0.277705
0 0.336907 0.782534 0.0312854 0.137405 0.261895
