2 0.691331 0.411861 0.138845 0.235894 0.864501
0 0.915721 0.521916 0.0382376 0.195492 0.83497
0 0.297781 0.499562 0.036204 0.193249 0.793438
0 0.88615 0.104025 0.0290993 0.141055 0.760538
0 0.507942 0.923653 0.0372005 0.148779 0.732583
0 0.258587 0.492102 0.0324736 0.203209 0.710005
0 0.180598 0.88798 0.0495823 0.22404 0.688238
0 0.149453 0.655931 0.0464598 0.230012 0.674027
0 0.481998 0.462994 0.0393244 0.173666 0.665425
0 0.503142 0.140837 0.0301676 0.159048 0.660745
0 0.542816 0.171109 0.0310878 0.166899 0.651397
0 0.218965 0.506146 0.0454362 0.212831 0.632224
0 0.578366 0.158904 0.0292546 0.153356 0.587669
0 0.773277 0.0873448 0.0293941 0.130684 0.579809
0 0.13741 0.460172 0.030887 0.169963 0.566857
0 0.782719 0.652526 0.0494461 0.222948 0.535343
0 0.448195 0.462142 0.0342941 0.190803 0.402112
0 0.254296 0.216084 0.0345104 0.174501 0.374815
0 0.161513 0.19483 0.0277759 0.160848 0.352355
0 0.429101 0.410958 0.0299416 0.170865 0.346738
3 0.701495 0.198698 0.0994791 0.100485 0.322962
26 0.426725 0.49736 0.0217193 0.0501094 0.306541
0 0.195491 0.184219 0.0288007 0.155729 0.297114
0 0.427536 0.218989 0.0347456 0.160478 0.275151
0 0.224538 0.0993413 0.0285076 0.146249 0.261837
