2 0.69132 0.408932 0.139362 0.234439 0.840551
0 0.91567 0.5186 0.0376982 0.193914 0.835137
0 0.162961 0.616959 0.0409435 0.212156 0.830141
0 0.528354 0.646047 0.0370094 0.20486 0.795082
0 0.567643 0.624601 0.0360565 0.214871 0.769642
0 0.473052 0.932004 0.0339539 0.135991 0.740312
0 0.846503 0.658806 0.0507309 0.212866 0.68007
0 0.782619 0.101328 0.0282703 0.136018 0.646166
0 0.162887 0.249568 0.0304618 0.161751 0.600634
0 0.756456 0.113721 0.0301712 0.152716 0.591153
0 0.243222 0.322179 0.035287 0.172431 0.562998
0 0.215321 0.324843 0.0270415 0.15343 0.546423
0 0.427895 0.207623 0.0355194 0.163586 0.465161
0 0.261661 0.177673 0.0320319 0.173557 0.435825
0 0.304942 0.18662 0.0287745 0.157449 0.411345
0 0.860928 0.0682112 0.0257004 0.129835 0.408807
0 0.191991 0.247611 0.0268218 0.154044 0.364946
3 0.701894 0.195221 0.0992062 0.103812 0.362796
58 0.345009 0.306671 0.0468836 0.109799 0.329271
1 0.703299 0.197303 0.095734 0.099391 0.308466
0 0.694711 0.0844823 0.0427873 0.163829 0.305564
0 0.376069 0.256829 0.0379653 0.124617 0.282014
0 0.237157 0.184428 0.0236636 0.158016 0.272079
