0 0.603443 0.620348 0.0420797 0.225649 0.841181
2 0.691444 0.410164 0.138606 0.233637 0.840634
0 0.915003 0.520954 0.0399551 0.193155 0.821377
0 0.503149 0.302236 0.0309254 0.174631 0.758672
0 0.238839 0.952933 0.0538194 0.0941345 0.755294
0 0.461159 0.308867 0.0329206 0.173974 0.752215
0 0.912422 0.274159 0.0292431 0.143076 0.744581
0 0.214071 0.591517 0.0392193 0.218505 0.710499
0 0.98446 0.329571 0.0292931 0.186394 0.699988
0 0.168172 0.594761 0.0448716 0.192039 0.698864
0 0.475233 0.933189 0.0292486 0.133622 0.670942
0 0.847985 0.653757 0.0470469 0.214641 0.668839
0 0.699115 0.241772 0.0297659 0.11535 0.638916
0 0.320672 0.611899 0.0344545 0.228446 0.573067
0 0.166832 0.401897 0.0365044 0.181916 0.555294
0 0.266812 0.392792 0.0332362 0.173798 0.505206
0 0.201185 0.391024 0.042128 0.168051 0.478684
0 0.882216 0.706918 0.0434645 0.234771 0.387907
0 0.785396 0.276243 0.0343479 0.136206 0.293237
0 0.882894 0.685135 0.0371643 0.186125 0.289373
2 0.701499 0.189227 0.0998852 0.0855316 0.272264
3 0.804091 0.607466 0.0579157 0.128645 0.259975
