2 0.691458 0.409121 0.139059 0.235418 0.822121
0 0.422456 0.666559 0.04713 0.227735 0.814476
0 0.147665 0.906897 0.0483567 0.186206 0.742114
0 0.915522 0.518784 0.035585 0.191173 0.739124
0 0.952691 0.298819 0.0336853 0.160056 0.724419
0 0.546445 0.933604 0.0541356 0.132792 0.7194
0 0.586522 0.850987 0.0460779 0.228286 0.687936
0 0.887883 0.343438 0.0422216 0.174248 0.663799
0 0.429002 0.185364 0.0382471 0.22291 0.656484
0 0.214767 0.287843 0.032374 0.18144 0.653153
0 0.545784 0.806716 0.0404369 0.165881 0.631681
0 0.790829 0.0645749 0.0304556 0.127788 0.612706
3 0.700648 0.194187 0.102292 0.102754 0.532681
0 0.115231 0.36265 0.0362479 0.174331 0.523832
0 0.845973 0.664206 0.038224 0.199412 0.489975
0 0.467789 0.0525009 0.0257969 0.0941779 0.459197
0 0.162595 0.180224 0.0307419 0.177947 0.426935
0 0.25341 0.166938 0.0308109 0.163326 0.421478
0 0.695399 0.0853782 0.0421733 0.168965 0.375757
0 0.878189 0.0674559 0.0260292 0.134912 0.341016
0 0.0869575 0.365322 0.0242709 0.151438 0.335929
58 0.810541 0.297035 0.0560452 0.113892 0.321588
58 0.344759 0.305212 0.0471455 0.105802 0.321379
0 0.498184 0.0439932 0.0230132 0.0821892 0.318048
0 0.202959 0.158358 0.0310535 0.147509 0.303149
0 0.141922 0.884347 0.0460368 0.229638 0.29214
0 0.375535 0.256151 0.0382258 0.133323 0.289922
3 0.839259 0.608592 0.127539 0.13345 0.253505
