2 0.691425 0.411245 0.139245 0.235385 0.862275
0 0.915812 0.521649 0.0378654 0.193394 0.846082
0 0.500615 0.12207 0.0311569 0.155813 0.769036
0 0.244474 0.51839 0.0383963 0.213041 0.764117
0 0.288746 0.533931 0.0357651 0.193195 0.761533
0 0.207135 0.912558 0.0494917 0.174883 0.760364
0 0.534272 0.155221 0.0312811 0.160889 0.750782
0 0.502291 0.918934 0.0405902 0.162132 0.746882
0 0.134926 0.432182 0.0331659 0.170088 0.728507
0 0.194967 0.653461 0.0592359 0.225457 0.700675
0 0.810767 0.6679 0.0473488 0.218824 0.688753
0 0.901591 0.117094 0.028392 0.141444 0.650297
0 0.481519 0.496507 0.0347034 0.171066 0.63275
0 0.562486 0.148337 0.0299065 0.146283 0.627202
0 0.769495 0.0678787 0.0288507 0.123573 0.527114
0 0.447116 0.47805 0.0486629 0.163158 0.505387
0 0.428431 0.193664 0.0348934 0.209729 0.488902
0 0.223822 0.821939 0.051171 0.137004 0.448178
0 0.255315 0.199008 0.0352327 0.175045 0.43297
1 0.863977 0.62723 0.0705925 0.115156 0.368011
0 0.232226 0.120395 0.0305141 0.153809 0.364393
0 0.225298 0.465711 0.0410657 0.210279 0.357345
0 0.453196 0.492482 0.0324762 0.190574 0.34022
0 0.481745 0.388234 0.0302529 0.0793698 0.320793
0 0.833115 0.0502518 0.0207352 0.0982817 0.306255
3 0.702032 0.197229 0.098469 0.101634 0.301072
0 0.157816 0.196432 0.0311386 0.159156 0.284267
0 0.482415 0.402162 0.0335505 0.108177 0.270887
