2 0.691032 0.418063 0.138067 0.248858 0.853091
0 0.916035 0.518529 0.0369795 0.1967 0.808746
0 0.172389 0.668982 0.0486753 0.228909 0.79925
0 0.537602 0.101195 0.0289067 0.144565 0.767651
0 0.224558 0.686051 0.0407727 0.216522 0.758113
0 0.531126 0.930247 0.04836 0.139506 0.751589
0 0.254009 0.318603 0.0446945 0.181305 0.750018
0 0.509301 0.61858 0.0384809 0.194062 0.739003
0 0.883611 0.139564 0.0370132 0.158854 0.73361
0 0.470133 0.610797 0.0384247 0.212439 0.694312
0 0.508676 0.0899229 0.0289568 0.159033 0.681486
0 0.933944 0.177406 0.0294834 0.181361 0.633458
0 0.661651 0.555148 0.0428328 0.175923 0.632064
0 0.846664 0.683047 0.0491306 0.215221 0.575731
3 0.838619 0.598656 0.128974 0.166202 0.564678
0 0.428229 0.216697 0.0325705 0.159095 0.542726
0 0.395995 0.624821 0.0342581 0.21456 0.487722
0 0.968162 0.153828 0.0302134 0.155844 0.473049
0 0.160388 0.193167 0.0317984 0.147759 0.46897
3 0.701037 0.19402 0.101301 0.10292 0.457352
0 0.258124 0.149952 0.0404795 0.17735 0.423035
0 0.447465 0.0611 0.0236426 0.1222 0.414498
58 0.809662 0.286494 0.0529909 0.0903681 0.355253
0 0.695266 0.0854106 0.0406541 0.166456 0.35072
0 0.233775 0.173009 0.0261595 0.147323 0.337735
0 0.0673056 0.421653 0.0309229 0.143509 0.315556
0 0.200711 0.183609 0.0278888 0.153247 0.287378
0 0.990862 0.455935 0.0176075 0.109884 0.284857
