0 0.646183 0.75771 0.0435196 0.246484 0.864115
0 0.197505 0.882414 0.0509994 0.235172 0.863043
2 0.691039 0.408308 0.139113 0.233071 0.83391
0 0.914539 0.518486 0.0386032 0.192921 0.812383
0 0.455235 0.389871 0.0334225 0.182102 0.791658
0 0.275296 0.315999 0.0346268 0.168943 0.781452
0 0.848844 0.65639 0.0511158 0.215737 0.780145
0 0.221707 0.499193 0.0382235 0.202626 0.766987
0 0.929183 0.73527 0.0492683 0.23257 0.759673
0 0.496898 0.384773 0.0324001 0.191601 0.750885
0 0.179904 0.499796 0.0381893 0.19102 0.749492
0 0.943368 0.239693 0.0292318 0.165228 0.748383
0 0.629548 0.179295 0.0317315 0.153066 0.730364
0 0.4965 0.933258 0.035395 0.133483 0.714251
0 0.879349 0.199443 0.028965 0.14637 0.697349
0 0.229324 0.327918 0.0389073 0.172048 0.56211
0 0.183679 0.324483 0.0294487 0.165569 0.508061
0 0.434466 0.207889 0.0287205 0.161287 0.460991
0 0.780487 0.226941 0.0280778 0.135981 0.45023
1 0.703173 0.197534 0.0957445 0.0978787 0.312088
3 0.702231 0.195329 0.0980364 0.100481 0.273269
58 0.345344 0.304852 0.0485722 0.107182 0.255488
