2 0.691311 0.408503 0.13921 0.235729 0.838799
0 0.543515 0.675818 0.0382092 0.222268 0.832956
0 0.915881 0.51876 0.0375645 0.194078 0.829482
0 0.580915 0.648267 0.0407791 0.221197 0.815926
0 0.165102 0.595711 0.0374595 0.213961 0.783502
0 0.24478 0.307958 0.0317118 0.178039 0.733974
0 0.845565 0.658427 0.0523598 0.213095 0.699116
0 0.475104 0.937169 0.0293352 0.125662 0.664723
0 0.219026 0.304626 0.0251664 0.158776 0.555918
0 0.160945 0.252469 0.0271854 0.162001 0.49115
0 0.784979 0.0950543 0.0302389 0.135288 0.460441
0 0.418543 0.206041 0.0261632 0.153913 0.435985
0 0.852012 0.0632157 0.0251812 0.124105 0.428947
0 0.191583 0.254735 0.0249519 0.146349 0.415713
0 0.233786 0.164824 0.028378 0.15495 0.346632
0 0.263463 0.150727 0.0315362 0.146024 0.320005
0 0.695134 0.0842186 0.041992 0.163999 0.314487
3 0.701603 0.193419 0.0993164 0.105786 0.311077
0 0.758803 0.122211 0.0303823 0.143427 0.308336
1 0.703052 0.196571 0.095521 0.100816 0.300438
58 0.345511 0.310196 0.0476128 0.116446 0.278609
