0 0.639739 0.729491 0.0460943 0.237079 0.855106
2 0.691243 0.408296 0.139047 0.235207 0.834779
0 0.195517 0.892841 0.0489995 0.214317 0.82065
0 0.886442 0.210655 0.0305584 0.151095 0.820509
0 0.915466 0.518666 0.0398556 0.191341 0.817243
0 0.453656 0.378836 0.0343319 0.181567 0.779727
0 0.496603 0.373078 0.0339045 0.195141 0.771336
0 0.849091 0.655185 0.0525894 0.216662 0.759817
0 0.491787 0.936696 0.0312757 0.126607 0.735334
0 0.928755 0.731228 0.0494808 0.225876 0.728265
0 0.635749 0.190534 0.0312331 0.161535 0.687543
0 0.275291 0.328796 0.0339433 0.171219 0.667983
0 0.221055 0.512394 0.0375376 0.200221 0.631583
0 0.226448 0.339097 0.0374487 0.182303 0.607652
0 0.177943 0.517241 0.0360911 0.174098 0.595275
0 0.948803 0.255994 0.0275188 0.146405 0.429398
0 0.178851 0.341486 0.032987 0.174794 0.420149
3 0.704046 0.195133 0.0943342 0.101015 0.382467
0 0.434948 0.208221 0.0292144 0.162584 0.318058
