0 0.915757 0.518476 0.0379425 0.193759 0.844757
0 0.563041 0.617082 0.0484783 0.225137 0.842551
2 0.691363 0.408582 0.139001 0.235626 0.841142
0 0.518563 0.629693 0.037509 0.213485 0.822484
0 0.163154 0.627545 0.0406755 0.214042 0.80204
0 0.846829 0.658464 0.0515574 0.212535 0.705826
0 0.469199 0.93449 0.0371719 0.13102 0.70321
0 0.784424 0.106645 0.0298866 0.131507 0.678074
0 0.242709 0.326391 0.0334132 0.176366 0.631528
0 0.866468 0.0717868 0.0244534 0.139606 0.61817
0 0.429149 0.20745 0.0351549 0.164353 0.550666
0 0.261376 0.181764 0.0308097 0.179875 0.541037
0 0.213027 0.333004 0.0284421 0.159887 0.477656
0 0.75257 0.106669 0.0266764 0.142399 0.470781
0 0.169516 0.246181 0.0314378 0.168574 0.439798
0 0.568129 0.0396482 0.0262016 0.0727747 0.419919
0 0.69475 0.0851876 0.0431265 0.166302 0.41537
3 0.701826 0.194394 0.101549 0.105369 0.365305
0 0.336837 0.783956 0.0315003 0.136348 0.292729
58 0.809429 0.288203 0.053356 0.0962931 0.2795
0 0.305374 0.189227 0.0294442 0.150722 0.277395
0 0.235015 0.188574 0.0256509 0.153641 0.270027
0 0.191367 0.249572 0.0239188 0.153581 0.267523
58 0.34534 0.305801 0.0474787 0.107496 0.267248
0 0.375916 0.2585 0.0376191 0.120874 0.255034
58 0.8106 0.308103 0.0534025 0.137095 0.254313
