0 0.19278 0.82156 0.0487556 0.243009 0.872773
0 0.675541 0.851389 0.0467907 0.260776 0.847382
2 0.691271 0.408945 0.139156 0.23455 0.824107
0 0.914492 0.518507 0.0375956 0.192722 0.813743
0 0.462912 0.449674 0.0320889 0.199816 0.779611
0 0.930865 0.735253 0.0459007 0.226778 0.752823
0 0.223624 0.455754 0.0400194 0.197977 0.75232
0 0.506403 0.43461 0.0350338 0.192817 0.751282
0 0.496056 0.935995 0.0384949 0.128009 0.744209
0 0.861661 0.161645 0.0290083 0.145783 0.726684
0 0.60551 0.136516 0.0283651 0.152581 0.720714
0 0.186686 0.462654 0.0348603 0.176689 0.702865
0 0.923391 0.191828 0.0306198 0.155754 0.694388
0 0.847902 0.657241 0.0494358 0.212753 0.66958
0 0.26439 0.283003 0.0300093 0.169289 0.515089
0 0.432452 0.207902 0.0369742 0.162738 0.515066
0 0.136938 0.194126 0.0285716 0.155671 0.414057
0 0.694526 0.0858161 0.0434629 0.167597 0.376341
3 0.799997 0.620767 0.0486948 0.0937753 0.280868
3 0.803875 0.607341 0.0605942 0.123686 0.280398
1 0.703145 0.196598 0.0963462 0.0998912 0.264052
0 0.337796 0.784666 0.0308378 0.132667 0.260509
0 0.161765 0.189129 0.0245806 0.14963 0.258428
