0 0.180382 0.90136 0.0557579 0.190176 0.831932
2 0.691519 0.409673 0.138946 0.236242 0.824303
0 0.880285 0.319298 0.0371748 0.173875 0.808773
0 0.150599 0.934255 0.0434657 0.128823 0.788615
0 0.567875 0.879884 0.0421014 0.22973 0.760636
0 0.213499 0.316173 0.0332727 0.179391 0.706707
0 0.388771 0.652192 0.0448554 0.235363 0.702205
0 0.608926 0.884058 0.0472042 0.217479 0.673603
0 0.914199 0.522444 0.0381159 0.194249 0.673143
0 0.542854 0.92885 0.0359167 0.140896 0.665412
0 0.97713 0.318265 0.0348688 0.165098 0.640409
0 0.786979 0.0669653 0.0302374 0.130098 0.630983
0 0.438369 0.17602 0.0352154 0.234016 0.576747
3 0.700873 0.194608 0.102068 0.103309 0.558029
0 0.845751 0.657916 0.0577118 0.212576 0.514634
0 0.201608 0.16497 0.029993 0.149013 0.490131
0 0.163426 0.182894 0.0297592 0.178586 0.458907
0 0.260529 0.156528 0.0283635 0.176116 0.444463
0 0.871583 0.0598982 0.0258371 0.119668 0.410035
0 0.0945841 0.336126 0.0333982 0.182887 0.38879
3 0.841171 0.598437 0.125758 0.152237 0.351784
0 0.695523 0.0859351 0.0414492 0.168304 0.350478
58 0.810609 0.31134 0.0527287 0.140546 0.315567
0 0.232282 0.131622 0.0226868 0.145134 0.309194
0 0.376338 0.260202 0.0390314 0.124173 0.28286
58 0.345166 0.306027 0.0476007 0.109339 0.27521
