2 0.691164 0.41012 0.139046 0.233807 0.848534
0 0.915874 0.521205 0.0379478 0.195564 0.842784
0 0.283179 0.403225 0.0361904 0.197547 0.791166
0 0.230664 0.649567 0.0484408 0.229159 0.776647
0 0.509556 0.919415 0.0322105 0.160636 0.755153
0 0.487974 0.218307 0.0363674 0.17225 0.747145
0 0.602172 0.208092 0.0280947 0.166389 0.722188
0 0.0869436 0.727599 0.0487717 0.219554 0.716087
0 0.242357 0.27472 0.0370921 0.18935 0.690787
0 0.73399 0.644767 0.0530899 0.230392 0.66243
0 0.0489631 0.686878 0.0451959 0.228156 0.654965
0 0.327681 0.399948 0.0318542 0.172542 0.628154
0 0.414291 0.382754 0.0389963 0.179119 0.570622
0 0.128646 0.569256 0.0296072 0.186247 0.535142
3 0.836522 0.612943 0.127835 0.15573 0.519352
0 0.444616 0.387166 0.0364892 0.175971 0.48816
0 0.63484 0.201332 0.0273845 0.147486 0.486076
0 0.428949 0.220899 0.0332382 0.158568 0.473687
0 0.0711759 0.576746 0.0367166 0.133376 0.433543
0 0.791095 0.101201 0.0283761 0.0712683 0.349872
0 0.163156 0.188285 0.0257452 0.161155 0.334437
0 0.284713 0.194729 0.0301732 0.161253 0.255058
