2 0.69136 0.410039 0.138339 0.234156 0.833619
0 0.916187 0.519255 0.0387905 0.192742 0.811689
0 0.569587 0.491144 0.0357405 0.180154 0.774528
0 0.206348 0.594386 0.0483831 0.229192 0.751455
0 0.545875 0.126271 0.0293411 0.148392 0.745216
0 0.52415 0.922662 0.0384706 0.150597 0.74357
0 0.259264 0.610169 0.0336613 0.217338 0.718559
0 0.297533 0.94034 0.0591056 0.11932 0.716761
0 0.843686 0.697428 0.0434628 0.22117 0.709153
0 0.247259 0.38379 0.0367205 0.192861 0.6977
0 0.930433 0.161634 0.0306332 0.144591 0.661696
0 0.309005 0.64114 0.0450791 0.227288 0.660596
0 0.493849 0.553572 0.0384472 0.187548 0.659288
0 0.460745 0.547601 0.0343775 0.206961 0.639895
0 0.513039 0.118664 0.0299559 0.160768 0.608432
0 0.956849 0.519947 0.0314754 0.197976 0.53452
0 0.860474 0.0805102 0.0265675 0.145457 0.512826
0 0.964252 0.141651 0.0301285 0.140258 0.4326
0 0.428507 0.21685 0.0304967 0.155938 0.400711
0 0.244362 0.159897 0.0405795 0.172449 0.383519
1 0.703246 0.198807 0.0971138 0.0970296 0.340866
0 0.695077 0.0870466 0.0428289 0.168566 0.337831
3 0.700979 0.195299 0.101668 0.103715 0.323788
0 0.497156 0.0724949 0.0296795 0.14499 0.291336
0 0.44901 0.0493343 0.0256034 0.0986685 0.281653
3 0.838035 0.596172 0.125512 0.165762 0.281024
58 0.810372 0.293711 0.0535089 0.104941 0.268783
3 0.836122 0.6255 0.124242 0.121709 0.264538
