0 0.694025 0.885179 0.0495481 0.229642 0.844935
0 0.466862 0.475993 0.0332794 0.19347 0.834424
2 0.691474 0.410054 0.138201 0.235593 0.82657
0 0.915119 0.518372 0.0382824 0.191726 0.812603
0 0.512303 0.4657 0.0379701 0.203788 0.790361
0 0.491994 0.941096 0.0407054 0.117809 0.775191
0 0.181921 0.773357 0.0436976 0.237161 0.76606
0 0.229525 0.425671 0.0348449 0.191088 0.725636
0 0.852526 0.13937 0.026096 0.144834 0.720346
0 0.935838 0.740199 0.0401688 0.23292 0.69965
0 0.847322 0.657828 0.0501778 0.211308 0.698272
0 0.598498 0.110775 0.0307353 0.146136 0.692948
0 0.189599 0.433317 0.0356869 0.163341 0.688426
0 0.912666 0.169243 0.0251019 0.162012 0.652468
0 0.25625 0.268947 0.0356402 0.190807 0.482946
0 0.783242 0.173114 0.0283321 0.145056 0.460995
0 0.434978 0.208222 0.0309942 0.160987 0.452402
0 0.694921 0.0863409 0.0434191 0.169553 0.416702
0 0.18221 0.24048 0.0406824 0.176012 0.403554
1 0.702684 0.196465 0.0968456 0.101878 0.349435
0 0.137175 0.192713 0.0274244 0.159359 0.330328
58 0.809939 0.284116 0.0524506 0.0863942 0.305418
0 0.751597 0.0619184 0.025532 0.11124 0.295164
58 0.810975 0.302712 0.0527142 0.124608 0.279674
0 0.206914 0.268632 0.029037 0.140293 0.260949
58 0.345923 0.305043 0.0495499 0.105623 0.259961
