0 0.718651 0.920451 0.0534449 0.159097 0.847536
2 0.691231 0.40903 0.138612 0.234256 0.819792
0 0.915633 0.519271 0.0375961 0.190369 0.812996
0 0.17781 0.735624 0.0453492 0.23177 0.809201
0 0.523203 0.509708 0.0421621 0.215894 0.788707
0 0.475473 0.51599 0.0335152 0.197224 0.778096
0 0.234897 0.395779 0.0342342 0.180201 0.740718
0 0.49545 0.934109 0.0388237 0.131782 0.694279
0 0.933195 0.736475 0.0426453 0.219271 0.687408
0 0.847927 0.658855 0.0512409 0.210996 0.683766
0 0.592085 0.0870305 0.0293699 0.148119 0.66726
0 0.262768 0.245866 0.0373095 0.181777 0.660606
0 0.192765 0.407568 0.0304056 0.162643 0.617296
0 0.754019 0.0682673 0.0282033 0.136535 0.535259
0 0.182834 0.240786 0.0368703 0.179549 0.504676
0 0.433392 0.208226 0.0351597 0.160946 0.488652
0 0.901751 0.146286 0.0237938 0.142325 0.479691
0 0.218838 0.252419 0.0241574 0.153918 0.471684
0 0.843854 0.113958 0.0245167 0.138402 0.464014
0 0.695231 0.0828657 0.0421778 0.163068 0.399292
3 0.7013 0.193779 0.100386 0.102707 0.354874
0 0.375961 0.25354 0.0381141 0.113904 0.270023
3 0.810082 0.607012 0.0730694 0.13122 0.266851
0 0.139422 0.194651 0.0270389 0.159898 0.254657
