2 0.691201 0.411832 0.138822 0.235895 0.870491
0 0.915808 0.520294 0.038076 0.195049 0.835084
0 0.514191 0.925588 0.0414797 0.144818 0.766999
0 0.507247 0.167291 0.0342213 0.166914 0.754283
0 0.763579 0.643973 0.0435028 0.228251 0.748507
0 0.264727 0.466444 0.0393943 0.20246 0.744611
0 0.310728 0.470397 0.0332011 0.189986 0.735753
0 0.158711 0.843802 0.0452219 0.239735 0.735109
0 0.121981 0.644342 0.0443887 0.220962 0.719655
0 0.221619 0.539228 0.041564 0.209012 0.712611
0 0.559553 0.17825 0.0330059 0.167165 0.708571
0 0.597362 0.16735 0.0322758 0.159049 0.613643
0 0.134716 0.490948 0.0304889 0.175507 0.531636
0 0.474818 0.440175 0.0317373 0.177123 0.522138
0 0.440005 0.440382 0.0321526 0.188761 0.515201
0 0.867641 0.0835032 0.0264004 0.142454 0.486894
3 0.839291 0.617476 0.123575 0.140064 0.457403
0 0.25887 0.235167 0.0372644 0.184153 0.443298
3 0.701592 0.196168 0.0990452 0.101573 0.442896
0 0.779267 0.1034 0.0271236 0.129588 0.433166
0 0.157959 0.710604 0.0355873 0.107276 0.396158
0 0.194613 0.176353 0.0292709 0.164379 0.284696
1 0.690887 0.19833 0.0814806 0.109681 0.273419
0 0.392145 0.390568 0.0292453 0.166657 0.272771
0 0.166789 0.187593 0.0304196 0.166575 0.262497
