0 0.181328 0.641891 0.0456635 0.228911 0.850805
0 0.255588 0.340814 0.0376637 0.188383 0.793776
0 0.239174 0.660581 0.0337419 0.217528 0.761362
2 0.690731 0.411482 0.137846 0.237925 0.755094
0 0.91591 0.519259 0.0378029 0.194013 0.748314
0 0.533237 0.923436 0.0425623 0.151283 0.746534
0 0.467119 0.587674 0.0384983 0.206307 0.724411
0 0.504548 0.594257 0.0376198 0.192106 0.684851
0 0.538358 0.107509 0.0301004 0.148611 0.673554
0 0.509885 0.0996517 0.0303555 0.145986 0.656654
0 0.870582 0.118737 0.0302895 0.152029 0.631268
0 0.628284 0.537659 0.0390987 0.18262 0.624825
0 0.428738 0.21757 0.0323353 0.160781 0.585912
0 0.937288 0.181803 0.0306826 0.157276 0.585045
0 0.261277 0.151432 0.0381586 0.17424 0.583642
0 0.856913 0.689913 0.0342911 0.213684 0.519499
3 0.838712 0.597777 0.129198 0.165638 0.478625
0 0.233955 0.165409 0.0248645 0.155614 0.443659
0 0.385597 0.0630307 0.0254676 0.126061 0.414158
3 0.701197 0.194614 0.100174 0.103224 0.412714
0 0.15972 0.192369 0.0313714 0.147355 0.345934
0 0.694757 0.0856864 0.0417278 0.166104 0.342558
0 0.939386 0.156146 0.0345997 0.208615 0.315075
0 0.129982 0.203188 0.0284297 0.145588 0.284628
1 0.703047 0.197223 0.0970413 0.100374 0.277822
0 0.444601 0.0573506 0.0313772 0.113672 0.266419
58 0.810524 0.290983 0.0533852 0.100434 0.260895
0 0.198837 0.180915 0.0275753 0.15813 0.254844
