2 0.691502 0.411501 0.138755 0.238638 0.843078
0 0.221364 0.57309 0.0431477 0.215978 0.837292
0 0.916326 0.520535 0.038122 0.194068 0.828207
0 0.925917 0.14722 0.0278955 0.148491 0.791635
0 0.281627 0.647734 0.063844 0.218166 0.765219
0 0.516984 0.929102 0.044474 0.140308 0.760561
0 0.834722 0.693116 0.0565195 0.227043 0.759927
0 0.24239 0.405557 0.0411593 0.195244 0.698332
0 0.547514 0.475887 0.0401828 0.17829 0.691383
0 0.550889 0.133167 0.0297823 0.150951 0.652346
0 0.267754 0.919005 0.0468731 0.148566 0.646635
0 0.252394 0.963723 0.0543479 0.0725533 0.630952
0 0.490389 0.540433 0.0341558 0.194458 0.620867
0 0.459512 0.531146 0.0358797 0.197946 0.617017
0 0.519407 0.131392 0.0289418 0.160144 0.583568
0 0.854209 0.0696601 0.0261105 0.132213 0.542103
0 0.127997 0.38283 0.0299337 0.16282 0.465127
3 0.837963 0.597995 0.127369 0.163729 0.463904
0 0.249634 0.172881 0.0358305 0.173334 0.455794
0 0.498416 0.080809 0.032782 0.14663 0.45265
0 0.429501 0.218755 0.0307991 0.15717 0.417271
1 0.703166 0.198693 0.0970022 0.0975453 0.408569
0 0.265762 0.573867 0.0346752 0.187916 0.40424
0 0.984016 0.123192 0.0266214 0.136498 0.370589
3 0.70127 0.196104 0.100205 0.102211 0.283549
0 0.206507 0.181085 0.0332275 0.164615 0.27786
58 0.810396 0.291124 0.0530621 0.0992561 0.273385
0 0.695067 0.0873189 0.0414745 0.169575 0.260593
1 0.665609 0.200293 0.0328054 0.0948707 0.25881
3 0.873718 0.594431 0.0562706 0.171543 0.258805
3 0.840111 0.620706 0.122211 0.125738 0.253456
