0 0.179132 0.65157 0.044876 0.23142 0.858577
0 0.25625 0.336872 0.0390793 0.185572 0.851772
0 0.236123 0.662088 0.0349469 0.212635 0.81933
0 0.874583 0.120566 0.0335569 0.155005 0.745366
2 0.690413 0.412355 0.138861 0.239058 0.738645
0 0.532001 0.925678 0.0427435 0.148422 0.737452
0 0.637701 0.54382 0.039547 0.194526 0.734992
0 0.537539 0.104626 0.0301084 0.145008 0.728849
0 0.468174 0.597737 0.0413323 0.216915 0.721758
0 0.915737 0.517511 0.0377779 0.198199 0.717696
0 0.50569 0.604861 0.0359848 0.203452 0.687482
0 0.260445 0.151393 0.0391104 0.171113 0.622803
0 0.509155 0.096551 0.0287705 0.149811 0.597513
0 0.42824 0.216731 0.0314674 0.159187 0.577037
0 0.856858 0.686808 0.0383844 0.215079 0.563473
0 0.938441 0.164093 0.0320656 0.208193 0.537454
3 0.838857 0.597239 0.128227 0.167478 0.48406
0 0.634748 0.566864 0.0397617 0.144223 0.424327
0 0.23257 0.166213 0.0241627 0.15701 0.421628
0 0.162138 0.193705 0.0306015 0.145975 0.403002
3 0.700408 0.193619 0.102465 0.103069 0.393631
0 0.694694 0.0852989 0.0425299 0.165869 0.390901
0 0.380297 0.629145 0.0305709 0.195901 0.364343
0 0.386548 0.0647929 0.0246 0.129586 0.36019
0 0.129356 0.2021 0.0307294 0.147388 0.316354
0 0.198808 0.180159 0.0288233 0.160396 0.290497
0 0.991513 0.143396 0.0162727 0.170738 0.289394
58 0.809559 0.283293 0.0528116 0.0836711 0.270541
