2 0.691468 0.411727 0.138811 0.23854 0.846839
0 0.916222 0.52079 0.0380489 0.193808 0.826149
0 0.224772 0.564086 0.0425843 0.210677 0.816994
0 0.244739 0.95043 0.0517197 0.0991408 0.762334
0 0.537295 0.470241 0.0331892 0.181067 0.751366
0 0.515495 0.929448 0.040902 0.140109 0.749142
0 0.269767 0.647314 0.0415957 0.226136 0.711659
0 0.521832 0.131939 0.0296285 0.158887 0.69507
0 0.48865 0.527911 0.0367057 0.189812 0.688509
0 0.830066 0.687814 0.0497944 0.221187 0.677373
0 0.91959 0.14017 0.0313477 0.1445 0.665131
0 0.264413 0.910542 0.0496848 0.173382 0.648607
0 0.497802 0.0867526 0.0326276 0.152622 0.630217
0 0.552094 0.133395 0.0275904 0.149918 0.605779
0 0.242793 0.411445 0.0375031 0.189148 0.589494
0 0.458768 0.525771 0.0345488 0.207837 0.58317
0 0.248389 0.177419 0.0356012 0.1702 0.57604
0 0.130497 0.393143 0.0315574 0.162355 0.541651
3 0.700894 0.194306 0.100746 0.103836 0.507704
0 0.852011 0.0653029 0.0283302 0.125373 0.460456
3 0.838143 0.594412 0.127944 0.165164 0.371663
0 0.429369 0.219032 0.0299622 0.158619 0.36967
0 0.206887 0.180278 0.0335127 0.165508 0.360361
0 0.761904 0.0515472 0.0280312 0.102184 0.323325
1 0.7027 0.197349 0.0975523 0.100953 0.30872
0 0.98738 0.133598 0.0245829 0.1411 0.297851
0 0.694979 0.0887324 0.0431004 0.171607 0.279547
