0 0.592771 0.764307 0.0387198 0.226317 0.833848
2 0.690493 0.408246 0.138616 0.23517 0.824488
0 0.915164 0.519101 0.0413015 0.195106 0.821571
0 0.631446 0.741155 0.0427352 0.235697 0.819425
0 0.468286 0.94053 0.0432613 0.118939 0.800481
0 0.176516 0.517017 0.0407684 0.199261 0.789648
0 0.273077 0.636758 0.0414181 0.22653 0.716402
0 0.84674 0.658316 0.0517864 0.212707 0.676268
0 0.254376 0.253285 0.035148 0.187494 0.526278
0 0.792787 0.0636304 0.0311171 0.112712 0.503939
3 0.700476 0.190923 0.101288 0.109349 0.453315
0 0.224681 0.26629 0.0250378 0.139171 0.425134
0 0.423152 0.203813 0.0309471 0.155831 0.418648
0 0.187709 0.261076 0.0288569 0.155929 0.397952
0 0.247707 0.109473 0.0309812 0.1288 0.352019
0 0.845667 0.138998 0.0271938 0.113578 0.328419
3 0.807005 0.608364 0.0650159 0.128587 0.307897
0 0.465613 0.0353351 0.0217213 0.0663032 0.303062
58 0.345088 0.30632 0.0467479 0.107141 0.284207
0 0.2024 0.186419 0.0288033 0.157586 0.281263
0 0.164074 0.193761 0.028375 0.150088 0.262888
0 0.844966 0.161877 0.0283482 0.160425 0.26235
0 0.151663 0.256266 0.027196 0.17713 0.259659
0 0.303107 0.1913 0.0327014 0.155416 0.25539
