2 0.691291 0.408559 0.13882 0.236223 0.891086
0 0.227649 0.918739 0.0573936 0.162523 0.835808
0 0.916109 0.520361 0.0380444 0.194516 0.82956
0 0.0223719 0.792014 0.0365791 0.205524 0.804608
0 0.232426 0.410612 0.0440454 0.207299 0.800616
0 0.274286 0.267897 0.039793 0.17812 0.779657
0 0.0725299 0.622067 0.0404297 0.225153 0.754665
0 0.637946 0.947589 0.0455626 0.104375 0.752491
0 0.53683 0.255085 0.0309346 0.163539 0.713311
0 0.770294 0.2786 0.0363939 0.178145 0.673251
0 0.43076 0.261103 0.0423613 0.164873 0.639995
0 0.734503 0.641968 0.0569489 0.230159 0.609969
0 0.480055 0.250586 0.031683 0.157939 0.601948
0 0.162776 0.193893 0.0272608 0.154311 0.495704
0 0.454966 0.239778 0.025499 0.161404 0.493794
3 0.836564 0.608816 0.12854 0.153813 0.483891
0 0.727854 0.634997 0.0425689 0.212211 0.468111
0 0.991424 0.375798 0.0164194 0.173054 0.445673
0 0.198194 0.173401 0.0327769 0.164541 0.431901
0 0.711583 0.248769 0.0352074 0.102711 0.416148
0 0.788169 0.0995982 0.0290089 0.0699508 0.391061
2 0.0649481 0.348977 0.079096 0.167891 0.334513
0 0.675746 0.231434 0.0253677 0.129378 0.329827
58 0.811391 0.310191 0.0504852 0.137008 0.287046
0 0.256823 0.175661 0.0304409 0.152065 0.262671
0 0.375005 0.256577 0.0359135 0.132282 0.25343
