0 0.916223 0.522073 0.037723 0.196873 0.843568
2 0.691466 0.411671 0.139299 0.238015 0.835316
0 0.239842 0.538986 0.0431964 0.203037 0.799808
0 0.284684 0.549825 0.0371294 0.198757 0.777833
0 0.506744 0.922963 0.0310942 0.152978 0.772814
0 0.137554 0.41452 0.03088 0.168992 0.725587
0 0.499602 0.106562 0.0319059 0.157635 0.70287
0 0.908096 0.131404 0.0270571 0.140123 0.696551
0 0.221351 0.651583 0.035401 0.229803 0.684741
0 0.218504 0.920034 0.0491236 0.132459 0.670362
0 0.529112 0.144658 0.0297344 0.156968 0.666123
0 0.457596 0.501836 0.0366446 0.191314 0.658971
0 0.819169 0.673304 0.0395958 0.214684 0.649072
0 0.55627 0.142715 0.0271057 0.149034 0.576291
0 0.252236 0.19258 0.0348512 0.172361 0.575966
0 0.503086 0.447738 0.0329968 0.176114 0.575363
0 0.484985 0.502188 0.0270117 0.187043 0.570767
0 0.766182 0.0609724 0.0293099 0.121945 0.51941
0 0.233722 0.849677 0.0392095 0.141565 0.510847
0 0.430167 0.218915 0.0284695 0.157606 0.475499
0 0.229566 0.409492 0.0450584 0.121488 0.464508
1 0.861357 0.629646 0.0642859 0.109784 0.381803
0 0.159326 0.198191 0.0307153 0.155367 0.360987
0 0.695154 0.08763 0.0419295 0.17107 0.31816
0 0.204204 0.181296 0.0314989 0.152198 0.304788
1 0.702704 0.199637 0.0972477 0.0965631 0.269482
3 0.701074 0.197216 0.100341 0.102731 0.260125
1 0.684359 0.200729 0.0691824 0.104694 0.257044
