0 0.256871 0.327677 0.040094 0.181699 0.838916
0 0.175528 0.656438 0.0462562 0.225855 0.811033
2 0.691034 0.411383 0.138247 0.237704 0.797018
0 0.230948 0.678701 0.0389887 0.216948 0.778961
0 0.537029 0.104466 0.0290276 0.144427 0.768895
0 0.647714 0.546271 0.0310162 0.18399 0.751539
0 0.468997 0.603924 0.0375296 0.206571 0.721255
0 0.505011 0.607561 0.0353867 0.19723 0.715003
0 0.880385 0.128802 0.0375984 0.161715 0.713618
0 0.91563 0.517213 0.0367073 0.199917 0.705746
0 0.530839 0.928599 0.0434998 0.142802 0.705435
0 0.93827 0.186724 0.0320736 0.166147 0.644652
0 0.427859 0.21801 0.032361 0.159057 0.606404
0 0.259181 0.152221 0.0402051 0.177749 0.575054
0 0.848023 0.689565 0.0518166 0.203997 0.574047
0 0.509248 0.0958013 0.0287798 0.149299 0.548928
3 0.70068 0.192674 0.101841 0.101933 0.508243
3 0.838616 0.599298 0.129337 0.162887 0.466225
0 0.161005 0.193861 0.0325464 0.147466 0.454494
0 0.387644 0.628809 0.0428059 0.224063 0.377885
1 0.70224 0.19635 0.0985394 0.0999 0.336329
0 0.694763 0.0886038 0.0422909 0.173068 0.329977
0 0.232086 0.166593 0.0223274 0.153117 0.313612
0 0.130496 0.20166 0.0303946 0.146381 0.311059
28 0.446032 0.64801 0.029133 0.0488515 0.310208
58 0.809587 0.286527 0.0527138 0.0899228 0.297872
0 0.199247 0.181942 0.0287097 0.157427 0.266072
0 0.98371 0.146175 0.0315784 0.158644 0.264059
