2 0.691226 0.409772 0.138745 0.235552 0.850968
0 0.916075 0.521324 0.0379856 0.194893 0.846038
0 0.28371 0.403107 0.0373293 0.198669 0.791013
0 0.230557 0.649806 0.0482794 0.228925 0.778031
0 0.487496 0.2177 0.0365261 0.170407 0.768193
0 0.0846143 0.728532 0.046491 0.223758 0.74752
0 0.510394 0.919737 0.0317368 0.158733 0.735248
0 0.60309 0.208647 0.0284031 0.166211 0.698602
0 0.242559 0.277125 0.0370334 0.19081 0.686254
0 0.734029 0.644522 0.0528109 0.230195 0.678535
0 0.328066 0.400603 0.0317978 0.177127 0.675637
0 0.0465497 0.681098 0.0386275 0.225243 0.655699
0 0.128767 0.571012 0.030719 0.185705 0.588382
0 0.41444 0.381378 0.0398047 0.177338 0.565955
3 0.836896 0.61235 0.128008 0.152292 0.559017
0 0.429321 0.220982 0.0336929 0.159035 0.475444
0 0.44445 0.386465 0.0367608 0.177327 0.456688
0 0.635307 0.201351 0.028162 0.146444 0.4117
0 0.0712362 0.578711 0.0358686 0.138703 0.392872
0 0.163226 0.189856 0.0260355 0.157852 0.35831
0 0.790699 0.1005 0.0272655 0.0698715 0.335278
0 0.534938 0.186745 0.0306943 0.128907 0.282483
