0 0.915834 0.518792 0.0375589 0.193915 0.844141
2 0.691358 0.409301 0.138991 0.236373 0.831892
0 0.163306 0.620336 0.0407322 0.215229 0.8091
0 0.524951 0.637599 0.0367086 0.209853 0.793639
0 0.564016 0.619461 0.0399633 0.223089 0.791393
0 0.472209 0.932356 0.0340202 0.135288 0.717149
0 0.244153 0.326447 0.0312106 0.176189 0.684982
0 0.846407 0.657192 0.0514151 0.212041 0.649268
0 0.756504 0.108746 0.0305069 0.145695 0.604231
0 0.782569 0.103652 0.0276592 0.132125 0.570345
0 0.213269 0.32533 0.0314857 0.15127 0.551071
0 0.427216 0.206789 0.0344328 0.165598 0.53444
0 0.164554 0.248612 0.0332158 0.164247 0.490459
0 0.261915 0.177601 0.0317359 0.187867 0.439385
0 0.694787 0.0845659 0.0426476 0.164134 0.352594
0 0.305401 0.186429 0.0295101 0.159011 0.323059
3 0.701771 0.194536 0.0987501 0.104723 0.31791
0 0.567105 0.0389817 0.0248056 0.0719641 0.314879
58 0.345162 0.307388 0.0469903 0.111984 0.273792
0 0.375499 0.260089 0.0371776 0.125107 0.256411
1 0.70337 0.197782 0.0935583 0.0986428 0.253349
1 0.72325 0.196526 0.056739 0.0916563 0.251243
