0 0.914868 0.518578 0.0399879 0.193473 0.844699
0 0.499468 0.578961 0.0344435 0.198718 0.823001
2 0.691323 0.409435 0.138929 0.234717 0.821439
0 0.160739 0.666938 0.0433165 0.211266 0.813137
0 0.540672 0.566879 0.0387373 0.214696 0.797806
0 0.242598 0.354426 0.0321664 0.182531 0.752046
0 0.473955 0.936777 0.0439032 0.126445 0.745236
0 0.847591 0.658325 0.0505808 0.212896 0.723158
0 0.199304 0.357534 0.035135 0.15256 0.638901
0 0.435552 0.209335 0.0381563 0.161944 0.603779
0 0.573412 0.0550537 0.029981 0.108003 0.514341
0 0.745829 0.0945923 0.0318769 0.143352 0.485991
0 0.258903 0.208032 0.0346826 0.183071 0.485509
0 0.176981 0.243416 0.0325836 0.171322 0.37381
0 0.231439 0.209783 0.0272212 0.156762 0.360819
0 0.695766 0.0853729 0.0436561 0.166305 0.360726
0 0.135885 0.19711 0.0301363 0.149312 0.350591
0 0.828121 0.0658911 0.0259766 0.119384 0.346461
1 0.723435 0.197489 0.0563759 0.0900847 0.300088
0 0.376323 0.257049 0.038782 0.127118 0.291685
0 0.779976 0.128046 0.0303067 0.139043 0.257489
3 0.807647 0.609242 0.0668702 0.125603 0.252707
