2 0.691431 0.409802 0.138868 0.236107 0.825491
0 0.184475 0.402586 0.036046 0.190637 0.794647
0 0.916103 0.518501 0.0413134 0.196317 0.773213
0 0.860718 0.237802 0.0398523 0.16516 0.742368
0 0.247246 0.600365 0.0325386 0.220664 0.721736
0 0.72388 0.924722 0.0455435 0.148895 0.706814
0 0.473183 0.930509 0.0344699 0.138982 0.696727
0 0.435787 0.212329 0.0281446 0.161416 0.657017
0 0.26149 0.184302 0.0313875 0.162739 0.647855
0 0.598947 0.961232 0.0424219 0.0767598 0.646234
0 0.787133 0.0651744 0.0343728 0.130349 0.637938
0 0.768784 0.916374 0.0523697 0.166182 0.561913
0 0.844159 0.658106 0.0559122 0.214448 0.561116
0 0.643242 0.965802 0.0426152 0.0683953 0.526675
3 0.701136 0.191821 0.100811 0.108452 0.497442
0 0.201969 0.174112 0.0321548 0.167198 0.481483
0 0.234821 0.186035 0.0241444 0.141662 0.478259
0 0.162868 0.197354 0.0311409 0.157617 0.420897
0 0.376728 0.260262 0.0398888 0.157603 0.369689
36 0.25298 0.696658 0.0254431 0.0330763 0.339066
58 0.809516 0.311651 0.0544529 0.141037 0.334698
0 0.132552 0.298212 0.0322752 0.157225 0.334041
0 0.402519 0.119712 0.026687 0.155828 0.324404
0 0.142317 0.300237 0.0461522 0.159151 0.308841
58 0.345665 0.30744 0.048501 0.110257 0.285656
1 0.702391 0.194348 0.0982073 0.106155 0.2578
