2 0.691155 0.407914 0.138555 0.237046 0.887712
0 0.231003 0.427251 0.0435191 0.214775 0.839106
0 0.916145 0.519472 0.0377216 0.194842 0.830857
0 0.229351 0.934517 0.0548546 0.130966 0.809186
0 0.0724598 0.622016 0.0407851 0.226525 0.776203
0 0.0221738 0.810287 0.0387448 0.206391 0.748413
0 0.276284 0.256509 0.0377299 0.175758 0.730715
0 0.781353 0.281987 0.0325171 0.174648 0.716938
0 0.645917 0.950871 0.0442034 0.0977708 0.685248
0 0.540205 0.247387 0.033658 0.163916 0.6632
0 0.734374 0.642173 0.0571571 0.229915 0.641397
0 0.427628 0.218072 0.0323828 0.164961 0.61602
3 0.836583 0.608365 0.12929 0.155396 0.521804
0 0.727593 0.635034 0.0425964 0.211614 0.501536
0 0.48272 0.248274 0.0288643 0.157114 0.484069
0 0.199304 0.170992 0.0343069 0.172993 0.483042
0 0.721839 0.263973 0.0346371 0.135248 0.479781
0 0.162416 0.18602 0.0278783 0.166152 0.451761
0 0.987361 0.358713 0.0242283 0.181072 0.441637
0 0.788288 0.0989643 0.028685 0.0678275 0.419163
0 0.460606 0.246656 0.0404136 0.192888 0.40829
0 0.375805 0.251354 0.0365964 0.12041 0.275611
58 0.810223 0.309266 0.0515656 0.140828 0.26698
58 0.344788 0.308149 0.0462012 0.112783 0.260875
