0 0.192108 0.833375 0.0485872 0.247307 0.881412
0 0.672076 0.833215 0.0456387 0.250981 0.845698
2 0.691147 0.408864 0.138921 0.233386 0.823925
0 0.914328 0.518632 0.0368809 0.192587 0.80789
0 0.503003 0.426887 0.0347919 0.191759 0.773516
0 0.930012 0.734952 0.0484549 0.227951 0.762711
0 0.222414 0.459023 0.0389548 0.190391 0.740752
0 0.498097 0.933416 0.0371862 0.133169 0.713525
0 0.186633 0.470931 0.0338448 0.176044 0.70955
0 0.462881 0.435968 0.0310997 0.187722 0.708314
0 0.926598 0.197787 0.0275743 0.156379 0.697955
0 0.847747 0.656789 0.049934 0.213759 0.69107
0 0.608859 0.140283 0.0296862 0.153035 0.680283
0 0.864754 0.166081 0.0281181 0.147804 0.650745
0 0.433208 0.207905 0.035126 0.162394 0.510272
0 0.263966 0.283777 0.0318668 0.168334 0.426284
0 0.69398 0.0861253 0.0448595 0.167993 0.329666
0 0.782961 0.197658 0.0313267 0.142819 0.316512
0 0.33729 0.782442 0.0308665 0.137714 0.310403
1 0.702912 0.196286 0.0968022 0.100124 0.297446
0 0.161229 0.192281 0.0262548 0.151282 0.289415
3 0.804847 0.606208 0.0627451 0.126262 0.284855
3 0.800311 0.618763 0.0496384 0.0969992 0.272715
