2 0.691491 0.408989 0.139355 0.23673 0.836931
0 0.239483 0.60089 0.0326738 0.227842 0.816998
0 0.916047 0.518734 0.0418781 0.195848 0.788282
0 0.183141 0.404918 0.0369055 0.186911 0.78179
0 0.862356 0.233163 0.0380669 0.167909 0.766461
0 0.718416 0.917596 0.0440351 0.164807 0.72275
0 0.467964 0.930665 0.035467 0.13786 0.688945
0 0.788007 0.0643376 0.0322831 0.128675 0.651176
0 0.595947 0.964568 0.0420057 0.0706197 0.646563
0 0.435928 0.211691 0.0280924 0.161269 0.644774
0 0.762109 0.908609 0.0501497 0.182782 0.610624
0 0.847404 0.658468 0.0506298 0.213251 0.546784
0 0.261965 0.184611 0.0304302 0.164388 0.504743
3 0.700981 0.191496 0.100905 0.109102 0.490766
0 0.641676 0.97043 0.0344753 0.0591395 0.450595
0 0.607673 0.0524489 0.0383596 0.0996511 0.411932
0 0.133786 0.291344 0.0318597 0.150562 0.401512
0 0.201086 0.178724 0.0309397 0.159837 0.392508
0 0.235794 0.185771 0.0224113 0.139295 0.355942
0 0.376753 0.260029 0.0400975 0.124703 0.31429
0 0.694339 0.0851123 0.0421267 0.166695 0.299987
58 0.809557 0.31061 0.0530865 0.140508 0.292401
58 0.346308 0.308644 0.0495953 0.112663 0.289038
1 0.702603 0.194754 0.0973658 0.104972 0.284098
0 0.162969 0.193305 0.0309673 0.15263 0.283072
0 0.854438 0.656834 0.0373638 0.203372 0.266945
3 0.8403 0.600053 0.129208 0.151147 0.259408
