2 0.691349 0.408866 0.139007 0.236472 0.84044
0 0.915756 0.519048 0.0380341 0.194064 0.837249
0 0.517149 0.627952 0.0358224 0.214104 0.832883
0 0.162773 0.636434 0.0417275 0.224362 0.819517
0 0.561391 0.614114 0.0470699 0.22994 0.813972
0 0.846615 0.658198 0.0513878 0.211944 0.739663
0 0.784561 0.107781 0.0292191 0.131272 0.728099
0 0.469073 0.935364 0.0383655 0.129272 0.713219
0 0.242557 0.328574 0.0332362 0.174188 0.648079
0 0.210234 0.337082 0.0314664 0.164037 0.625788
0 0.43036 0.208194 0.0336416 0.165369 0.579632
0 0.868137 0.0757682 0.0269386 0.140546 0.527726
0 0.750902 0.10485 0.0283463 0.142268 0.506157
0 0.261828 0.184791 0.0311362 0.172434 0.486611
0 0.694682 0.0850361 0.042787 0.165724 0.429375
0 0.569745 0.0406845 0.0270214 0.075075 0.406304
3 0.701964 0.193113 0.101897 0.106454 0.335761
0 0.336912 0.784007 0.0316026 0.136794 0.326416
0 0.170774 0.247923 0.029131 0.164608 0.297271
0 0.234719 0.18915 0.0255103 0.154122 0.293096
3 0.806314 0.605974 0.0646531 0.133897 0.290762
58 0.345307 0.306304 0.0473961 0.10904 0.284002
1 0.722709 0.196277 0.0584946 0.0902885 0.273012
58 0.809291 0.292372 0.0530722 0.104187 0.261565
