2 0.691332 0.409421 0.139293 0.236085 0.81024
0 0.917135 0.518009 0.0406954 0.196328 0.789173
0 0.254978 0.60464 0.0400324 0.220426 0.779744
0 0.477485 0.931274 0.036628 0.137262 0.753308
0 0.186933 0.403179 0.0354621 0.190294 0.74495
0 0.728395 0.928381 0.0442539 0.141435 0.730523
0 0.859166 0.239871 0.0394587 0.167268 0.711698
0 0.602744 0.958563 0.0404649 0.0824561 0.672093
0 0.43607 0.2128 0.0279046 0.162494 0.655423
0 0.643522 0.963377 0.0408297 0.0732466 0.639297
0 0.770613 0.918502 0.0488398 0.162621 0.610186
0 0.260097 0.180139 0.0293134 0.158142 0.598576
0 0.787811 0.0658179 0.0329252 0.131636 0.598533
0 0.847654 0.65894 0.0498299 0.212447 0.552942
0 0.201905 0.174616 0.0314252 0.167012 0.480331
0 0.128545 0.30299 0.0266268 0.162549 0.398539
3 0.701302 0.194945 0.10042 0.101366 0.365401
0 0.162428 0.196525 0.0319032 0.154484 0.324706
0 0.376232 0.265174 0.0390482 0.130913 0.320286
58 0.345879 0.308194 0.0493927 0.110773 0.303661
0 0.855189 0.657064 0.0334652 0.213381 0.303417
0 0.40248 0.120645 0.026267 0.15895 0.294042
58 0.810849 0.311494 0.0527539 0.141275 0.293543
36 0.257054 0.704993 0.0370076 0.0224511 0.291636
