0 0.169117 0.707308 0.0428681 0.232964 0.854212
2 0.691389 0.40934 0.138924 0.236333 0.839631
0 0.915172 0.518615 0.0384655 0.191957 0.838973
0 0.484505 0.548128 0.0351385 0.208108 0.83065
0 0.530984 0.535311 0.035707 0.213237 0.805505
0 0.73676 0.94703 0.0542669 0.105941 0.802739
0 0.240375 0.378045 0.0343683 0.183206 0.769984
0 0.492059 0.934793 0.0403435 0.130414 0.759807
0 0.848068 0.658992 0.0500122 0.211955 0.736967
0 0.194576 0.381773 0.0416117 0.168186 0.718338
0 0.580682 0.0697548 0.0306776 0.13951 0.685931
0 0.836081 0.080919 0.030378 0.105457 0.638682
0 0.749189 0.0773051 0.0311443 0.136222 0.611574
0 0.434575 0.208477 0.0338982 0.161262 0.551186
0 0.939525 0.735609 0.0361626 0.211598 0.448338
0 0.183606 0.239365 0.037684 0.180421 0.439707
0 0.262194 0.226246 0.035088 0.176866 0.434541
0 0.695278 0.0840027 0.0432 0.163683 0.407357
0 0.892552 0.112569 0.0285538 0.168687 0.405304
0 0.226794 0.229919 0.026285 0.156191 0.346827
0 0.133312 0.188198 0.0296194 0.16356 0.336807
58 0.809336 0.288619 0.0530563 0.0965036 0.335074
26 0.182418 0.350666 0.0187096 0.0572489 0.329412
0 0.794552 0.0582971 0.0274313 0.106705 0.301523
3 0.810134 0.608411 0.0709559 0.132978 0.288488
0 0.257526 0.0566275 0.0226951 0.11113 0.282796
0 0.939824 0.7132 0.0314329 0.17056 0.271953
1 0.722918 0.196977 0.0579344 0.0916845 0.269844
