2 0.691175 0.410362 0.139504 0.23354 0.900139
0 0.230036 0.819315 0.0495414 0.244054 0.86869
0 0.916182 0.519845 0.0380669 0.194427 0.840987
0 0.240397 0.352196 0.0410864 0.199193 0.83188
0 0.0717876 0.621647 0.0389119 0.226453 0.806137
0 0.583934 0.929315 0.0427694 0.141371 0.767704
0 0.734229 0.647258 0.053598 0.224781 0.713397
0 0.291759 0.327321 0.0330964 0.189368 0.677347
0 0.583789 0.205734 0.0306372 0.161468 0.66745
0 0.486275 0.281775 0.0306643 0.173696 0.612672
0 0.446601 0.303065 0.0331873 0.163009 0.545302
0 0.313216 0.308769 0.0250187 0.171602 0.537954
3 0.837141 0.608463 0.127622 0.156231 0.526954
0 0.421149 0.296695 0.0309639 0.171565 0.52581
0 0.198647 0.1745 0.0339227 0.16321 0.52551
0 0.164238 0.192575 0.0283657 0.150531 0.517634
0 0.263586 0.237521 0.0306555 0.153314 0.436689
0 0.642636 0.230099 0.0290411 0.139503 0.434438
0 0.340425 0.770697 0.0262886 0.145117 0.423205
0 0.788462 0.0988052 0.0276962 0.0668585 0.332487
58 0.809313 0.289391 0.0537418 0.0965457 0.296899
0 0.125058 0.187042 0.0275218 0.137217 0.287436
0 0.426974 0.190813 0.0290979 0.105784 0.287336
58 0.810465 0.307172 0.0536932 0.133714 0.250142
