0 0.642313 0.733646 0.0468998 0.235254 0.84522
0 0.195936 0.889674 0.0496779 0.220651 0.836654
2 0.691261 0.407919 0.139365 0.233666 0.832519
0 0.453699 0.386525 0.0354447 0.189218 0.796037
0 0.914711 0.519854 0.0384632 0.194499 0.793992
0 0.495867 0.374568 0.0353622 0.196328 0.792656
0 0.848924 0.65562 0.052751 0.217375 0.770502
0 0.92931 0.736512 0.049917 0.234623 0.759354
0 0.884136 0.206546 0.029455 0.146622 0.733891
0 0.221206 0.504547 0.0379262 0.200392 0.723489
0 0.493626 0.935906 0.031975 0.128189 0.719638
0 0.275257 0.322282 0.034798 0.172546 0.695301
0 0.175294 0.513046 0.0397808 0.183514 0.664213
0 0.946487 0.255707 0.0291023 0.147254 0.639957
0 0.633774 0.186845 0.0291557 0.14624 0.628932
0 0.227506 0.329155 0.0378252 0.171129 0.491177
0 0.178297 0.334076 0.0287091 0.167649 0.343654
0 0.436064 0.207558 0.0263266 0.159726 0.312927
