0 0.681693 0.859862 0.0472935 0.255198 0.857471
2 0.691376 0.409043 0.138993 0.234355 0.844519
0 0.191835 0.80153 0.049636 0.233553 0.838898
0 0.509418 0.442665 0.0344065 0.199275 0.822258
0 0.859011 0.156958 0.0303677 0.150165 0.806062
0 0.914916 0.518746 0.0377274 0.192282 0.797145
0 0.463436 0.454689 0.0323666 0.197503 0.765166
0 0.602422 0.132094 0.0303888 0.155084 0.753979
0 0.493869 0.939802 0.039284 0.120396 0.746074
0 0.93282 0.735623 0.0449013 0.228738 0.722266
0 0.222999 0.445322 0.0394384 0.200414 0.698479
0 0.847854 0.657544 0.0481407 0.211754 0.698462
0 0.91965 0.181072 0.0276569 0.166105 0.691394
0 0.190146 0.447722 0.0352343 0.17366 0.641611
0 0.43465 0.208073 0.0314421 0.16049 0.439934
3 0.702261 0.194249 0.0980823 0.100674 0.410923
0 0.181991 0.241619 0.0365474 0.176786 0.40551
0 0.695026 0.0856914 0.0436566 0.167046 0.400706
0 0.200914 0.291942 0.0301207 0.151242 0.347341
3 0.80526 0.607876 0.0631252 0.120784 0.274624
3 0.79944 0.619644 0.0473644 0.0939811 0.270589
0 0.265783 0.270741 0.0247036 0.165205 0.270219
1 0.703179 0.195425 0.0960082 0.103984 0.268092
58 0.345622 0.304055 0.0488797 0.104262 0.250644
