2 0.691078 0.409151 0.138479 0.23676 0.891738
0 0.238004 0.344073 0.0400079 0.201485 0.83959
0 0.916242 0.520312 0.0381313 0.194683 0.837737
0 0.564999 0.207316 0.0430389 0.15967 0.824422
0 0.226546 0.807217 0.049955 0.249196 0.824259
0 0.0712295 0.619164 0.0388975 0.223217 0.814762
0 0.572978 0.927231 0.0386524 0.144285 0.760639
0 0.47432 0.278819 0.0292161 0.174915 0.748132
0 0.29208 0.331089 0.0286522 0.188387 0.727823
0 0.734276 0.646682 0.0539211 0.223866 0.713145
0 0.316676 0.316728 0.0280063 0.164003 0.686509
0 0.101572 0.67849 0.0477966 0.192874 0.644507
0 0.198306 0.174604 0.0328239 0.165412 0.568745
3 0.836817 0.607448 0.128217 0.15765 0.533348
0 0.703385 0.22825 0.0425859 0.137822 0.520751
0 0.41542 0.305294 0.0269396 0.158825 0.520102
0 0.440163 0.308905 0.0277351 0.161989 0.504776
0 0.34012 0.770667 0.026291 0.143078 0.472803
0 0.162567 0.192352 0.0271781 0.149983 0.467604
0 0.63065 0.222736 0.0274681 0.146226 0.453754
0 0.26431 0.25278 0.0275482 0.148034 0.388041
0 0.788504 0.0983942 0.0278056 0.0686062 0.353486
58 0.809231 0.29257 0.0538895 0.102498 0.28639
0 0.426831 0.197992 0.0320981 0.124735 0.271144
0 0.373609 0.284425 0.0347252 0.191095 0.26879
0 0.255892 0.102116 0.0247071 0.138379 0.2652
