0 0.229544 0.603393 0.0430048 0.225688 0.831225
2 0.6913 0.409322 0.138781 0.234326 0.828489
0 0.916956 0.518124 0.0431768 0.197175 0.779627
0 0.865109 0.225898 0.0356369 0.164591 0.766625
0 0.180574 0.420669 0.0365054 0.194967 0.737619
0 0.706919 0.913488 0.0412968 0.173023 0.729685
0 0.461017 0.930126 0.0343483 0.139747 0.727539
0 0.435826 0.213549 0.0283977 0.16318 0.63774
0 0.787709 0.0658337 0.0308874 0.127794 0.633618
0 0.757983 0.899069 0.0561932 0.199252 0.620744
0 0.594051 0.0483052 0.0222765 0.0917605 0.591807
0 0.134551 0.291623 0.0285236 0.156767 0.567137
0 0.264051 0.189521 0.0279027 0.162314 0.541711
0 0.588175 0.977054 0.0241894 0.045892 0.500368
0 0.845496 0.658234 0.0533794 0.212406 0.496739
3 0.70138 0.193455 0.101056 0.104679 0.478121
0 0.695309 0.0854453 0.0412378 0.164795 0.425717
0 0.37597 0.259228 0.0386089 0.121837 0.393079
58 0.346128 0.307914 0.0500103 0.111174 0.386019
0 0.635473 0.979934 0.0226667 0.0401326 0.382123
0 0.23528 0.195348 0.0220488 0.141609 0.380041
0 0.200318 0.181977 0.0334444 0.157419 0.377896
0 0.853494 0.656515 0.0384226 0.213385 0.340883
3 0.840656 0.599404 0.128059 0.15224 0.303407
3 0.810656 0.606768 0.072913 0.134012 0.2682
0 0.163382 0.188154 0.0279168 0.133335 0.26819
58 0.810981 0.311571 0.052327 0.141669 0.267705
0 0.336987 0.784021 0.0314724 0.13762 0.252628
