0 0.439488 0.672593 0.0491199 0.232921 0.849759
2 0.691518 0.411545 0.139558 0.239352 0.841626
0 0.136693 0.791169 0.0485926 0.246482 0.84151
0 0.498847 0.719345 0.0434103 0.224737 0.807394
0 0.177583 0.813855 0.0416645 0.232698 0.801149
0 0.551445 0.934069 0.0424698 0.131861 0.75617
0 0.918904 0.248966 0.0318748 0.155051 0.72904
0 0.542544 0.734247 0.0395649 0.207642 0.725346
0 0.534622 0.0643857 0.026948 0.128771 0.72286
0 0.912547 0.520448 0.0449059 0.192774 0.676592
0 0.256767 0.231449 0.0297628 0.176483 0.674747
0 0.86304 0.387168 0.0305264 0.173576 0.629593
3 0.700753 0.194813 0.102662 0.105086 0.565043
0 0.165711 0.207012 0.0379032 0.230015 0.560981
0 0.201743 0.17838 0.0393665 0.166742 0.557804
0 0.498811 0.0605539 0.0279604 0.121042 0.556076
0 0.826179 0.667232 0.0411297 0.207905 0.552787
0 0.228799 0.232235 0.0283794 0.163077 0.528746
0 0.942029 0.417922 0.0345602 0.188014 0.498548
0 0.856537 0.630552 0.0316086 0.179345 0.485578
0 0.43436 0.212488 0.0247128 0.16117 0.470117
0 0.865245 0.62842 0.0487196 0.188047 0.444997
0 0.867591 0.108476 0.032865 0.159198 0.436325
0 0.250026 0.0942581 0.0343952 0.153964 0.402227
0 0.95632 0.244619 0.0379665 0.181539 0.361218
0 0.795767 0.0580829 0.0296226 0.11538 0.353878
0 0.896788 0.113221 0.0296078 0.150716 0.345257
0 0.468563 0.0610026 0.025453 0.110428 0.338075
0 0.696585 0.0854452 0.0442389 0.167267 0.309587
3 0.798241 0.610061 0.0483961 0.119784 0.286373
0 0.278996 0.159212 0.0365734 0.160352 0.26341
0 0.0864152 0.401522 0.0293402 0.161704 0.261175
58 0.809589 0.283163 0.0533691 0.0831242 0.257141
