2 0.691463 0.41037 0.138756 0.237779 0.857343
0 0.915912 0.520848 0.037941 0.196264 0.849326
0 0.27623 0.432761 0.0383108 0.196751 0.812738
0 0.127287 0.784935 0.0559509 0.23506 0.760667
0 0.578763 0.192842 0.0314184 0.165027 0.756061
0 0.223189 0.591425 0.0422357 0.220333 0.752939
0 0.3209 0.430073 0.0299668 0.170142 0.742056
0 0.081563 0.631597 0.0434742 0.214861 0.723959
0 0.84601 0.0709731 0.0254471 0.130136 0.710512
0 0.501557 0.190005 0.032078 0.16584 0.675252
0 0.252581 0.255366 0.0376052 0.188054 0.668163
0 0.129695 0.52948 0.033154 0.183467 0.666357
0 0.503484 0.916023 0.0325369 0.165742 0.661253
0 0.741947 0.644513 0.0667718 0.232279 0.658712
3 0.837046 0.612514 0.126934 0.151835 0.632715
0 0.616738 0.18307 0.0290394 0.149001 0.594884
0 0.42775 0.408438 0.0306682 0.182546 0.538413
0 0.458233 0.409151 0.0361573 0.174921 0.506196
0 0.101457 0.678283 0.0417284 0.151299 0.479868
0 0.428858 0.218285 0.0322847 0.157482 0.385322
0 0.162545 0.193064 0.0254808 0.149693 0.37377
0 0.784269 0.114447 0.0278364 0.113127 0.366413
0 0.744278 0.640864 0.0413928 0.236267 0.336709
1 0.687278 0.20253 0.0741346 0.101189 0.264294
3 0.70143 0.197227 0.100728 0.101302 0.259081
58 0.345748 0.307245 0.046781 0.10564 0.258488
58 0.810649 0.283612 0.0531002 0.0820292 0.257363
