0 0.640296 0.849296 0.0443525 0.243922 0.835994
2 0.691339 0.409478 0.138807 0.235871 0.833497
0 0.466021 0.933327 0.0423049 0.133346 0.828609
0 0.917926 0.518145 0.0431923 0.195437 0.806859
0 0.226432 0.61563 0.0455264 0.223438 0.777034
0 0.686722 0.826971 0.0466785 0.239816 0.745063
0 0.263703 0.228114 0.031165 0.164802 0.725282
0 0.173164 0.467364 0.0347334 0.186494 0.677033
0 0.849922 0.658915 0.0464077 0.214936 0.659362
0 0.787282 0.0643333 0.0343955 0.12663 0.591148
0 0.850246 0.195996 0.0317776 0.166833 0.530959
0 0.423556 0.20672 0.024517 0.158013 0.487433
0 0.232542 0.232738 0.0228537 0.136524 0.375748
3 0.701472 0.191572 0.101554 0.108135 0.372989
0 0.14931 0.268311 0.0268752 0.167918 0.344211
58 0.345195 0.304193 0.0472109 0.105184 0.329649
1 0.70263 0.194331 0.0978559 0.103338 0.316442
0 0.694049 0.0864424 0.0398741 0.168217 0.291691
0 0.526694 0.039642 0.0361667 0.073884 0.27326
0 0.337501 0.783935 0.0319092 0.13304 0.254249
