2 0.690936 0.408113 0.138848 0.236352 0.837481
0 0.91705 0.517708 0.0432766 0.196185 0.804657
0 0.863784 0.228234 0.0369427 0.167288 0.776241
0 0.235746 0.601076 0.0349336 0.226932 0.767504
0 0.714532 0.91609 0.042865 0.16782 0.764983
0 0.759224 0.902364 0.0554639 0.195271 0.743563
0 0.182151 0.411697 0.0373817 0.190306 0.734961
0 0.464413 0.930674 0.0349443 0.138652 0.684226
0 0.593349 0.968569 0.0377882 0.0615999 0.634648
0 0.787924 0.0650605 0.031999 0.12964 0.626524
0 0.43582 0.2125 0.0280251 0.162354 0.621297
0 0.847249 0.659111 0.0512051 0.212258 0.533669
0 0.263285 0.184389 0.0290752 0.163929 0.513969
3 0.701171 0.190699 0.101056 0.110996 0.49437
0 0.637862 0.974348 0.0254278 0.051303 0.4438
0 0.134221 0.287079 0.0322538 0.153041 0.377458
0 0.236625 0.189782 0.0230729 0.142145 0.356914
0 0.200739 0.183921 0.0324322 0.150752 0.334064
58 0.346729 0.308857 0.0508636 0.113545 0.321993
0 0.376152 0.258444 0.0389155 0.121129 0.313317
58 0.810004 0.3106 0.0529829 0.140669 0.279349
1 0.703008 0.194129 0.096722 0.105508 0.278905
0 0.162629 0.192582 0.0301472 0.152358 0.271058
0 0.85493 0.657684 0.0366947 0.200552 0.25919
0 0.336912 0.785196 0.0316464 0.138279 0.252547
