2 0.691583 0.410545 0.138478 0.237671 0.884337
0 0.239313 0.388367 0.0418908 0.207979 0.876119
0 0.916426 0.519891 0.0375362 0.194525 0.831781
0 0.231699 0.889169 0.0502166 0.221663 0.814986
0 0.0312037 0.747866 0.0358405 0.202943 0.813021
0 0.071482 0.622542 0.0405997 0.22946 0.759966
0 0.62539 0.939119 0.0378218 0.121762 0.744823
0 0.733172 0.644753 0.0534285 0.225053 0.694728
0 0.28345 0.291641 0.043349 0.187952 0.668269
0 0.63421 0.221576 0.0514828 0.154582 0.642303
0 0.519553 0.26993 0.0346117 0.169139 0.613776
0 0.747299 0.268616 0.0306554 0.179449 0.561685
3 0.837113 0.60784 0.128229 0.156631 0.539374
0 0.77011 0.26183 0.0316311 0.165705 0.505075
0 0.466849 0.270849 0.0275879 0.149015 0.477648
0 0.264434 0.193441 0.0285429 0.148995 0.407322
0 0.289419 0.286478 0.0321965 0.176594 0.393865
0 0.199522 0.174823 0.0326327 0.166446 0.375793
0 0.788174 0.0999328 0.0274509 0.0686335 0.354669
0 0.167828 0.191806 0.0287543 0.156307 0.343331
0 0.67799 0.239198 0.0390669 0.112514 0.342206
0 0.426378 0.229044 0.030307 0.183763 0.336748
0 0.442447 0.262033 0.0290763 0.160648 0.325443
58 0.809614 0.310289 0.0541519 0.135999 0.309788
0 0.378077 0.255242 0.0415787 0.166679 0.29339
0 0.145181 0.175959 0.0275567 0.163045 0.252687
