0 0.463002 0.580451 0.037623 0.200105 0.838694
2 0.691462 0.412221 0.138391 0.237854 0.817358
0 0.187561 0.635483 0.0488339 0.226263 0.810215
0 0.241902 0.650784 0.036917 0.215253 0.796337
0 0.532604 0.919458 0.0454158 0.158258 0.769318
0 0.915579 0.522205 0.0359602 0.193448 0.763082
0 0.253464 0.348671 0.0366953 0.187718 0.761953
0 0.50277 0.587248 0.037986 0.192528 0.689102
0 0.511658 0.105454 0.029344 0.155016 0.687365
0 0.937332 0.178113 0.031332 0.151179 0.68444
0 0.869024 0.112018 0.030732 0.149973 0.649005
0 0.540481 0.11308 0.0282354 0.147269 0.628056
0 0.614208 0.526838 0.0343088 0.179902 0.564988
0 0.428484 0.217532 0.0321054 0.159133 0.560112
3 0.838965 0.60205 0.126239 0.158629 0.505404
0 0.234505 0.160402 0.0240744 0.15689 0.4058
0 0.118075 0.343255 0.0320389 0.157749 0.403116
0 0.323544 0.973633 0.0457721 0.0527344 0.367044
0 0.856939 0.7017 0.0260113 0.218806 0.351055
0 0.2592 0.153189 0.0382162 0.166652 0.346206
0 0.158893 0.192783 0.0315727 0.150431 0.342129
3 0.702201 0.195338 0.0980434 0.0984708 0.314322
0 0.615567 0.49073 0.0314869 0.105623 0.276943
0 0.69536 0.0850886 0.040773 0.164056 0.274172
0 0.198321 0.180796 0.0295822 0.158818 0.266783
3 0.814039 0.617308 0.0781971 0.12486 0.26646
0 0.38241 0.0580024 0.0242265 0.11476 0.256976
0 0.129918 0.201464 0.0293085 0.139527 0.256743
