2 0.69141 0.409063 0.138464 0.237271 0.907427
0 0.228844 0.430208 0.0454291 0.206689 0.849708
0 0.915922 0.52002 0.0380253 0.194421 0.836531
0 0.0723151 0.623173 0.0422815 0.226349 0.806002
0 0.0196601 0.839351 0.0392739 0.233305 0.724268
0 0.22391 0.943421 0.0509718 0.113158 0.710006
0 0.544851 0.239092 0.032432 0.169044 0.693355
0 0.982881 0.343512 0.0325672 0.17537 0.691811
0 0.64624 0.95511 0.0418182 0.0897807 0.663361
0 0.280736 0.255908 0.0332769 0.176023 0.647451
0 0.733536 0.642316 0.0555628 0.229701 0.640487
0 0.787652 0.29138 0.0318967 0.175856 0.616446
0 0.427312 0.217789 0.0321932 0.164716 0.586331
0 0.197356 0.17305 0.033556 0.165883 0.519857
0 0.478803 0.261518 0.0296944 0.165155 0.457459
0 0.270215 0.249089 0.0317963 0.163279 0.455332
0 0.462036 0.22126 0.0260049 0.159075 0.453672
0 0.788258 0.0990796 0.0284737 0.0678366 0.400661
0 0.161361 0.183358 0.0279355 0.167169 0.39182
0 0.728592 0.269132 0.03298 0.123435 0.363467
0 0.727801 0.634609 0.0414783 0.212744 0.362663
3 0.836726 0.608028 0.129753 0.156406 0.318973
0 0.102795 0.413238 0.0338229 0.187348 0.273893
0 0.375411 0.254748 0.0362817 0.131525 0.252924
