0 0.916018 0.517632 0.0425632 0.189012 0.834217
2 0.69132 0.410446 0.138885 0.233402 0.827424
0 0.615272 0.654373 0.0442984 0.227444 0.823052
0 0.503142 0.329053 0.0320503 0.185204 0.815122
0 0.216091 0.931762 0.0502309 0.135416 0.775356
0 0.848746 0.657849 0.051156 0.212932 0.774406
0 0.172397 0.566025 0.0363879 0.183985 0.74789
0 0.457061 0.328599 0.0305734 0.178194 0.739884
0 0.902601 0.2572 0.0358418 0.16021 0.732405
0 0.909577 0.735404 0.04226 0.215687 0.685038
0 0.27475 0.368614 0.0323035 0.170263 0.672929
0 0.21051 0.3784 0.038337 0.182725 0.672783
0 0.975314 0.303832 0.0327309 0.170645 0.660683
0 0.486607 0.938001 0.0315807 0.123997 0.656925
0 0.218159 0.566835 0.0430121 0.207581 0.617899
0 0.168797 0.376776 0.0319758 0.172983 0.569724
0 0.321146 0.614749 0.0376837 0.222888 0.569145
0 0.783233 0.259629 0.0350922 0.138261 0.533628
0 0.667199 0.209739 0.033593 0.160936 0.448662
0 0.135636 0.20435 0.0289867 0.145778 0.390984
0 0.161801 0.191273 0.0273993 0.152647 0.379767
