2 0.691387 0.409763 0.139159 0.236457 0.860634
0 0.13923 0.772895 0.0493556 0.246232 0.84723
0 0.44318 0.662914 0.047714 0.229809 0.829718
0 0.185206 0.794981 0.0432131 0.233623 0.827155
0 0.535458 0.711957 0.0433692 0.207814 0.80242
0 0.25364 0.250229 0.0372049 0.171104 0.788347
0 0.497094 0.702076 0.0440544 0.229954 0.784368
0 0.912597 0.519621 0.0435665 0.191746 0.704427
0 0.953232 0.426729 0.0421604 0.187101 0.6917
0 0.552496 0.929606 0.0403467 0.140787 0.690759
0 0.535496 0.0664322 0.0293921 0.131522 0.68626
0 0.86878 0.400976 0.0314501 0.175084 0.638594
0 0.916247 0.241254 0.0324783 0.147758 0.57888
0 0.431378 0.211257 0.0265056 0.166121 0.528272
0 0.875465 0.114652 0.0288078 0.149123 0.512718
0 0.202472 0.18076 0.0354034 0.157912 0.500241
0 0.500428 0.0660455 0.0287855 0.132091 0.495569
3 0.700793 0.194694 0.102115 0.103333 0.45855
0 0.821237 0.65449 0.0378794 0.21302 0.457401
0 0.24701 0.1064 0.0326277 0.150389 0.422755
0 0.943035 0.221506 0.0265217 0.165881 0.385461
0 0.337291 0.78211 0.0315903 0.139415 0.343497
3 0.794101 0.601413 0.0410067 0.122438 0.307104
1 0.703081 0.198257 0.0972488 0.0971819 0.294593
0 0.696233 0.0836601 0.0415731 0.163286 0.292626
0 0.902847 0.11774 0.0253738 0.120391 0.29079
0 0.0809878 0.411611 0.0255238 0.15434 0.29076
58 0.809651 0.283283 0.0532448 0.0842181 0.277951
