2 0.691316 0.409666 0.139244 0.236244 0.833546
0 0.915496 0.518753 0.0396179 0.196094 0.805316
0 0.864343 0.274409 0.0364376 0.174131 0.789996
0 0.788195 0.0659511 0.0317287 0.1306 0.781586
0 0.196968 0.365076 0.0343749 0.181463 0.766989
0 0.194023 0.958701 0.0501187 0.0825974 0.753687
0 0.601054 0.92697 0.044586 0.14606 0.730979
0 0.300473 0.60995 0.0411553 0.218728 0.692261
0 0.516558 0.933458 0.0307183 0.133084 0.682436
0 0.843849 0.659008 0.0573406 0.212112 0.520475
0 0.435804 0.213615 0.0277212 0.160981 0.509427
0 0.645762 0.9342 0.043033 0.130874 0.506637
0 0.817858 0.958943 0.0456532 0.0821138 0.492652
0 0.775601 0.969802 0.0358095 0.0603963 0.471655
0 0.202327 0.174438 0.0326007 0.16876 0.42655
0 0.162569 0.196505 0.0323006 0.156064 0.408729
58 0.809763 0.309999 0.0537067 0.138102 0.395392
3 0.841267 0.598384 0.125888 0.150625 0.391253
0 0.115028 0.314958 0.0297251 0.1742 0.38635
3 0.701049 0.194301 0.101003 0.101126 0.373251
0 0.144402 0.321785 0.0365315 0.156897 0.365223
0 0.638264 0.932269 0.031918 0.135462 0.331373
0 0.410018 0.121946 0.0329439 0.154504 0.316523
1 0.702946 0.196703 0.0976368 0.0981849 0.258437
