0 0.209933 0.91858 0.0538219 0.162839 0.873165
2 0.691575 0.409434 0.138825 0.235108 0.841937
0 0.915614 0.519593 0.0416454 0.195162 0.83595
0 0.622128 0.67744 0.044495 0.227628 0.818712
0 0.498853 0.341894 0.0331505 0.182717 0.782881
0 0.848427 0.657429 0.0523918 0.212003 0.752104
0 0.455415 0.34706 0.0340094 0.182249 0.744352
0 0.173442 0.552917 0.0398396 0.191021 0.725228
0 0.896747 0.235245 0.030521 0.145147 0.724696
0 0.488536 0.939081 0.0323762 0.121837 0.692426
0 0.968172 0.286281 0.0326218 0.167389 0.683017
0 0.218932 0.544342 0.0428499 0.209782 0.630195
0 0.927839 0.739833 0.0508991 0.243803 0.581329
0 0.327811 0.622341 0.0438356 0.222037 0.579982
0 0.274863 0.352601 0.0309949 0.167752 0.528851
0 0.221234 0.356982 0.0453721 0.178153 0.511319
0 0.17135 0.363385 0.0369184 0.177754 0.495259
0 0.779266 0.243939 0.0305695 0.14059 0.419919
0 0.657085 0.223262 0.0281436 0.146461 0.416993
0 0.161875 0.190333 0.0288359 0.151006 0.288123
0 0.134804 0.201564 0.0286459 0.145195 0.263098
3 0.718609 0.197 0.065601 0.085857 0.250113
