0 0.687531 0.877335 0.0496702 0.23988 0.863412
2 0.691359 0.40908 0.139048 0.235523 0.834219
0 0.914706 0.518408 0.0389057 0.192617 0.813603
0 0.510427 0.461069 0.0408466 0.205503 0.809041
0 0.184169 0.790739 0.0436891 0.233226 0.80026
0 0.465666 0.469806 0.0326158 0.196951 0.797067
0 0.491621 0.941221 0.0401104 0.117559 0.786985
0 0.855746 0.144963 0.0288979 0.145438 0.762338
0 0.600615 0.119279 0.0291367 0.148912 0.703622
0 0.225512 0.435113 0.0393506 0.194358 0.702423
0 0.914435 0.179823 0.025288 0.160416 0.702126
0 0.934525 0.73608 0.0413376 0.222341 0.701176
0 0.190452 0.442752 0.032714 0.175936 0.692844
0 0.847419 0.65767 0.04893 0.210218 0.690456
0 0.434475 0.208353 0.0319054 0.160417 0.42397
0 0.183167 0.241003 0.0411343 0.177206 0.412011
0 0.695151 0.0869672 0.0433001 0.170472 0.387868
0 0.25376 0.277676 0.0315982 0.186398 0.34056
1 0.70323 0.196003 0.0959429 0.101317 0.337913
0 0.205579 0.276137 0.0272633 0.150588 0.311342
0 0.137573 0.190448 0.0281259 0.16317 0.30978
58 0.809904 0.292159 0.0525773 0.103144 0.274906
3 0.803411 0.606454 0.0591 0.126562 0.269056
0 0.782811 0.177333 0.0273123 0.145794 0.268925
58 0.345793 0.30396 0.0493811 0.104586 0.263447
