0 0.179733 0.650262 0.0445386 0.230328 0.848904
0 0.255914 0.338482 0.0392087 0.18615 0.824662
0 0.236309 0.659939 0.0356431 0.21293 0.790942
0 0.537745 0.104469 0.0306564 0.144318 0.777474
0 0.532469 0.925496 0.0428278 0.149008 0.750099
0 0.636694 0.542816 0.0407021 0.192437 0.749272
2 0.690704 0.412375 0.138886 0.240376 0.737887
0 0.915878 0.517986 0.0380293 0.196411 0.735348
0 0.468947 0.593523 0.0402348 0.208155 0.731112
0 0.873527 0.119416 0.0326139 0.15338 0.720246
0 0.505177 0.60123 0.0363359 0.198572 0.694776
0 0.509104 0.0969675 0.0289156 0.14832 0.663361
0 0.428318 0.217478 0.0314748 0.159824 0.620766
0 0.260305 0.150904 0.0391193 0.172133 0.618068
0 0.857164 0.688156 0.0371979 0.213156 0.598768
0 0.462885 0.582966 0.0498039 0.198525 0.56502
0 0.936762 0.1725 0.0305985 0.184042 0.545519
0 0.941049 0.163811 0.0370567 0.205894 0.413494
0 0.232556 0.165037 0.0234752 0.154656 0.412659
3 0.839001 0.596727 0.127898 0.166837 0.411084
0 0.386187 0.0651442 0.0248082 0.130288 0.396943
3 0.701217 0.19495 0.10009 0.099574 0.362129
0 0.160865 0.19455 0.0300088 0.143193 0.36062
0 0.695168 0.0850469 0.0417971 0.165291 0.335814
0 0.129241 0.202043 0.0311466 0.148112 0.29275
58 0.8096 0.285531 0.0529556 0.0879443 0.28034
0 0.444924 0.0599829 0.0324689 0.117765 0.255444
