0 0.239303 0.386642 0.0424855 0.209339 0.885643
2 0.691493 0.410151 0.138433 0.237924 0.879376
0 0.0321538 0.74635 0.0357404 0.204792 0.842973
0 0.916244 0.519807 0.0378677 0.194155 0.83932
0 0.231117 0.885137 0.0506106 0.229726 0.834493
0 0.0714861 0.622418 0.0402862 0.228949 0.778757
0 0.733288 0.645009 0.0525837 0.2243 0.711872
0 0.624266 0.937833 0.0382018 0.124333 0.711315
0 0.284288 0.29338 0.0410138 0.186577 0.682565
0 0.63258 0.223568 0.04991 0.154821 0.671061
0 0.517556 0.269134 0.0324138 0.1756 0.64709
0 0.743738 0.263855 0.0305759 0.169002 0.520018
0 0.264315 0.209193 0.0276283 0.174469 0.482022
3 0.836802 0.609171 0.128712 0.155281 0.465245
0 0.376904 0.259903 0.0390748 0.175973 0.457548
0 0.768493 0.254176 0.0285891 0.151089 0.421477
0 0.4404 0.261497 0.0278746 0.16306 0.401963
0 0.788041 0.0997373 0.0279612 0.068101 0.39936
0 0.465762 0.272804 0.0288706 0.145061 0.386672
0 0.199127 0.177144 0.0329032 0.159727 0.381116
0 0.16762 0.191225 0.0286514 0.157054 0.3345
0 0.0708211 0.428565 0.0300128 0.130651 0.291775
0 0.676768 0.232775 0.0352352 0.127288 0.257738
0 0.426383 0.228485 0.031259 0.18244 0.255463
