2 0.691461 0.41083 0.138736 0.236839 0.842707
0 0.916102 0.519639 0.0382244 0.193875 0.827178
0 0.548151 0.129137 0.03183 0.151231 0.803816
0 0.214129 0.582873 0.0418023 0.212896 0.784561
0 0.26154 0.602339 0.0346236 0.20898 0.743323
0 0.288711 0.931973 0.0543106 0.136053 0.727291
0 0.562744 0.485814 0.0376648 0.176172 0.724934
0 0.300122 0.642939 0.0427393 0.218501 0.723335
0 0.84207 0.694437 0.0441174 0.23111 0.722772
0 0.520489 0.926247 0.0392477 0.145755 0.721903
0 0.246269 0.39381 0.0370168 0.193525 0.693856
0 0.860073 0.0741018 0.0285196 0.144605 0.67001
0 0.494363 0.543517 0.037495 0.189869 0.653824
0 0.46033 0.543202 0.0346899 0.201273 0.626797
0 0.512645 0.121935 0.0321148 0.157257 0.622494
0 0.927518 0.155906 0.0283976 0.152872 0.598723
0 0.260118 0.971215 0.0457573 0.05757 0.569721
0 0.249233 0.166714 0.0336652 0.173363 0.472027
0 0.95844 0.522518 0.034491 0.196253 0.459445
0 0.428824 0.219104 0.030661 0.156061 0.450416
1 0.70349 0.198958 0.0966068 0.0972019 0.392995
0 0.695259 0.0872492 0.0419477 0.168972 0.334514
58 0.809259 0.288015 0.052816 0.0921457 0.32901
0 0.450983 0.0465691 0.0252749 0.092406 0.30246
3 0.701129 0.19496 0.101452 0.10563 0.292691
0 0.497645 0.0764055 0.0306373 0.151183 0.271804
1 0.875503 0.632371 0.0485367 0.10421 0.254873
