2 0.691408 0.409559 0.138819 0.235721 0.89717
0 0.239383 0.351347 0.0417406 0.198778 0.844251
0 0.916259 0.520021 0.0382208 0.19454 0.838628
0 0.226814 0.815373 0.0533126 0.250159 0.837293
0 0.578509 0.928666 0.0425109 0.142667 0.777445
0 0.569708 0.208454 0.0451626 0.162464 0.750447
0 0.0721333 0.618049 0.0405556 0.222416 0.731736
0 0.292523 0.331452 0.029964 0.188586 0.721962
0 0.734256 0.647365 0.0540963 0.224283 0.70972
0 0.442411 0.308803 0.0326231 0.157718 0.615999
0 0.315667 0.314898 0.027622 0.175704 0.608534
0 0.638521 0.22674 0.0301704 0.146989 0.57439
0 0.198312 0.174161 0.0333502 0.164893 0.554645
0 0.481054 0.277599 0.0289575 0.165768 0.554387
0 0.418016 0.303951 0.0283372 0.164684 0.529837
3 0.836811 0.608479 0.127541 0.155217 0.514496
0 0.163387 0.192373 0.0280648 0.151631 0.4973
0 0.709099 0.243695 0.0472111 0.14876 0.464779
0 0.340284 0.770148 0.0263278 0.142371 0.424161
0 0.788003 0.097382 0.02708 0.0711238 0.30725
0 0.373816 0.288712 0.0360399 0.184466 0.306192
0 0.426731 0.19379 0.0294062 0.111595 0.29775
0 0.126951 0.189804 0.0275356 0.131731 0.270473
58 0.809252 0.290264 0.0535603 0.0977303 0.269784
