2 0.691465 0.411441 0.139365 0.239419 0.825878
0 0.915338 0.519625 0.0411337 0.19875 0.812073
0 0.283096 0.608767 0.0488399 0.216988 0.811257
0 0.861733 0.261522 0.0337175 0.169586 0.785691
0 0.193067 0.38362 0.036525 0.194346 0.775443
0 0.787672 0.0677965 0.0302313 0.13192 0.704939
0 0.501633 0.928905 0.0316271 0.14219 0.68591
0 0.435933 0.214347 0.0280596 0.163913 0.659284
0 0.611758 0.940588 0.0584042 0.118825 0.631805
0 0.800642 0.938865 0.0503006 0.12227 0.587006
0 0.201033 0.170614 0.0322984 0.176553 0.547523
0 0.12463 0.310723 0.0308425 0.164232 0.540843
0 0.84394 0.659403 0.0564859 0.211173 0.514664
0 0.160396 0.201077 0.0351888 0.193222 0.503721
0 0.252568 0.168941 0.0268855 0.160189 0.477025
0 0.193011 0.976134 0.0408963 0.0477324 0.445068
0 0.75759 0.953324 0.0401684 0.0933522 0.43411
0 0.232969 0.179832 0.0198971 0.132697 0.41088
0 0.305626 0.186799 0.0305934 0.148824 0.375849
3 0.701283 0.194563 0.10038 0.105096 0.366951
58 0.81011 0.31124 0.0536009 0.140775 0.359528
0 0.376083 0.261105 0.0396132 0.128589 0.357189
0 0.644043 0.946637 0.0382587 0.106727 0.338634
26 0.149798 0.289034 0.0271515 0.0764896 0.326406
3 0.84066 0.599187 0.126943 0.150696 0.309898
0 0.854883 0.660127 0.0354174 0.208016 0.306202
1 0.702908 0.196574 0.0972841 0.100309 0.284841
58 0.345886 0.306823 0.0490633 0.105651 0.275605
26 0.150497 0.302777 0.0268503 0.0479196 0.274661
