0 0.916041 0.522039 0.0383635 0.196344 0.851865
2 0.691419 0.411384 0.139346 0.23704 0.848274
0 0.241247 0.604356 0.0662428 0.324058 0.81782
0 0.229064 0.93612 0.0502153 0.116951 0.740236
0 0.498444 0.10069 0.0309201 0.157135 0.728595
0 0.525594 0.142674 0.0293232 0.159041 0.715594
0 0.912259 0.132546 0.0286266 0.136216 0.714977
0 0.824595 0.682559 0.0427523 0.221546 0.696223
0 0.510701 0.925857 0.0325241 0.14364 0.695625
0 0.254379 0.870862 0.0568073 0.142615 0.694028
0 0.13385 0.406248 0.0318165 0.166768 0.664392
0 0.280052 0.560848 0.0362018 0.204816 0.662314
0 0.517777 0.456155 0.0302307 0.181596 0.646418
0 0.460178 0.514998 0.0393362 0.195979 0.637989
0 0.553849 0.142033 0.0264189 0.149465 0.620622
0 0.250003 0.185136 0.0371516 0.175619 0.609125
0 0.487263 0.516791 0.0301291 0.18533 0.559164
0 0.237585 0.406322 0.0417404 0.1455 0.506652
0 0.429011 0.219617 0.0292669 0.154048 0.504385
1 0.864086 0.632968 0.04711 0.101909 0.431798
0 0.764234 0.0546024 0.0312382 0.109117 0.346424
26 0.440209 0.548553 0.0179449 0.0448146 0.337934
0 0.971123 0.552683 0.0413876 0.175612 0.327642
0 0.16135 0.179711 0.0312535 0.193036 0.292603
0 0.205334 0.175662 0.0330991 0.161417 0.283697
1 0.871414 0.628981 0.0581776 0.111775 0.274422
3 0.838325 0.595199 0.127185 0.158906 0.260412
